time	200	160	128	102.4	81.92	65.536	52.4288	41.94304	33.554432	26.8435456	21.47483648	17.179869184
0	1734	1250	801	1056	589	427	273	228	186	146	123	97
1	1794	1505	621	659	657	468	318	236	219	172	137	102
2	2692	1391	1276	755	620	497	353	284	209	175	137	107
3	2129	1401	972	1106	831	571	411	279	239	185	152	112
4	2698	1596	1312	1254	926	627	463	332	259	204	154	116
5	3211	1903	1781	1478	1192	573	511	356	304	226	184	124
6	2855	2826	2462	1034	1302	710	558	400	283	259	184	130
7	3461	2956	2246	1223	1083	818	625	425	305	257	214	136
8	4114	2966	3030	1394	1547	873	706	499	330	300	227	156
9	4921	3923	2230	2052	1119	935	775	543	379	322	236	149
10	4732	5099	2943	2103	1728	1036	848	600	417	347	239	157
11	4990	4125	2510	1735	1763	1132	936	604	426	351	266	163
12	7246	4343	2217	2138	1456	1157	1020	663	463	401	270	155
13	6390	4696	3283	2518	1703	1293	1125	705	474	391	305	184
14	6772	5944	2774	2401	1737	1319	1159	760	417	461	304	194
15	7503	5707	4293	3781	1953	1478	1286	825	544	464	338	190
16	8407	6925	4595	3154	2460	1529	1356	857	518	498	334	206
17	8289	6913	4030	3150	2469	1633	1459	889	594	500	391	194
18	8991	7530	4696	3235	2175	1763	1573	949	613	558	378	232
19	8873	7438	4791	4143	2538	1791	1616	1008	668	591	392	220
20	9653	8127	5437	3697	2779	1964	1687	1117	630	620	428	230
21	9816	8632	5591	3807	3160	1998	1772	1133	606	640	445	246
22	9829	8220	7085	4379	3025	2136	1865	1209	755	678	476	263
23	9909	7595	5597	4257	3052	2197	1942	1279	786	676	478	267
24	9792	8032	6844	4609	3217	2425	2020	1352	804	722	491	290
25	9953	7999	5846	4622	3439	2421	2093	1344	871	744	528	293
26	9470	8280	7457	5394	3285	2596	2202	1398	916	789	548	305
27	9455	8306	6438	4526	3388	2524	2281	1421	959	806	573	317
28	9757	8282	7049	4761	3552	2746	2270	1410	973	843	586	312
29	10002	8119	7506	4970	3709	2717	2387	1607	1016	881	644	339
30	10097	8603	6428	5124	4102	2861	2418	1626	1038	906	670	349
31	10012	8524	7565	5223	3917	2901	2565	1676	1106	934	679	343
32	9953	8846	7448	5340	3927	3011	2588	1777	1071	972	609	361
33	10349	8580	6722	5304	4249	3193	2644	1788	1188	1006	728	378
34	9993	8415	7173	5135	4216	3261	2775	1833	1199	1017	730	385
35	10235	8356	7590	5372	4141	3285	2768	1891	1264	1062	756	416
36	10280	8153	7332	5288	4272	3307	2786	1866	1297	1116	817	446
37	10378	8392	7240	5685	4281	3544	2878	1979	1332	1132	851	446
38	10344	8519	7885	5389	4732	3667	2916	2020	1404	1151	884	478
39	9954	8071	7994	5313	4333	3648	2958	2062	1399	1194	886	503
40	9809	8196	7717	5428	4342	3710	3074	2141	1203	1196	932	495
41	9920	8061	7827	5487	4447	3707	3131	2178	1501	1280	891	520
42	10104	8232	7698	5557	4539	3895	3159	2337	1531	1286	758	556
43	9643	8147	7487	5464	4607	3821	3189	2181	1555	1319	916	542
44	9897	8494	6967	5673	5060	3924	3193	2298	1660	1368	773	588
45	9997	8417	7259	5478	4525	3924	3267	2268	1614	1399	1036	561
46	10118	8263	8920	5694	4629	3993	3385	2316	1678	1372	1098	616
47	9839	8711	8511	5874	5086	4091	3255	2402	1751	1474	1128	622
48	9562	8235	7671	5760	4501	4027	3413	2385	1713	1440	1157	644
49	9384	8728	7606	5912	4722	4152	3414	2458	1786	1526	1166	634
50	9317	8630	7856	5933	4885	4169	3425	2412	1790	1486	1189	672
51	9601	8739	8049	6065	4498	4215	3441	2534	1802	1555	1188	680
52	10516	8439	7429	5951	4564	4162	3440	2597	1882	1547	1216	690
53	10250	8881	7704	5787	4872	4285	3487	2630	1860	1570	1222	703
54	9944	8631	7667	6086	4796	4416	3565	2610	1954	1659	1262	715
55	9928	8205	7955	6146	4962	4446	3612	2596	2044	1703	1342	714
56	9725	8348	8472	5911	4918	4424	3580	2628	1995	1681	1187	749
57	9396	8391	8444	5672	4687	4305	3619	2598	2032	1696	1040	753
58	9901	8195	7553	5663	4646	4358	3704	2670	2021	1738	1366	751
59	9861	8782	8217	5976	4849	4543	3675	2708	2161	1794	1237	783
60	9786	8121	7972	6002	4798	4433	3682	2712	2039	1736	1100	781
61	9388	8396	7815	6291	4656	4489	3729	2764	2089	1746	1102	819
62	9448	8424	8225	6046	4800	4462	3711	2633	2123	1767	1348	803
63	10298	8510	8134	6180	4892	4567	3741	2757	2167	1854	1186	840
64	9883	8247	8342	6098	4756	4584	3686	2665	2179	1852	1192	818
65	9538	8732	7471	6288	4793	4577	3808	2783	2286	1888	1378	867
66	9414	8364	8221	5801	4957	4572	3787	2716	2257	1853	1395	860
67	9401	8505	7994	6124	4831	4525	3822	2816	2269	1877	1281	856
68	9996	8035	7767	6075	4987	4582	3698	2831	2235	1900	1268	922
69	9438	8274	7994	6412	4841	4619	3884	2803	2305	1886	1392	878
70	9891	8477	7990	6229	5041	4551	3865	2857	2239	1920	1424	890
71	10235	9176	8132	6057	5154	4631	3848	2852	2310	1963	1427	967
72	9977	8845	7217	5846	4917	4587	3849	2747	2296	1929	1402	910
73	10680	8129	7990	6154	5099	4705	3840	2743	2377	1941	1424	995
74	10032	8155	7353	6271	4972	4671	3881	2822	2454	1993	1462	967
75	9812	8347	7477	5970	4867	4657	3871	2828	2343	2006	1458	986
76	9849	8298	7400	6153	4783	4651	3853	2894	2395	1964	1469	992
77	10403	8374	7699	5953	4902	4591	3828	2869	2404	1989	1527	992
78	10140	8575	7998	5942	4947	4674	3925	2812	2377	2040	1479	1027
79	10439	8296	8312	6177	4908	4635	3928	2804	2385	2063	1525	1027
80	9978	8133	7660	6191	4907	4688	3943	2845	2425	2086	1522	1127
81	9905	8249	7471	6175	4948	4824	3900	2867	2475	2104	1593	1188
82	10620	8166	8258	6007	4976	4817	3937	2911	2450	2081	1566	1177
83	9422	8107	7458	6005	5012	4696	3935	2870	2469	2058	1547	1161
84	9695	7881	7426	6168	5058	4686	3930	2811	2419	2050	1565	1151
85	9834	8372	7101	6133	5046	4795	3879	2884	2533	2155	1602	1230
86	9377	8517	6577	5904	4790	4696	3856	2823	2456	2101	1602	1208
87	9638	8452	6735	5959	4910	4772	3832	2794	2477	2120	1596	1159
88	9269	8736	6804	5862	4931	4786	3886	2778	2521	2103	1577	1173
89	10025	8495	7073	6050	4978	4876	3925	2956	2563	2146	1653	1242
90	9473	8755	7146	5990	4914	4779	3938	2791	2529	2106	1633	1211
91	9460	8552	7303	6022	4917	4896	4007	2833	2495	2104	1622	1229
92	9605	8313	7890	6012	4861	4785	4030	2857	2545	2142	1650	1200
93	9426	8412	7566	5973	4815	4712	4005	2867	2547	2127	1665	1227
94	9184	8588	7276	6016	4821	4757	3844	2857	2588	2157	1636	1241
95	9720	8356	7616	6314	4998	4874	3939	2947	2587	2193	1677	1253
96	9510	8137	7152	6009	4981	4841	3994	2877	2556	2166	1637	1257
97	9323	8089	6880	6122	4978	4773	3964	2902	2552	2169	1685	1239
98	9375	8589	6607	6382	4909	4838	3920	2826	2587	2119	1655	1267
99	9168	8696	6972	6359	4899	4835	4023	2737	2541	2151	1674	1290
100	9484	8649	7195	6381	5008	4926	3987	2898	2673	2247	1712	1271
101	9346	8622	7535	6404	5110	4897	3954	2946	2680	2172	1690	1297
102	9314	8087	8008	6336	4955	4867	3999	2861	2639	2175	1670	1236
103	9016	8115	6916	6072	4911	4800	4082	2925	2646	2163	1763	1269
104	8976	8593	7015	6117	4940	4878	3984	2789	2680	2205	1716	1267
105	9375	8472	7394	6263	4995	4938	3992	2893	2623	2193	1729	1257
106	9526	7994	7564	6212	4848	4779	3923	2901	2591	2199	1726	1255
107	9912	8612	7455	6202	4966	4954	4006	2983	2670	2305	1735	1281
108	10220	8255	7908	6429	5083	4933	3966	2918	2656	2265	1786	1311
109	10166	8454	6765	6343	5046	4903	3951	2900	2722	2280	1712	1264
110	10102	8186	7270	6145	4922	4864	3995	2896	2646	2197	1737	1262
111	9482	8280	7113	6190	4938	4835	3940	2916	2598	2219	1761	1297
112	9375	8496	7820	6132	4956	4807	3985	2809	2643	2234	1737	1259
113	9410	8379	7045	6322	4999	4970	3971	2921	2692	2268	1813	1273
114	9115	8373	7020	6286	4909	4896	3991	2782	2637	2216	1803	1271
115	9127	8727	7140	6195	4948	4915	3969	2856	2668	2207	1813	1270
116	9701	8815	7600	6287	5068	5056	3967	2802	2732	2340	1842	1268
117	9253	8850	7401	6294	4915	4927	3946	2889	2630	2208	1762	1289
118	9613	8633	6906	6337	5022	5042	3970	2840	2743	2298	1833	1258
119	9418	8792	7008	6266	5042	5114	3951	2816	2723	2297	1794	1279
120	9762	8874	7064	6504	5084	5045	3934	2912	2720	2253	1874	1320
121	9174	9054	7243	6348	5008	4870	3998	2933	2642	2178	1770	1280
122	9156	8971	7352	6275	4874	4946	3939	2795	2706	2211	1793	1255
123	9586	8913	8195	6415	5073	5026	3968	2962	2693	2292	1781	1291
124	9184	8843	6937	6362	4989	4990	3962	2876	2652	2276	1748	1230
125	9479	9249	6849	6483	5100	5096	3954	2854	2735	2283	1773	1266
126	9317	8799	7302	6445	4969	4984	4004	2824	2697	2203	1708	1265
127	9477	8797	7657	6419	5093	5095	3990	2883	2732	2313	1703	1234
128	9345	9134	6912	6303	4940	4992	3974	2878	2630	2222	1713	1266
129	9917	9199	7174	6381	5054	5041	3982	2867	2763	2314	1718	1243
130	9460	8864	7308	6401	4958	4925	4037	2897	2686	2305	1703	1258
131	10214	9031	7662	6544	5001	5097	3972	2862	2659	2335	1699	1237
132	9023	8819	6743	6290	4999	5097	3948	2824	2708	2269	1717	1271
133	9275	8676	6861	6267	4999	4998	4006	2863	2700	2312	1704	1272
134	9299	9134	7035	6385	5069	5111	3990	2875	2775	2329	1722	1298
135	9568	9254	7407	6373	5000	5077	3943	2890	2749	2333	1748	1304
136	9636	8946	7768	6488	5049	5075	3980	2824	2746	2338	1793	1250
137	9288	9050	6848	6329	4913	4962	3945	2786	2645	2256	1707	1249
138	8829	8998	6639	6319	4880	5009	3961	2846	2614	2312	1722	1243
139	9168	8952	6793	6493	4968	5073	4009	2816	2689	2312	1748	1277
140	9296	8332	7235	6395	4942	4871	3682	2875	2623	2248	1748	1231
141	8893	8351	6749	6300	5039	4940	3804	2786	2656	2267	1765	1233
142	8809	8444	6605	6362	4964	4994	3786	2853	2660	2275	1758	1259
143	9464	8384	7316	6507	5075	4998	3766	2796	2655	2279	1740	1261
144	9002	8873	7266	6426	4999	4937	3924	2821	2677	2258	1736	1251
145	9285	8811	6787	6322	4915	4827	3964	2887	2656	2279	1717	1289
146	9482	8908	7182	6294	4881	4871	4021	2832	2618	2246	1706	1227
147	9813	8551	7303	6313	5089	5065	4033	2898	2641	2252	1778	1226
148	9631	8787	6915	6504	4923	5013	4050	2845	2701	2282	1782	1275
149	9557	9004	6997	6392	5023	4987	4020	2791	2701	2227	1740	1273
150	9846	8693	7449	6597	5179	5190	3991	2891	2705	2347	1760	1291
151	9263	8713	6853	6468	5078	4983	3986	2804	2659	2209	1776	1275
152	9220	8280	6540	6362	5149	4966	3984	2875	2685	2259	1787	1290
153	10035	8074	6377	6309	4969	4953	3985	2940	2596	2223	1739	1256
154	9049	8092	6755	6305	5080	4975	3979	2925	2642	2264	1768	1234
155	8897	8774	7017	6333	4885	5053	4046	2842	2635	2199	1683	1300
156	9306	8818	8599	6194	4853	5025	4044	3011	2653	2200	1693	1293
157	9254	8776	7714	6269	5406	5029	4065	3000	2626	2207	1784	1248
158	9409	8830	7144	6326	5099	5077	4038	2976	2708	2305	1716	1351
159	8995	8404	7300	6223	4999	4913	4045	2965	2629	2243	1790	1248
160	9382	8645	7092	6350	5042	5092	3973	3024	2650	2307	1705	1289
161	9164	8766	7104	6385	4967	5032	4059	3005	2646	2263	1779	1249
162	9265	8501	7361	6358	5043	5030	4048	2974	2708	2386	1765	1244
163	9278	8465	6811	6352	4999	5003	3995	2942	2644	2256	1808	1270
164	9231	9014	6850	6284	5013	5063	4062	2933	2633	2254	1755	1261
165	9280	8574	6975	6311	4883	4947	4026	2911	2666	2268	1730	1249
166	9472	8453	7103	6330	4917	4971	4015	2941	2657	2294	1781	1261
167	9243	8525	6915	6394	4994	4997	3998	3007	2720	2306	1787	1276
168	9314	8712	6669	6421	5109	5009	3945	2941	2640	2208	1759	1277
169	9791	8252	7023	6338	5032	5071	3973	2931	2692	2259	1757	1282
170	9178	8284	6793	6426	5027	5053	3973	2970	2665	2293	1739	1277
171	9377	8351	6785	6182	5091	5021	3979	2923	2581	2251	1791	1235
172	9227	8417	7153	6257	5063	5018	3994	2849	2610	2325	1753	1248
173	9125	8751	7078	6238	4795	5027	4020	2997	2617	2288	1787	1253
174	9193	8617	7288	6380	4912	4997	4036	2984	2640	2284	1784	1253
175	9323	8404	7285	6469	4971	4895	3999	3036	2571	2258	1786	1254
176	9128	8519	6724	6354	4995	5007	4001	2905	2565	2241	1736	1206
177	9604	8054	6624	6310	4955	4892	4010	2906	2619	2359	1755	1238
178	9419	8232	6666	6264	5013	4899	4052	2916	2626	2280	1758	1295
179	9759	8189	6915	6622	4914	5027	4111	2881	2637	2249	1774	1326
180	9670	8224	7099	6516	5034	5002	4047	3022	2721	2291	1777	1298
181	9488	8457	6919	6583	4957	5032	3858	2849	2656	2347	1784	1317
182	9414	7958	7123	6387	4900	4870	3836	3072	2530	2316	1780	1287
183	9867	8194	6931	6548	4994	4966	3920	3036	2636	2369	1799	1283
184	9380	8048	6692	6385	4809	4901	3805	3025	2505	2254	1766	1280
185	9249	8213	6973	6492	4883	4913	3798	3015	2618	2258	1775	1276
186	9559	8059	7066	6411	4912	4854	3789	2969	2524	2205	1765	1259
187	9479	8087	6946	6527	5099	4885	3794	2944	2527	2302	1755	1244
188	9385	7987	6674	6431	4842	4785	3826	2833	2584	2236	1754	1262
189	9628	8086	6558	6581	4842	4908	3757	2981	2582	2265	1767	1257
190	9183	8143	6767	6486	4916	4894	3873	2969	2668	2288	1754	1272
191	9111	8179	7056	6478	4859	4964	3739	2838	2576	2274	1739	1256
192	9248	8077	7639	6463	4913	4866	3825	2810	2580	2293	1794	1291
193	9015	8138	7397	6549	4900	4927	4005	2790	2616	2245	1737	1256
194	8946	8241	6554	6537	4934	4957	4087	3038	2617	2339	1769	1263
195	8972	8118	6647	6638	4971	4926	3990	2893	2722	2300	1742	1275
196	9204	8138	7025	6509	4881	4818	4022	3011	2624	2254	1731	1232
197	9358	7913	7226	6406	5071	4896	3791	2800	2579	2269	1790	1273
198	9298	7921	6674	6354	4798	4872	3863	2874	2582	2233	1748	1265
199	9303	8539	6790	6378	4914	4922	3821	2845	2613	2260	1716	1257
200	8900	8167	7104	6335	4787	4925	3785	2800	2573	2260	1725	1258
201	9335	8081	6840	6399	4846	4882	3699	2835	2638	2211	1745	1275
202	9171	7950	6634	6324	4787	4902	3754	2892	2599	2220	1719	1241
203	8971	8213	6897	6608	4884	5038	3853	2926	2657	2273	1724	1316
204	9108	8142	7110	6545	4887	4984	3828	3039	2629	2270	1788	1281
205	9279	8298	7414	6324	4985	5031	3763	2838	2616	2211	1705	1286
206	9444	8064	6667	6624	4923	4953	3867	2938	2659	2240	1766	1262
207	9303	7941	6846	6435	4829	4908	3774	2877	2602	2236	1790	1254
208	8894	8207	7290	6404	4789	4951	3964	2861	2622	2223	1738	1247
209	9277	7917	7229	6387	4701	4877	3995	2772	2568	2253	1731	1270
210	9260	7996	6653	6425	4762	4818	3937	2974	2591	2195	1734	1231
211	9227	7786	7004	6368	4832	4758	3801	2798	2524	2199	1739	1259
212	9319	8075	6865	6374	4778	4929	3825	2796	2548	2247	1752	1242
213	9071	8251	6806	6369	4777	4844	3762	2905	2591	2233	1746	1256
214	9046	8214	7162	6445	4727	4944	3926	2709	2540	2264	1735	1262
215	9631	8067	6832	6554	5015	4998	3829	3050	2686	2231	1736	1259
216	9118	8010	7271	6332	4920	4869	3916	2953	2555	2212	1704	1226
217	9306	7961	7022	6437	4836	4848	3775	2943	2510	2146	1754	1209
218	9160	8110	6831	6629	5049	5046	3812	2878	2608	2283	1808	1269
219	9054	7822	7064	6430	4833	4868	3773	2795	2583	2225	1716	1260
220	9016	7915	6876	6561	4828	4843	3969	2922	2603	2231	1757	1210
221	9152	8311	6839	6445	4845	4928	3931	3031	2666	2286	1761	1275
222	8499	7949	6593	6380	4893	4821	3973	2898	2595	2169	1762	1258
223	8837	8023	6660	6432	4904	4875	3770	2871	2568	2174	1750	1209
224	9100	7896	6626	6258	4839	4816	3987	2885	2566	2240	1759	1228
225	8962	8048	6681	6468	4711	4846	3763	2927	2589	2206	1734	1223
226	8892	7979	6904	6413	4853	4719	3887	2939	2608	2214	1708	1245
227	9409	8255	7246	6544	4833	4920	4066	2885	2679	2239	1777	1232
228	9080	8274	6811	6503	4844	4843	3999	2935	2650	2269	1788	1272
229	8825	8096	7177	6378	4741	4778	3787	2862	2585	2193	1757	1231
230	9000	7937	6853	6412	4749	4686	3739	2897	2549	2175	1827	1216
231	9035	7895	6876	6415	4880	4842	3780	2733	2571	2161	1725	1227
232	9248	8030	7132	6353	4918	4813	3753	3043	2566	2178	1737	1269
233	8740	7916	6552	6334	4871	4803	4012	2843	2566	2209	1798	1250
234	8674	7894	7265	6483	4978	4823	3733	2857	2557	2164	1737	1237
235	9018	8153	7298	6489	5258	4865	3746	3015	2545	2194	1764	1282
236	8726	7925	6578	6389	4840	4883	3805	2910	2591	2230	1747	1217
237	8859	8056	6941	6487	4846	4874	3974	2947	2621	2239	1799	1281
238	9112	7900	6674	6387	5008	4808	3749	2980	2514	2153	1720	1244
239	9027	8014	6902	6421	4954	4859	3819	2967	2670	2222	1749	1232
240	8835	7917	6658	6345	4695	4705	3759	2929	2572	2142	1726	1229
241	8496	7915	6641	6399	4713	4718	3824	2923	2546	2213	1740	1244
242	9017	7742	7058	6446	4638	4793	3705	2831	2518	2146	1731	1233
243	9261	7926	6644	6485	4721	4686	3917	2978	2537	2125	1691	1239
244	9041	7814	6724	6333	4656	4704	3728	2874	2508	2092	1748	1239
245	8671	7900	7273	6514	4717	4784	3866	2838	2448	2111	1753	1270
246	8813	7924	7185	6406	4674	4735	4026	2877	2571	2104	1755	1236
247	8799	7957	6804	6424	4594	4746	3821	2899	2489	2152	1717	1236
248	8718	7872	6918	6449	4719	4803	3776	2855	2544	2172	1749	1250
249	8988	8021	6807	6560	4743	4815	3814	2977	2608	2241	1720	1310
250	8892	8028	6842	6613	4623	4703	4054	2774	2519	2172	1719	1243
251	8701	7829	6820	6421	4596	4719	4027	2863	2513	2157	1733	1294
252	8554	8054	6683	6322	4628	4806	3805	2887	2538	2127	1751	1327
253	8623	7803	6829	6436	4732	4655	3907	2846	2541	2109	1689	1314
254	9010	7962	6941	6356	4706	4726	3743	2869	2504	2148	1711	1323
255	9119	7972	7011	6460	4678	4727	4007	2790	2528	2141	1727	1340
256	9261	7943	6545	6453	4759	4626	3851	2773	2517	2147	1706	1280
257	9110	8004	6780	6413	4636	4703	3832	2715	2485	2145	1719	1320
258	8820	8039	6864	6504	4740	4830	3943	2758	2508	2161	1686	1315
259	9062	7929	6912	6538	4729	4780	4023	2817	2517	2132	1708	1291
260	9174	8014	6787	6436	4638	4719	3932	2946	2513	2137	1694	1320
261	9226	8025	6693	6439	4689	4799	3934	2754	2605	2121	1751	1313
262	8982	8132	6629	6520	4904	4843	4007	2791	2517	2175	1783	1376
263	9032	8216	7364	6409	4656	4737	3979	2869	2509	2097	1757	1291
264	9038	8048	7094	6298	4634	4763	3893	2748	2512	2160	1757	1280
265	9066	7806	6611	6396	4660	4752	3930	2825	2563	2156	1745	1281
266	9086	7927	7500	6463	4620	4740	3927	2697	2497	2078	1689	1263
267	9054	8147	6740	6497	4714	4758	4018	2918	2562	2099	1741	1358
268	9100	7879	7634	6448	4684	4597	3772	2837	2539	2110	1685	1304
269	8953	7892	6815	6480	4730	4747	3763	2806	2528	2103	1704	1270
270	9072	8035	7429	6785	4789	4909	4033	2896	2588	2245	1716	1309
271	9088	7895	7086	6523	4851	4711	3880	2873	2541	1979	1725	1282
272	8855	7997	6612	6492	4828	4653	3718	2737	2525	2004	1708	1300
273	8431	7854	6715	6457	4694	4620	3676	2788	2518	1952	1707	1316
274	8957	7776	7063	6650	4782	4832	3973	2770	2586	2104	1767	1337
275	8599	7937	6640	6519	4734	4667	3684	2984	2504	2046	1696	1287
276	8854	8014	7122	6524	4779	4775	3754	2938	2596	2205	1677	1322
277	8912	7831	7181	6431	4684	4658	3911	2891	2545	2068	1705	1320
278	8849	8063	6664	6464	4756	4750	3739	2832	2572	2093	1699	1305
279	8616	7885	7048	6586	4756	4851	3757	2905	2600	2132	1735	1312
280	8647	7986	6780	6615	4823	4810	3928	2934	2528	2171	1738	1337
281	8613	7785	6961	6446	4662	4656	3739	2852	2521	2028	1692	1323
282	8538	7700	6697	6418	4626	4716	3761	2820	2466	2075	1684	1319
283	8627	7811	7075	6483	4732	4792	4064	2947	2494	2113	1738	1317
284	8731	7880	6797	6492	4638	4669	3731	2776	2460	1907	1705	1292
285	8711	7737	7041	6508	4617	4576	3936	2717	2545	2135	1661	1303
286	8586	7764	6761	6474	4734	4559	3652	2730	2474	2075	1719	1277
287	8734	7947	7099	6517	4730	4607	3780	2775	2515	2083	1696	1289
288	8768	8063	6571	6443	4750	4607	3903	2696	2519	2008	1687	1300
289	8520	7976	7254	6493	5120	4679	3929	2703	2517	1956	1716	1313
290	9029	8165	6844	6513	4954	4724	3812	2793	2539	2021	1725	1291
291	8626	8204	7480	6528	4812	4703	3784	2792	2547	2140	1697	1315
292	8584	7695	6660	6424	4667	4568	3905	2693	2541	2178	1718	1279
293	9031	8053	7039	6457	4875	4612	3879	2881	2569	1973	1741	1292
294	8629	7742	7260	6389	4604	4541	3709	2832	2483	2058	1684	1268
295	8586	7782	6915	6471	4628	4643	3614	2825	2510	2073	1703	1280
296	8820	7903	7562	6336	4781	4590	3776	2849	2490	2103	1721	1261
297	8740	7889	6895	6409	4762	4519	3787	2786	2518	2093	1689	1240
298	8700	7915	7441	6555	4775	4554	3812	2839	2569	2104	1684	1297
299	8339	7930	6885	6336	4640	4525	3787	2730	2555	1926	1680	1285
300	8639	8035	6786	6397	4681	4565	3817	2792	2561	1929	1680	1309
301	8483	7751	6926	6388	4618	4596	3757	2732	2537	2097	1696	1284
302	8636	7851	6758	6324	4825	4567	3908	2887	2498	1985	1692	1265
303	8699	7764	7089	6324	4903	4588	3655	2807	2529	2088	1674	1271
304	8777	7806	6842	6392	4891	4671	3721	2811	2469	2124	1650	1290
305	8489	7864	7309	6356	4847	4591	3669	2780	2537	2127	1687	1271
306	8786	7904	6823	6285	4965	4480	3738	2944	2530	2147	1678	1271
307	8597	7712	6821	6420	4778	4605	3716	2885	2515	2118	1688	1293
308	8651	7841	7117	6303	4848	4587	3607	2912	2524	2082	1749	1289
309	8719	8030	6826	6247	4733	4619	3797	2756	2462	2156	1679	1280
310	8563	8049	7044	6348	4802	4554	3739	2827	2472	2083	1639	1280
311	8534	7838	6611	6355	4871	4569	3798	2849	2463	1955	1715	1320
312	8261	8026	7256	6498	4923	4752	3914	2818	2544	2006	1702	1308
313	8470	7869	6872	6475	4948	4669	3747	2808	2527	2002	1706	1299
314	9175	7946	7116	6426	4791	4671	3697	2674	2488	1960	1672	1280
315	8601	7700	6716	6269	4725	4607	3996	2667	2492	2101	1667	1270
316	8427	7769	7090	6407	4949	4478	3625	2701	2484	2122	1656	1295
317	8760	7813	6833	6344	5170	4620	3633	2828	2515	2066	1651	1285
318	8237	7808	6999	6449	4830	4684	3622	2830	2528	2114	1605	1268
319	8072	7827	6749	6469	4836	4671	3628	2866	2522	2106	1644	1284
320	8646	7849	7439	6363	4920	4613	3623	2663	2476	2094	1639	1249
321	8578	7809	7236	6249	4972	4464	3916	2652	2411	2147	1629	1261
322	8382	7883	6587	6269	4813	4568	3842	2710	2462	2081	1672	1250
323	8318	7795	6643	6445	4872	4509	3873	2818	2442	1951	1646	1292
324	8072	7735	7000	6407	4967	4496	3642	2787	2418	2103	1617	1244
325	9026	7938	6756	6454	5017	4493	3803	2806	2484	1932	1662	1245
326	8372	7802	7045	6342	4856	4445	3623	2838	2429	1951	1653	1292
327	8427	7895	6993	6376	5033	4616	3670	2768	2468	1980	1618	1293
328	8510	7715	6644	6265	4866	4492	3683	2830	2451	1933	1625	1260
329	8336	7803	7008	6280	4910	4517	3883	2760	2492	1960	1665	1259
330	8409	7844	6755	6346	4890	4547	3774	2722	2523	1970	1626	1297
331	8326	7661	6893	6326	4865	4537	3654	2651	2525	1985	1657	1241
332	8278	7634	6930	6222	4914	4473	3731	2814	2463	2137	1656	1253
333	8219	7783	6922	6365	4959	4564	3772	2839	2460	2157	1656	1263
334	8090	7684	7112	6361	4885	4542	3628	2769	2420	2080	1669	1279
335	8097	7687	6652	6392	4799	4489	3619	2743	2436	1950	1630	1304
336	8716	7861	7109	6385	4862	4578	3648	2803	2504	1992	1666	1272
337	8256	7758	6616	6329	4837	4440	3736	2860	2485	2075	1665	1295
338	8649	7800	6939	6416	4896	4549	3664	2713	2480	2117	1691	1277
339	8754	7675	6647	6291	4753	4497	3526	2630	2440	1886	1637	1254
340	8426	7748	6611	6314	4763	4443	3784	2866	2452	1940	1605	1284
341	8809	7835	6720	6398	4923	4539	3766	2878	2463	1974	1638	1277
342	8572	7787	6709	6416	4967	4451	3584	2805	2472	1953	1618	1253
343	8389	7787	6750	6472	4850	4547	3552	2850	2525	1942	1664	1303
344	8728	7934	7102	6334	4795	4552	3816	2878	2483	1931	1628	1295
345	8805	7692	6688	6279	5034	4564	3865	2729	2476	1908	1620	1283
346	8525	7862	6600	6434	4887	4519	3788	2708	2451	1922	1669	1254
347	8845	7761	7052	6300	4744	4485	3783	2695	2436	1921	1591	1243
348	8607	7869	6503	6366	4811	4525	3716	2750	2453	1922	1505	1258
349	8562	7860	6564	6301	4800	4463	3602	2798	2427	1926	1453	1286
350	8703	7773	6640	6324	4841	4519	3612	2845	2433	1935	1462	1310
351	8531	7753	6708	6426	4858	4440	3702	2769	2435	1948	1474	1303
352	8310	7732	6679	6420	4739	4382	3822	2642	2458	1928	1639	1254
353	8291	7677	6397	6198	4862	4459	3532	2638	2534	1942	1459	1262
354	8695	7694	6571	6376	4824	4405	3802	2700	2387	1949	1441	1261
355	8372	7622	7000	6426	4820	4410	3753	2865	2448	1888	1475	1253
356	8387	7653	6828	6393	4838	4331	3754	2737	2465	1960	1528	1240
357	8662	7673	6841	6387	4828	4391	3637	2769	2436	1967	1596	1283
358	8723	7590	7157	6359	4866	4386	3736	2796	2467	1955	1619	1260
359	8595	7773	7043	6337	4868	4352	3745	2820	2482	1927	1613	1236
360	8521	7768	6911	6389	4854	4346	3525	2701	2462	1904	1632	1226
361	8651	7685	6959	6380	4901	4398	3791	2734	2480	1921	1634	1234
362	8587	7730	6847	6359	5008	4324	3632	2772	2464	1917	1616	1268
363	8876	7721	6818	6375	4867	4402	3631	2843	2487	1948	1597	1239
364	8792	7729	6879	6345	4748	4343	3721	2644	2398	1967	1606	1246
365	8727	7678	6846	6326	4765	4375	3626	2787	2446	2001	1639	1250
366	8485	7784	7169	6456	4918	4492	3577	2681	2455	2014	1647	1287
367	8377	7671	6983	6275	4806	4187	3491	2806	2399	1930	1613	1252
368	8416	7622	7073	6332	4764	4362	3728	2767	2380	1943	1614	1234
369	8336	7586	7250	6311	4973	4402	3524	2723	2434	1934	1669	1260
370	8566	7785	6878	6500	5102	4439	3769	2771	2433	1997	1667	1250
371	8516	7721	6767	6339	4846	4368	3619	2807	2414	1939	1563	1255
372	8394	7689	6929	6307	5035	4310	3730	2649	2458	1907	1664	1219
373	8428	7740	6697	6343	5072	4327	3704	2656	2434	1951	1647	1269
374	8300	7711	6849	6339	4787	4400	3717	2745	2473	1918	1545	1241
375	8548	7653	6964	6378	4756	4368	3524	2834	2361	1957	1614	1308
376	8207	7689	6625	6351	4795	4365	3628	2829	2394	1938	1604	1235
377	8265	7636	6759	6383	4876	4406	3701	2639	2437	1965	1633	1261
378	8248	7738	6748	6363	4793	4353	3498	2782	2445	1953	1628	1244
379	8180	7646	6701	6177	4758	4355	3491	2858	2456	1984	1615	1279
380	8653	7744	7142	6277	4624	4453	3705	2735	2500	1975	1639	1299
381	8361	7706	6996	6190	4816	4435	3682	2774	2434	1941	1617	1297
382	8647	7719	6762	6324	4781	4392	3475	2681	2432	1961	1632	1247
383	8701	7731	6792	6276	4811	4419	3781	2793	2377	1931	1589	1266
384	8368	7632	6762	6085	4885	4354	3509	2832	2409	1913	1617	1233
385	8214	7708	6827	6441	5120	4365	3681	2719	2410	1924	1659	1295
386	8022	7574	6822	6249	4713	4442	3695	2689	2429	1886	1636	1260
387	7995	7629	6926	6176	4837	4372	3663	2684	2424	1932	1603	1248
388	8211	7535	6761	6217	4712	4382	3697	2697	2465	1922	1640	1273
389	8236	7646	6579	6201	4754	4436	3411	2779	2430	1933	1616	1260
390	8274	7777	6785	6318	4848	4494	3484	2670	2458	1945	1621	1271
391	8160	7683	6710	6287	4799	4401	3629	2730	2430	1977	1605	1261
392	8068	7542	6835	6245	4813	4431	3695	2678	2402	1938	1608	1249
393	8278	7690	6595	6197	5039	4388	3559	2699	2412	1924	1634	1216
394	8099	7562	6940	6190	4988	4493	3535	2728	2427	1926	1630	1253
395	8373	7791	6597	6229	4831	4431	3717	2743	2382	1892	1608	1227
396	8172	7610	6779	6142	4834	4413	3521	2671	2433	1980	1581	1213
397	8221	7663	6657	6266	4760	4446	3667	2730	2380	1911	1649	1258
398	8094	7711	6608	6327	4821	4403	3416	2704	2350	1921	1597	1219
399	8420	7611	6854	6269	4795	4368	3581	2673	2379	1957	1628	1251
400	8106	7650	6812	6175	4777	4348	3663	2689	2342	1911	1590	1218
401	8296	7634	6933	6120	4763	4404	3584	2703	2376	1897	1634	1217
402	8263	7491	7007	6162	4829	4412	3641	2732	2421	1921	1600	1252
403	8232	7633	6771	6145	4730	4376	3436	2648	2396	2021	1583	1234
404	7904	7517	6941	6176	4813	4421	3485	2843	2401	2054	1612	1241
405	7926	7489	6682	6096	4784	4391	3647	2655	2437	1999	1586	1208
406	8073	7648	7397	6187	4859	4401	3449	2786	2446	2032	1585	1227
407	8271	7678	7148	6204	4752	4374	3678	2825	2413	2058	1615	1230
408	8356	7692	6738	6188	4883	4428	3497	2763	2371	2017	1542	1234
409	8273	7595	6858	6233	4806	4412	3637	2698	2436	1993	1488	1248
410	8202	7618	6760	6107	4788	4403	3449	2781	2422	2034	1510	1222
411	8068	7654	6872	6129	5143	4336	3624	2691	2429	2059	1496	1253
412	8482	7574	6944	6196	4818	4437	3647	2769	2478	2056	1491	1234
413	8259	7714	6865	6251	4794	4367	3458	2646	2486	2110	1508	1282
414	7878	7557	6631	6197	4855	4491	3460	2599	2472	2059	1531	1281
415	8280	7686	6985	6376	4790	4557	3487	2697	2520	2099	1573	1275
416	8118	7722	6540	6127	4771	4360	3598	2666	2382	2033	1561	1210
417	8011	7683	6634	6182	4777	4467	3489	2618	2384	2016	1555	1292
418	8275	7731	6943	6294	4861	4479	3519	2669	2521	2077	1584	1258
419	8369	7782	6654	6013	4759	4152	3626	2682	2418	2012	1577	1247
420	8087	7885	7032	6160	4706	4507	3505	2665	2428	2072	1568	1252
421	8028	7805	6679	6208	4781	4430	3658	2728	2420	2007	1566	1238
422	8146	7638	6616	6192	4821	4123	3512	2647	2361	1964	1487	1239
423	7923	7621	6762	6208	4822	4118	3419	2707	2391	2007	1492	1238
424	8247	7881	6471	6177	4792	4085	3405	2633	2396	2025	1524	1254
425	8210	7704	6797	6201	4845	4193	3509	2850	2434	2044	1497	1246
426	8186	7673	6939	6241	4812	4210	3500	2793	2414	2057	1498	1262
427	8352	7747	6744	6197	4732	4202	3474	2766	2367	2030	1499	1236
428	8318	7649	6870	6057	4788	4163	3468	2681	2387	2030	1565	1214
429	8187	7711	6812	6179	4737	4175	3596	2619	2387	2011	1519	1251
430	7872	7544	6686	6111	4691	4144	3597	2654	2409	2035	1514	1215
431	8100	7564	6752	6091	4974	4118	3566	2651	2415	2066	1505	1214
432	8210	7581	6696	6073	4927	4092	3520	2625	2365	2012	1496	1232
433	8335	7489	6508	6125	4907	4140	3435	2772	2428	2001	1538	1229
434	7963	7598	6647	6233	5006	4144	3591	2658	2436	2031	1509	1221
435	8104	7543	6769	6160	4717	4440	3420	2691	2372	2045	1537	1262
436	8298	7591	6709	6174	4736	4090	3548	2721	2416	2012	1475	1243
437	8335	7669	6769	6241	4840	4483	3386	2635	2408	2123	1555	1274
438	8171	7614	6780	6158	4811	4347	3389	2735	2372	2035	1495	1237
439	8573	7640	6926	6159	4861	4409	3444	2744	2429	2014	1472	1257
440	8415	7530	6626	6165	4883	4361	3566	2641	2380	2030	1444	1244
441	8396	7432	6559	6098	4932	4358	3486	2668	2449	2106	1498	1251
442	8439	7584	6589	6209	4987	4476	3347	2666	2404	1908	1499	1293
443	8239	7476	6458	6092	4920	4383	3531	2655	2422	1878	1562	1211
444	8155	7512	6666	6160	4901	4445	3416	2652	2440	1952	1597	1225
445	8473	7531	6856	6061	4925	4407	3397	2697	2377	1940	1600	1268
446	8292	7649	6946	6066	4819	4389	3549	2842	2397	1920	1613	1268
447	8428	7577	6607	6195	4844	3995	3467	2841	2419	1891	1589	1236
448	8511	7667	7035	6148	4933	4028	3668	2767	2439	1892	1573	1296
449	8596	7580	6842	6059	4881	4040	3622	2749	2455	1924	1559	1281
450	8436	7601	7136	6088	4812	4019	3455	2683	2445	1871	1601	1235
451	8393	7680	6705	6109	4710	4067	3435	2773	2456	1887	1592	1243
452	8351	7634	7036	6211	4729	4386	3564	2737	2420	1903	1614	1226
453	8078	7551	7104	6042	4882	4283	3644	2704	2415	1927	1599	1204
454	8423	7771	7421	6145	4835	4480	3581	2794	2460	1943	1580	1277
455	8447	7550	6716	6101	4709	4350	3569	2735	2405	1900	1577	1231
456	8141	7618	6679	6075	4795	4353	3507	2694	2387	1928	1516	1278
457	8167	7599	7392	6138	4784	4420	3484	2714	2402	1855	1411	1270
458	8063	7433	6595	5763	4753	4377	3355	2703	2388	1918	1516	1239
459	8195	7440	6651	5753	4775	4409	3543	2706	2382	1905	1510	1249
460	8283	7591	6887	5768	4868	4383	3328	2699	2456	1929	1522	1240
461	8493	7471	6818	5808	4806	4299	3597	2732	2413	1876	1564	1282
462	8149	7594	7360	5867	4890	4401	3611	2725	2424	1930	1484	1250
463	8322	7575	6660	5702	4858	4396	3498	2721	2396	1862	1512	1215
464	8005	7496	6688	5715	4752	4350	3350	2715	2341	1882	1526	1260
465	8261	7531	6615	5830	4861	3998	3480	2723	2492	1871	1518	1252
466	8036	7568	6576	5698	4840	3997	3434	2753	2479	1888	1563	1246
467	8264	7551	6654	5781	4868	4033	3561	2747	2355	1865	1526	1291
468	8533	7500	6787	5818	4822	3990	3531	2610	2362	1917	1530	1247
469	8391	7560	6693	5658	4809	3986	3488	2687	2368	1865	1508	1241
470	8530	7569	6647	5804	4738	4006	3387	2724	2375	1936	1562	1205
471	8180	7566	6539	5664	5016	4041	3479	2790	2345	1841	1539	1197
472	8732	7831	7167	5926	5004	4194	3440	2811	2418	1908	1572	1240
473	8257	7393	6790	5924	4871	4074	3518	2722	2374	1909	1627	1257
474	8532	7540	6676	5775	4747	3969	3465	2662	2459	1943	1555	1227
475	8428	7619	6644	5869	4784	4002	3388	2624	2361	1878	1587	1226
476	8153	7520	6761	5708	4883	4422	3516	2797	2342	1853	1577	1224
477	8639	7641	6621	5739	4748	4373	3471	2815	2377	1898	1573	1220
478	8445	7633	7002	5810	5066	4455	3582	2708	2416	1889	1599	1281
479	8302	7497	6659	5622	4905	4378	3631	2732	2358	1922	1602	1282
480	8329	7502	6536	5783	4802	4355	3376	2586	2408	1878	1602	1242
481	8362	7583	6719	5773	4871	4435	3563	2757	2370	1926	1536	1271
482	8230	7477	6509	5647	4831	4277	3458	2734	2386	1913	1512	1226
483	8346	7577	6459	5700	4741	4265	3524	2629	2363	1868	1518	1221
484	8354	7557	7346	5861	4819	4056	3287	2718	2384	1954	1574	1296
485	8431	7557	6659	5746	4831	3931	3259	2714	2411	1898	1523	1197
486	8558	7623	6745	5834	4810	3968	3557	2683	2400	1877	1544	1235
487	8242	7479	6517	5683	4730	3937	3414	2735	2426	1902	1522	1247
488	8168	7530	6503	5703	4752	3940	3476	2697	2373	1874	1549	1174
489	8209	7386	6597	5671	4720	3931	3314	2709	2380	1871	1551	1232
490	8429	7551	6556	5723	4732	3906	3615	2776	2367	1904	1541	1212
491	8321	7400	6808	5722	4694	3981	3545	2653	2395	1852	1525	1192
492	8320	7500	7020	5698	4949	4016	3313	2650	2396	1893	1421	1230
493	8219	7452	7190	5684	4827	3925	3316	2792	2321	1884	1388	1230
494	8461	7484	6554	5764	4728	3956	3519	2630	2311	1888	1504	1205
495	8215	7516	6540	5784	4768	3916	3320	2697	2292	1874	1552	1259
496	8083	7405	6863	5642	4662	3908	3386	2673	2203	1936	1505	1207
497	8296	7316	6742	5693	4772	3928	3406	2700	2211	1847	1535	1215
498	8110	7399	7048	5746	4739	3946	3494	2761	2254	1836	1581	1240
499	8154	7509	6606	5688	4758	3873	3269	2744	2276	1856	1587	1206
500	8156	7572	6701	5757	4681	3929	3289	2714	2351	1910	1541	1190
501	8140	7499	6448	5764	4727	3953	3470	2728	2311	1928	1552	1235
502	8238	7414	7555	5659	4706	3965	3467	2635	2154	1881	1524	1213
503	8552	7632	6781	5710	4819	3869	3532	2764	2331	1871	1546	1200
504	8196	7350	7303	5723	4878	3933	3502	2788	2194	1880	1567	1226
505	8260	7577	6572	5687	4768	3948	3425	2543	2331	1874	1530	1213
506	8453	7429	6597	5712	4818	3956	3486	2569	2288	1903	1541	1230
507	8614	7543	6537	5676	4813	3879	3304	2684	2220	1919	1543	1237
508	8309	7459	6576	5723	4737	4019	3342	2557	2243	1876	1545	1234
509	8218	7405	6699	5786	4750	3920	3352	2677	2361	1922	1572	1252
510	8245	7469	6821	5774	4860	3935	3551	2605	2338	1911	1576	1232
511	8276	7332	6773	5773	4707	3923	3433	2697	2323	1842	1541	1229
512	8745	7510	6915	5665	4749	3923	3355	2692	2320	1880	1560	1250
513	8628	7488	6629	5741	4721	4011	3326	2593	2334	1887	1528	1212
514	8115	7493	6664	5701	4822	4003	3352	2660	2330	1874	1556	1243
515	8384	7464	6800	5526	4783	3953	3477	2666	2367	1868	1555	1216
516	8360	7475	7006	5720	4812	4013	3461	2632	2367	1896	1551	1187
517	8823	7441	6668	5677	4790	3959	3588	2674	2331	1821	1524	1233
518	8159	7491	6719	5724	4750	3990	3447	2690	2354	1878	1506	1241
519	8653	7424	6686	5708	4735	3993	3499	2713	2295	1806	1475	1237
520	8602	7359	6522	5698	4730	3905	3393	2680	2287	1899	1556	1251
521	8282	7490	6661	5646	4776	3916	3341	2694	2307	1865	1486	1237
522	8830	7421	6712	5588	4660	3917	3461	2657	2442	1872	1472	1241
523	8662	7402	6561	5636	4659	3967	3470	2694	2378	1833	1478	1246
524	8536	7515	6747	5678	4798	3985	3440	2696	2378	1857	1445	1228
525	8452	7534	6470	5589	4773	3902	3336	2719	2378	1875	1455	1236
526	7804	7499	6656	5700	4771	3948	3287	2683	2412	1901	1463	1276
527	8362	7357	6607	5655	4685	3914	3540	2742	2354	1859	1504	1202
528	8482	7457	6621	5642	4733	3925	3321	2676	2333	1881	1481	1219
529	8555	7506	6507	5674	4615	3952	3258	2606	2352	1840	1455	1237
530	8583	7456	6716	5698	4683	3922	3251	2668	2412	1839	1469	1216
531	8069	7282	6571	5699	4712	3946	3260	2671	2355	1905	1475	1215
532	8576	7462	6583	5595	4772	3964	3319	2728	2331	1887	1453	1233
533	7532	7414	6950	5604	4711	3922	3364	2663	2296	1798	1467	1226
534	7726	7342	6654	5623	4678	3928	3280	2658	2366	1866	1440	1220
535	8555	7406	6526	5514	4629	3907	3291	2644	2334	1871	1467	1200
536	7734	7401	6535	5694	4769	3940	3404	2708	2312	1895	1438	1244
537	8493	7570	6394	5702	4786	3954	3267	2729	2312	1819	1457	1225
538	8450	7470	6708	5516	4682	3962	3297	2632	2334	1812	1442	1255
539	8609	7386	6592	5762	4777	3908	3455	2675	2273	1908	1456	1231
540	8400	7531	6881	5849	4918	3977	3442	2763	2388	1907	1453	1235
541	8064	7659	6817	5777	4773	3982	3417	2702	2339	1886	1448	1237
542	8708	7580	6789	5800	4725	4016	3400	2701	2406	1876	1484	1261
543	8304	7476	6695	5683	4743	3876	3527	2577	2307	1843	1479	1248
544	8738	7430	6766	5650	4774	3967	3478	2618	2324	1911	1476	1227
545	8418	7375	6526	5784	4719	3909	3306	2669	2318	1882	1550	1259
546	8448	7464	6634	5666	4737	3955	3421	2741	2277	1831	1571	1214
547	8711	7402	6449	5701	4753	3942	3369	2585	2306	1830	1558	1185
548	8560	7287	6634	5637	4749	3899	3307	2600	2299	1871	1553	1203
549	8564	7383	6546	5634	4794	3922	3347	2638	2333	1835	1539	1211
550	8827	7325	6688	5545	4751	3924	3267	2608	2356	1867	1544	1213
551	8261	7355	6592	5528	4653	3940	3564	2744	2304	1862	1568	1209
552	8937	7410	6716	5600	4694	3922	3456	2675	2278	1874	1554	1200
553	9037	7397	6577	5505	4700	3890	3311	2657	2272	1908	1525	1224
554	8619	7466	6594	5629	4717	3925	3456	2660	2302	1844	1557	1257
555	8921	7444	6533	5766	4740	3979	3329	2651	2307	1873	1528	1210
556	8762	7468	6588	5565	4661	3927	3328	2692	2329	1870	1548	1210
557	8649	7473	6523	5578	4734	3891	3321	2680	2322	1902	1547	1236
558	8551	7677	6611	5722	4797	3973	3455	2716	2367	1909	1537	1262
559	8332	7415	6650	5675	4701	3931	3393	2698	2320	1859	1515	1266
560	8507	7366	6692	5664	4701	3957	3344	2486	2331	1892	1506	1239
561	8793	7436	6676	5507	4763	3919	3380	2521	2366	1923	1542	1221
562	8765	7525	6658	5622	4763	3838	3448	2601	2276	1913	1488	1209
563	8729	7362	6581	5645	4798	3901	3434	2720	2317	1915	1547	1215
564	8804	7368	6650	5577	4678	3958	3457	2585	2321	1869	1526	1213
565	8923	7466	6645	5698	4735	4015	3456	2695	2330	1876	1497	1230
566	8728	7387	6545	5707	4712	3988	3427	2711	2342	1859	1578	1263
567	8656	7461	6621	5626	4801	3924	3307	2553	2328	1906	1563	1228
568	9120	7546	6911	5614	4790	3975	3364	2701	2313	1887	1530	1275
569	8581	7401	6690	5652	4678	3931	3364	2677	2288	1897	1530	1212
570	8205	7419	6496	5635	4749	3954	3370	2574	2295	1860	1550	1209
571	8714	7344	6968	5497	4712	3916	3255	2581	2332	1851	1542	1208
572	8181	7357	7284	5667	4600	3949	3426	2556	2286	1848	1518	1256
573	8679	7328	7251	5581	4715	3967	3452	2633	2336	1903	1520	1205
574	8237	7480	6614	5693	4587	3949	3286	2693	2323	1824	1501	1227
575	8890	7390	6703	5582	4636	3943	3304	2699	2304	1875	1532	1210
576	8714	7395	6540	5523	4601	3923	3396	2675	2316	1861	1552	1225
577	8555	7350	6569	5634	4608	3909	3268	2628	2330	1843	1546	1215
578	8332	7435	6695	5609	4618	3915	3361	2620	2327	1833	1543	1197
579	8787	7537	6619	5738	4582	3979	3328	2625	2362	1876	1545	1231
580	8672	7384	7022	5633	4560	3897	3299	2657	2332	1867	1531	1226
581	8582	7353	6615	5582	4604	3854	3230	2678	2277	1879	1522	1232
582	8733	7511	6799	5600	4678	3975	3440	2668	2359	1880	1538	1223
583	8109	7408	6713	5510	4669	3963	3215	2656	2258	1891	1499	1218
584	8983	7327	6582	5602	4570	3960	3437	2613	2302	1834	1541	1236
585	8510	7380	6543	5578	4675	3882	3335	2712	2313	1852	1533	1216
586	8571	7439	6640	5507	4570	3845	3337	2659	2210	1874	1509	1253
587	8723	7391	6985	5544	4513	3949	3282	2614	2294	1831	1513	1240
588	8773	7337	6701	5577	4576	3940	3341	2664	2271	1912	1527	1229
589	8836	7358	6650	5570	4495	3927	3450	2678	2349	1884	1535	1209
590	8844	7465	6551	5547	4584	3989	3448	2672	2327	1881	1531	1236
591	8588	7624	6644	5560	4655	3933	3496	2713	2298	1917	1546	1285
592	8685	7460	6509	5445	4620	3866	3401	2676	2297	1841	1523	1249
593	8121	7423	6739	5644	4680	3905	3301	2591	2314	1913	1521	1240
594	8146	7216	6560	5584	4592	3875	3344	2566	2307	1877	1549	1218
595	8273	7391	7076	5533	4688	3879	3374	2678	2323	1870	1503	1243
596	8138	7450	6715	5555	4555	3887	3503	2568	2258	1900	1538	1215
597	8802	7271	6585	5569	4670	3887	3349	2706	2277	1800	1460	1191
598	8737	7428	6798	5519	4605	3893	3489	2654	2278	1892	1457	1182
599	8643	7304	6799	5601	4591	3858	3424	2686	2289	1865	1499	1247
600	8435	7286	6809	5496	4614	3925	3572	2674	2314	1803	1561	1218
601	8961	7514	6808	5543	4840	3933	3423	2675	2402	1944	1571	1246
602	8704	7336	6497	5506	4704	3930	3359	2583	2360	1934	1547	1190
603	8788	7315	6652	5547	4685	3962	3319	2684	2288	1863	1531	1222
604	8484	7437	6761	5591	4777	3887	3299	2688	2267	1846	1330	1216
605	8403	7498	6918	5585	4776	3955	3386	2648	2320	1880	1342	1246
606	8505	7342	6757	5659	4732	3896	3364	2583	2324	1818	1342	1207
607	8139	7415	6800	5548	4623	3933	3501	2720	2286	1811	1309	1178
608	8368	7423	6454	5616	4549	3971	3538	2702	2306	1891	1343	1209
609	8201	7436	6554	5638	4693	3935	3573	2708	2379	1872	1449	1263
610	7806	7327	6534	5599	4606	3860	3281	2701	2295	1848	1416	1234
611	8422	7346	6468	5515	4525	3859	3356	2682	2251	1829	1563	1212
612	8438	7541	6780	5538	4623	4014	3273	2647	2340	1903	1529	1254
613	7862	7269	6499	5571	4573	3903	3215	2598	2259	1875	1550	1231
614	8475	7499	6715	5537	4606	3835	3247	2708	2230	1835	1359	1207
615	8670	7398	6604	5540	4587	3816	3474	2695	2316	1906	1476	1196
616	8491	7390	6636	5499	4608	3907	3452	2526	2336	1910	1528	1216
617	8102	7391	6884	5557	4585	3896	3439	2617	2304	1852	1516	1186
618	8589	7337	6882	5549	4591	3880	3461	2476	2244	1857	1536	1169
619	8848	7405	6965	5646	4658	3920	3293	2664	2313	1911	1552	1235
620	8564	7443	6640	5563	4580	3841	3455	2472	2242	1856	1526	1214
621	8176	7379	6898	5576	4649	3926	3332	2657	2320	1840	1335	1208
622	8157	7289	6757	5527	4593	3877	3356	2656	2283	1909	1536	1195
623	8408	7231	6666	5519	4601	3904	3214	2674	2221	1889	1510	1180
624	8490	7410	6681	5556	4647	3898	3448	2514	2274	1861	1554	1186
625	8419	7374	6612	5541	4547	3899	3321	2644	2260	1877	1486	1192
626	7940	7345	6550	5470	4639	3833	3268	2601	2251	1877	1484	1236
627	8735	7486	6649	5645	4639	3945	3320	2703	2301	1881	1491	1249
628	8580	7294	6749	5520	4661	3871	3351	2524	2288	1868	1518	1184
629	8581	7430	6470	5421	4706	3875	3295	2644	2239	1859	1513	1191
630	8224	7388	6695	5558	4583	3825	3300	2581	2216	1873	1531	1218
631	8111	7411	6677	5560	4643	3867	3233	2570	2225	1885	1325	1219
632	8322	7215	6797	5567	4742	3936	3351	2465	2257	1867	1327	1194
633	8413	7400	6644	5572	4578	3840	3446	2666	2275	1858	1320	1211
634	8280	7470	6781	5653	4642	3895	3520	2709	2343	1892	1382	1226
635	8318	7326	6727	5492	4608	3888	3332	2776	2245	1833	1367	1215
636	7942	7287	6518	5423	4583	3868	3298	2662	2259	1855	1351	1212
637	8106	7273	6474	5459	4554	3854	3255	2580	2262	1842	1338	1191
638	7794	7334	6551	5503	4553	3871	3256	2525	2241	1840	1332	1195
639	8321	7325	6790	5518	4613	3943	3354	2451	2299	1875	1294	1197
640	8366	7380	6568	5580	4578	3848	3291	2471	2332	1838	1307	1182
641	8273	7337	6613	5534	4510	3854	3303	2622	2257	1810	1328	1211
642	8397	7307	6531	5543	4598	3880	3323	2579	2213	1840	1311	1200
643	8093	7379	6746	5500	4773	3866	3301	2588	2358	1810	1361	1199
644	8309	7332	6574	5521	4565	3890	3459	2623	2338	1852	1505	1183
645	8367	7245	6820	5535	4595	3915	3242	2635	2284	1796	1512	1201
646	8185	7291	6638	5502	4642	3866	3407	2612	2260	1863	1506	1162
647	8208	7287	6643	5494	4646	3825	3447	2674	2302	1816	1470	1204
648	7823	7257	6459	5479	4577	3859	3252	2690	2318	1789	1517	1193
649	8356	7226	6465	5544	4556	3838	3303	2665	2315	1862	1486	1192
650	7744	7223	6479	5440	4580	3778	3391	2630	2359	1868	1503	1230
651	7651	7249	6593	5559	4657	3846	3251	2615	2308	1824	1506	1200
652	8220	7429	6820	5551	4804	3839	3313	2678	2349	1874	1527	1212
653	8277	7272	6561	5464	4726	3871	3349	2663	2366	1885	1538	1186
654	8446	7360	6785	5455	4647	3828	3218	2625	2360	1850	1509	1206
655	8204	7315	6800	5534	4902	3831	3268	2623	2259	1874	1484	1195
656	8393	7346	6563	5547	4558	3845	3251	2663	2322	1829	1501	1179
657	8338	7337	6628	5432	4724	3844	3490	2646	2255	1837	1497	1236
658	8625	7310	6730	5420	4602	3877	3251	2632	2308	1838	1485	1235
659	8405	7320	6698	5489	4756	3892	3383	2684	2295	1854	1511	1205
660	8167	7317	6689	5494	4666	3858	3444	2652	2284	1810	1474	1198
661	8601	7327	6649	5396	4731	3878	3281	2666	2284	1848	1496	1227
662	8696	7478	6540	5458	4698	3887	3428	2604	2304	1855	1515	1181
663	7830	7303	6447	5594	4584	3910	3410	2603	2293	1875	1499	1214
664	8569	7308	6713	5529	4672	3868	3255	2675	2274	1873	1485	1188
665	8356	7331	6717	5456	4667	3910	3419	2680	2331	1837	1529	1240
666	8294	7401	6734	5574	4674	3956	3283	2642	2289	1877	1498	1227
667	8408	7228	6916	5473	4620	3852	3262	2683	2302	1869	1516	1183
668	8004	7341	6870	5397	4783	3871	3426	2479	2332	1849	1458	1168
669	8122	7342	6574	5513	4748	3921	3253	2646	2312	1844	1536	1218
670	8405	7285	6615	5488	4615	3837	3222	2708	2280	1864	1505	1168
671	8296	7255	6530	5488	4721	3917	3253	2704	2237	1975	1531	1245
672	8306	7360	6519	5484	4672	3847	3315	2604	2262	1963	1499	1209
673	8526	7544	6756	5510	4690	3938	3283	2608	2282	1963	1545	1190
674	8372	7201	6638	5517	4651	3916	3421	2655	2303	1985	1514	1204
675	8378	7209	6874	5476	4698	3901	3392	2587	2285	1978	1525	1254
676	7847	7307	7012	5631	4704	3799	3296	2641	2268	1975	1521	1172
677	8367	7301	6718	5501	4635	3877	3459	2507	2297	1978	1568	1196
678	8317	7321	6741	5483	4646	3782	3301	2495	2258	1967	1516	1180
679	8087	7370	6673	5525	4766	3837	3333	2681	2241	2016	1464	1173
680	8433	7346	6526	5485	4695	3880	3313	2475	2245	1982	1510	1201
681	8359	7367	6679	5634	4708	3851	3372	2631	2327	1948	1546	1164
682	8395	7354	6617	5568	4682	3853	3295	2619	2259	1968	1462	1203
683	8418	7395	6601	5459	4521	3849	3470	2623	2293	1934	1522	1171
684	8418	7249	6642	5391	4574	3801	3376	2693	2269	1912	1513	1132
685	8403	7199	6634	5424	4660	3882	3415	2645	2315	1984	1502	1204
686	8082	7265	6662	5471	4665	3838	3420	2661	2284	1926	1531	1182
687	8383	7382	6675	5416	4686	3807	3265	2667	2261	1967	1516	1187
688	8358	7220	6533	5411	4653	3799	3239	2701	2265	1995	1553	1191
689	8350	7298	6583	5537	4658	3889	3413	2693	2253	1929	1512	1199
690	8121	7284	6711	5519	4709	3874	3374	2689	2261	1934	1518	1191
691	8189	7281	6647	5520	4654	3935	3434	2708	2256	1973	1520	1187
692	8389	7346	6617	5501	4609	3868	3515	2608	2242	1958	1487	1218
693	8261	7390	6577	5574	4557	3836	3306	2659	2283	1941	1500	1187
694	8395	7274	6626	5537	4592	3838	3338	2650	2307	1919	1496	1203
695	8282	7268	6645	5345	4653	3862	3313	2546	2316	2024	1530	1192
696	7778	7219	6652	5362	4595	3850	3403	2677	2272	1986	1483	1192
697	8334	7220	6507	5466	4581	3790	3488	2601	2256	1957	1534	1185
698	7895	7229	6521	5505	4610	3883	3184	2524	2276	1941	1502	1200
699	7847	7306	6560	5472	4548	3814	3261	2630	2241	1960	1513	1219
700	8135	7359	6786	5457	4698	3844	3350	2661	2259	1932	1555	1176
701	8432	7301	6739	5495	4754	3922	3284	2570	2376	2014	1539	1251
702	8101	7270	6607	5497	4725	3825	3289	2591	2287	1952	1518	1254
703	8177	7259	6555	5485	4524	3833	3307	2633	2297	1962	1522	1200
704	8236	7328	6563	5461	4522	3804	3365	2567	2186	1995	1484	1203
705	8043	7248	6573	5427	4547	3902	3226	2549	2278	1934	1544	1195
706	7861	7471	6644	5408	4653	3833	3276	2541	2277	1957	1519	1212
707	8274	7241	6657	5468	4553	3838	3278	2553	2261	1931	1556	1203
708	8207	7272	6563	5469	4582	3858	3227	2534	2244	1937	1502	1196
709	8518	7285	6637	5405	4511	3890	3250	2620	2271	1961	1507	1243
710	7919	7345	6717	5582	4622	3793	3419	2619	2240	1891	1530	1176
711	8078	7249	6591	5549	4555	3855	3299	2548	2268	1937	1472	1204
712	8394	7246	6643	5449	4593	3821	3268	2626	2293	1918	1505	1205
713	8030	7269	6852	5451	4690	3871	3326	2586	2253	1934	1512	1166
714	7977	7316	6693	5475	4643	3792	3401	2487	2282	1968	1516	1182
715	8288	7363	6807	5512	4661	3897	3348	2491	2304	1947	1527	1222
716	8270	7244	6718	5474	4514	3845	3315	2615	2251	1980	1537	1182
717	8337	7216	6644	5456	4563	3783	3279	2642	2251	1922	1557	1188
718	8367	7354	6487	5505	4576	3828	3253	2607	2244	1908	1544	1218
719	8169	7213	6532	5440	4562	3819	3245	2632	2244	1937	1503	1188
720	8225	7343	6735	5545	4593	3846	3198	2645	2290	1942	1485	1201
721	8504	7463	6764	5582	4641	3862	3366	2720	2322	1940	1499	1172
722	7777	7299	6696	5498	4651	3859	3246	2547	2292	1923	1505	1202
723	8329	7280	6845	5414	4586	3820	3242	2619	2255	1922	1491	1203
724	8204	7333	6632	5585	4619	3859	3319	2665	2244	1929	1495	1191
725	8299	7305	6614	5413	4689	3937	3393	2657	2246	1938	1515	1187
726	8531	7349	6593	5402	4646	3856	3364	2662	2237	1907	1519	1175
727	8553	7274	6628	5525	4635	3859	3416	2645	2223	1906	1448	1194
728	8541	7328	6476	5453	4638	3792	3259	2621	2250	1948	1464	1173
729	8387	7275	6496	5355	4642	3800	3258	2636	2288	1944	1507	1181
730	8078	7294	6563	5459	4555	3867	3330	2630	2241	1970	1505	1204
731	8457	7238	6688	5520	4692	3835	3264	2636	2294	1932	1502	1178
732	8345	7316	6620	5494	4599	3900	3262	2601	2238	1928	1491	1168
733	8404	7292	6624	5503	4629	3810	3327	2635	2204	1909	1511	1184
734	8344	7251	6614	5476	4694	3817	3276	2623	2250	1910	1543	1201
735	8280	7242	6620	5428	4554	3823	3227	2650	2267	1934	1514	1216
736	8083	7352	6677	5392	4613	3774	3280	2600	2242	1942	1492	1198
737	8280	7181	6666	5454	4676	3798	3280	2611	2207	1889	1528	1214
738	8111	7275	6710	5427	4544	3833	3253	2616	2251	1980	1344	1173
739	8413	7326	6663	5467	4599	3881	3196	2429	2248	1963	1544	1181
740	8457	7249	6604	5515	4582	3870	3239	2660	2260	1872	1481	1221
741	8342	7277	6599	5325	4533	3775	3206	2664	2248	1919	1490	1187
742	8204	7330	6545	5413	4701	3897	3313	2638	2256	1882	1523	1178
743	8085	7275	6745	5526	4688	3842	3405	2573	2278	1846	1515	1202
744	8395	7201	6509	5481	4628	3806	3341	2455	2243	1893	1506	1167
745	8427	7290	6656	5493	4627	3833	3494	2625	2257	1837	1494	1197
746	8201	7277	6564	5498	4705	3847	3230	2638	2275	1849	1514	1203
747	8157	7220	6508	5476	4617	3856	3203	2649	2271	1818	1506	1195
748	8129	7208	6516	5340	4619	3864	3348	2587	2295	1834	1521	1216
749	8118	7199	6494	5420	4556	3885	3339	2608	2257	1868	1322	1208
750	8101	7210	6448	5387	4534	3799	3227	2620	2256	1853	1331	1181
751	8146	7209	6463	5419	4640	3796	3164	2595	2283	1802	1429	1158
752	8237	7179	6706	5396	4622	4116	3206	2496	2264	1879	1464	1188
753	8311	7245	6499	5385	4653	4095	3327	2610	2245	1849	1481	1190
754	8105	7326	6715	5434	4652	4179	3319	2564	2256	1838	1320	1167
755	8163	7228	6577	5366	4557	4117	3209	2582	2172	1841	1494	1196
756	8274	7328	6658	5367	4583	4075	3258	2598	2178	1850	1510	1189
757	8494	7355	6788	5373	4652	4210	3311	2726	2182	1872	1509	1202
758	8440	7397	6472	5468	4571	4084	3369	2572	2125	1833	1499	1184
759	8537	7295	6493	5485	4496	4066	3217	2641	2160	1815	1499	1179
760	8458	7322	6556	5355	4588	4147	3320	2655	2202	1862	1451	1210
761	8373	7351	6538	5482	4645	4131	3261	2650	2145	1853	1514	1195
762	7713	7186	6561	5307	4562	3808	3209	2484	2166	1861	1510	1238
763	8100	7217	6545	5561	4685	3831	3325	2603	2295	1777	1502	1205
764	8188	7231	6619	5427	4622	3840	3231	2621	2211	1833	1465	1158
765	8207	7212	6759	5438	4493	3773	3261	2588	2150	1894	1481	1175
766	8225	7198	6687	5473	4592	3817	3191	2618	2162	1879	1538	1191
767	8030	7117	6491	5392	4559	3841	3298	2636	2254	1845	1502	1187
768	8090	7235	6929	5425	4609	3791	3212	2610	2256	1889	1323	1192
769	8375	7188	6595	5412	4699	3691	3214	2579	2320	1877	1307	1158
770	8345	7271	6604	5614	4719	3882	3405	2661	2307	1877	1330	1183
771	8361	7265	6612	5506	4657	3814	3245	2600	2146	1892	1470	1191
772	7746	7193	6463	5417	4534	3810	3187	2665	2151	1848	1476	1169
773	8017	7338	6436	5499	4553	3855	3264	2609	2146	1880	1509	1206
774	8154	7263	6583	5486	4613	3869	3210	2689	2219	1902	1532	1253
775	7953	7121	6702	5371	4491	3753	3278	2616	2171	1894	1496	1170
776	8296	7381	6795	5420	4546	3802	3192	2605	2218	1858	1526	1169
777	8252	7172	6667	5479	4511	3789	3261	2527	2140	1865	1516	1204
778	8428	7196	6531	5403	4372	3788	3199	2626	2190	1816	1492	1179
779	8222	7367	6891	5553	4659	3882	3307	2595	2265	1822	1503	1179
780	8078	7220	6843	5368	4575	3807	3226	2684	2132	1860	1516	1187
781	8236	7164	6732	5482	4507	3731	3249	2579	2229	1859	1487	1157
782	8297	7198	6619	5382	4600	3789	3386	2561	2223	1836	1472	1174
783	8391	7096	6541	5391	4528	3775	3233	2615	2237	1832	1498	1184
784	8147	7276	6642	5344	4547	3845	3192	2553	2262	1882	1482	1180
785	8393	7144	6557	5465	4645	3852	3379	2582	2176	1864	1538	1228
786	7886	7280	6627	5391	4579	3801	3409	2553	2196	1880	1314	1178
787	8007	7210	6571	5259	4597	3812	3123	2594	2239	1870	1500	1205
788	8341	7162	6636	5412	4563	3765	3232	2551	2262	1888	1495	1164
789	8204	7235	6529	5363	4410	3772	3261	2636	2217	1906	1491	1192
790	8163	7262	6541	5426	4476	3774	3334	2568	2173	1873	1530	1184
791	8330	7201	6632	5367	4512	3897	3270	2604	2215	1846	1541	1197
792	8346	7225	6617	5377	4523	3825	3432	2624	2149	1825	1494	1168
793	8225	7253	6625	5317	4486	3796	3236	2554	2260	1881	1491	1184
794	8260	7338	6481	5445	4503	3782	3177	2598	2179	1857	1481	1179
795	7934	7296	6766	5513	4573	3796	3338	2605	2257	1923	1454	1167
796	8146	7170	7146	5386	4383	3774	3275	2595	2267	1819	1541	1196
797	8089	7228	6704	5287	4452	3796	3304	2645	2247	1840	1569	1205
798	8281	7270	6480	5365	4406	3764	3178	2543	2278	1857	1521	1176
799	8198	7146	6545	5261	4441	3771	3173	2432	2217	1859	1477	1146
800	8293	7199	6659	5311	4385	3765	3200	2447	2278	1882	1490	1177
801	8227	7176	6491	5473	4474	3752	3191	2452	2213	1890	1495	1160
802	8378	7335	6729	5507	4551	3861	3287	2671	2300	1939	1461	1190
803	8360	7252	6801	5427	4454	3772	3180	2583	2136	1863	1511	1170
804	8416	7354	6646	5473	4565	3901	3235	2720	2212	1944	1527	1236
805	8264	7218	6679	5408	4512	3817	3205	2684	2183	1863	1497	1186
806	8126	7223	6969	5442	4458	3808	3302	2597	2245	1831	1474	1179
807	8190	7347	6483	5441	4448	3768	3166	2589	2228	1855	1506	1220
808	8348	7197	6578	5340	4466	3759	3209	2572	2198	1801	1516	1170
809	8269	7150	6590	5392	4437	3807	3211	2468	2255	1870	1502	1218
810	8103	7223	6507	5349	4474	3836	3224	2587	2224	1888	1501	1119
811	8237	7232	6586	5442	4477	3797	3240	2542	2227	1839	1513	1205
812	8172	7251	6553	5449	4548	3784	3162	2567	2138	1852	1486	1211
813	8200	7176	6633	5373	4525	3803	3102	2654	2149	1848	1502	1175
814	8171	7192	6725	5393	4467	3789	3180	2544	2186	1811	1479	1201
815	8419	7219	6449	5336	4503	3769	3279	2651	2179	1854	1485	1172
816	8241	7157	6646	5341	4488	3833	3173	2701	2197	1832	1458	1175
817	8049	7195	6682	5473	4486	3736	3148	2529	2140	1838	1544	1159
818	7983	7253	6434	5458	4491	3829	3144	2611	2121	1885	1504	1182
819	8137	7172	6687	5328	4490	3778	3146	2447	2146	1864	1521	1151
820	8252	7321	6673	5445	4521	3831	3274	2658	2241	1910	1506	1226
821	8302	7108	7167	5415	4447	3770	3187	2586	2232	1859	1485	1196
822	8371	7197	6588	5302	4494	3757	3228	2624	2204	1871	1491	1165
823	8187	7282	6566	5440	4457	3735	3203	2625	2190	1857	1450	1193
824	8157	7163	6781	5334	4516	3737	3172	2546	2204	1856	1501	1205
825	8270	7190	6568	5375	4506	3812	3147	2636	2190	1808	1522	1207
826	8397	7404	6696	5450	4604	3909	3211	2586	2190	1906	1536	1200
827	8346	7173	6572	5280	4534	3780	3136	2534	2142	1881	1526	1162
828	8372	7296	6649	5518	4596	3886	3252	2658	2203	1898	1502	1218
829	8120	7247	6694	5445	4547	3780	3209	2635	2306	1854	1493	1194
830	8240	7368	6707	5459	4603	3821	3163	2661	2220	1870	1562	1232
831	8459	7284	6740	5567	4640	3843	3303	2681	2305	1924	1513	1211
832	8340	7155	6510	5441	4494	3778	3202	2565	2156	1853	1475	1192
833	8297	7181	6782	5372	4467	3864	3233	2561	2225	1839	1486	1181
834	8502	7284	6620	5401	4602	3918	3235	2605	2241	1895	1481	1222
835	8278	7318	6506	5354	4482	3777	3200	2525	2249	1857	1522	1212
836	7963	7132	6522	5412	4491	3749	3172	2637	2332	1827	1470	1199
837	8107	7194	6435	5439	4452	3794	3137	2620	2266	1865	1470	1200
838	8136	7159	6477	5413	4512	3768	3164	2500	2220	1844	1510	1146
839	8173	7169	6546	5389	4543	3714	3221	2559	2312	1822	1459	1212
840	8174	7226	7316	5296	4521	3732	3306	2538	2280	1843	1486	1187
841	8129	7300	7233	5422	4634	3854	3205	2685	2286	1894	1507	1201
842	8131	7153	6729	5258	4565	3805	3266	2616	2241	1885	1429	1194
843	7937	7131	6749	5443	4458	3772	3276	2527	2257	1864	1516	1187
844	7908	7108	6648	5309	4548	3790	3216	2433	2240	1823	1498	1173
845	8174	7166	6644	5462	4489	3711	3170	2410	2258	1822	1468	1175
846	8285	7168	7017	5443	4585	3861	3204	2675	2306	1811	1478	1204
847	8217	7179	6554	5316	4513	3745	3257	2531	2310	1907	1455	1204
848	8268	7196	6577	5417	4453	3753	3223	2505	2244	1867	1429	1195
849	8430	7174	6485	5341	4437	3790	3222	2531	2233	1876	1460	1174
850	8029	7179	7007	5407	4559	3818	3281	2598	2213	1836	1485	1176
851	8080	7162	6870	5449	4509	3733	3362	2634	2246	1857	1478	1163
852	7906	7098	6837	5447	4475	3777	3278	2609	2238	1852	1467	1177
853	8206	7204	6504	5370	4518	3738	3237	2567	2288	1839	1472	1173
854	8198	7205	6603	5313	4528	3710	3193	2593	2243	1813	1487	1171
855	8489	7247	6478	5330	4526	3798	3218	2541	2231	1818	1463	1169
856	8058	7223	6617	5335	4514	3782	3165	2622	2232	1835	1482	1212
857	7950	7144	6570	5464	4540	3772	3358	2621	2253	1838	1538	1199
858	8089	7141	6578	5301	4515	3758	3263	2587	2252	1841	1475	1184
859	7881	7170	6641	5331	4547	3806	3104	2623	2280	1814	1486	1167
860	8056	7126	6409	5365	4530	3777	3274	2567	2238	1819	1474	1167
861	8071	7147	6565	5283	4527	3705	3423	2667	2285	1860	1468	1196
862	8082	7142	6623	5296	4508	3652	3231	2467	2272	1825	1471	1163
863	8149	7168	6668	5441	4514	3676	3135	2572	2249	1795	1484	1176
864	8247	7135	6506	5315	4550	3677	3217	2595	2274	1823	1477	1190
865	7995	7190	6419	5358	4500	3767	3211	2581	2209	1854	1471	1148
866	8185	7161	7245	5366	4458	3684	3177	2528	2299	1814	1473	1157
867	8299	7173	6616	5401	4501	3717	3148	2522	2235	1853	1460	1157
868	8079	7394	6709	5472	4640	3832	3381	2624	2321	1909	1495	1219
869	8239	7169	6616	5394	4525	3750	3163	2444	2227	1859	1473	1214
870	7952	7241	6517	5334	4558	3735	3248	2417	2197	1843	1490	1172
871	8064	7247	6538	5311	4510	3746	3223	2509	2264	1847	1500	1157
872	8126	7106	6629	5409	4443	3747	3210	2608	2280	1868	1487	1205
873	8087	7062	6548	5250	4537	3775	3100	2625	2257	1853	1467	1140
874	8063	7147	6494	5267	4464	3756	3178	2558	2249	1865	1460	1130
875	8016	7207	6495	5389	4475	3708	3203	2573	2223	1884	1456	1150
876	8088	7157	6539	5310	4477	3691	3209	2497	2310	1864	1413	1172
877	8522	7320	6626	5474	4539	3810	3204	2550	2320	1865	1423	1202
878	8157	7038	6561	5403	4535	3839	3196	2580	2255	1872	1455	1183
879	8091	7132	6533	5360	4429	3823	3207	2589	2252	1862	1472	1161
880	8266	7214	6607	5400	4490	3731	3169	2547	2288	1881	1411	1162
881	8217	7099	6578	5383	4554	3771	3231	2550	2256	1866	1451	1123
882	8061	7044	6499	5332	4520	3755	3213	2539	2257	1812	1463	1152
883	8141	7098	7011	5348	4467	3766	3253	2595	2262	1836	1424	1155
884	8174	7232	6513	5269	4445	3744	3169	2541	2242	1817	1429	1154
885	8003	7125	6467	5332	4478	3774	3152	2481	2288	1845	1456	1136
886	8043	7131	6722	5316	4455	3753	3197	2523	2257	1839	1432	1188
887	8053	7210	6690	5441	4450	3824	3191	2581	2269	1882	1439	1184
888	8120	7196	6685	5428	4474	3747	3233	2522	2260	1863	1419	1171
889	8101	7045	6506	5222	4479	3788	3254	2509	2293	1819	1440	1172
890	8204	7174	6426	5340	4495	3713	3230	2612	2151	1872	1410	1195
891	8222	7146	6850	5346	4461	3768	3413	2549	2124	1877	1489	1156
892	8024	7242	6490	5439	4433	3794	3169	2464	2136	1881	1465	1183
893	8118	7169	6564	5383	4494	3742	3152	2614	2100	1835	1439	1149
894	8068	7227	6465	5336	4462	3742	3147	2620	2140	1798	1453	1157
895	7971	7144	6599	5401	4480	3793	3264	2597	2146	1823	1393	1181
896	8059	7145	6506	5364	4471	3798	3264	2616	2203	1806	1383	1164
897	8126	7119	6603	5344	4401	3703	3201	2590	2137	1841	1445	1170
898	8325	7228	6634	5403	4540	3762	3109	2603	2218	1838	1456	1211
899	7962	7150	6509	5331	4473	3749	3187	2518	2338	1794	1413	1185
900	8126	7111	6541	5371	4510	3708	3096	2456	2222	1877	1443	1204
901	7920	7232	6507	5301	4502	3762	3201	2548	2247	1833	1436	1167
902	8266	7292	6804	5383	4641	3835	3282	2539	2258	1879	1462	1157
903	8112	7147	6577	5458	4559	3791	3159	2548	2266	1911	1423	1197
904	7870	7162	6545	5351	4512	3743	3240	2603	2207	1850	1423	1160
905	8112	7156	6533	5385	4554	3781	3348	2556	2180	1793	1489	1188
906	8011	7108	6573	5391	4463	3793	3145	2552	2164	1815	1446	1180
907	8175	7272	6570	5331	4523	3800	3212	2638	2159	1814	1456	1199
908	7919	7071	6655	5270	4525	3756	3337	2401	2241	1825	1420	1168
909	7844	7110	6594	5352	4489	3823	3121	2577	2193	1849	1423	1169
910	8017	7217	6522	5359	4456	3767	3163	2433	2189	1879	1393	1161
911	7886	7137	6558	5245	4480	3780	3268	2605	2165	1795	1434	1163
912	7855	7170	6448	5365	4485	3735	3185	2558	2212	1798	1419	1172
913	8111	7149	6499	5257	4502	3685	3206	2533	2236	1801	1423	1173
914	8118	7169	6485	5311	4469	3743	3099	2515	2196	1787	1461	1186
915	8000	7118	6487	5392	4433	3726	3141	2582	2274	1815	1241	1149
916	8077	7151	6459	5387	4410	3663	3231	2551	2175	1797	1264	1169
917	7863	7248	6539	5344	4429	3758	3212	2573	2233	1792	1236	1149
918	8125	7091	6578	5193	4494	3770	3247	2524	2230	1802	1251	1179
919	8102	7222	7017	5321	4463	3738	3180	2477	2156	1766	1275	1119
920	8075	7149	6520	5394	4438	3682	3170	2532	2223	1794	1256	1118
921	8212	7138	6537	5344	4580	3661	3315	2620	2196	1818	1380	1151
922	7921	7187	6433	5354	4431	3697	3091	2592	2212	1803	1435	1168
923	8132	7200	6398	5290	4439	3718	3085	2542	2240	1769	1389	1160
924	8129	7095	6572	5390	4451	3698	3277	2569	2243	1852	1364	1168
925	7879	7170	6358	5312	4465	3786	3144	2524	2274	1799	1446	1182
926	7934	7136	6464	5129	4396	3651	3102	2528	2250	1775	1408	1130
927	7821	7202	6407	5350	4543	3725	3196	2547	2279	1856	1455	1174
928	7872	7206	6512	5283	4388	3742	3375	2583	2147	1827	1447	1158
929	8106	7176	6407	5301	4427	3729	3201	2663	2112	1838	1450	1146
930	7782	7155	7054	5325	4440	3761	3157	2459	2167	1785	1435	1120
931	8258	7051	6414	5280	4429	3726	3188	2601	2155	1839	1446	1153
932	8234	7218	6559	5376	4435	3755	3203	2529	2185	1856	1455	1156
933	8089	7119	6493	5253	4461	3753	3280	2639	2154	1807	1440	1202
934	8354	7111	6397	5295	4433	3715	3192	2552	2121	1792	1420	1144
935	8160	7151	6537	5363	4455	3724	3216	2608	2196	1846	1406	1151
936	8420	7207	6627	5412	4498	3755	3208	2614	2221	1854	1474	1198
937	8013	7167	6458	5400	4433	3768	3206	2633	2144	1838	1438	1180
938	8115	6992	6587	5254	4444	3722	3264	2411	2220	1825	1440	1215
939	8073	7206	6521	5304	4432	3691	3276	2558	2200	1858	1471	1177
940	8140	7167	7026	5319	4443	3811	3203	2558	2210	1835	1492	1212
941	7944	7132	6515	5246	4454	3667	3403	2591	2131	1835	1412	1168
942	8016	7047	6469	5263	4395	3668	3124	2569	2181	1844	1378	1147
943	8172	7222	6430	5337	4483	3767	3143	2628	2221	1806	1429	1196
944	8303	7195	6493	5309	4442	3702	3154	2632	2190	1789	1469	1157
945	8260	7338	6502	5457	4560	3858	3139	2644	2305	1884	1453	1165
946	8188	7363	6597	5440	4553	3733	3219	2643	2187	1906	1439	1184
947	8284	7212	6571	5273	4453	3761	3339	2631	2197	1874	1392	1176
948	8174	7216	6562	5259	4471	3740	3108	2672	2142	1874	1442	1221
949	8214	7096	6502	5345	4419	3754	3115	2604	2157	1836	1448	1155
950	8301	7223	6577	5349	4410	3767	3219	2711	2112	1862	1438	1196
951	8328	7189	6456	5355	4462	3723	3123	2479	2187	1836	1456	1175
952	8278	7041	6620	5356	4465	3729	3169	2447	2156	1814	1457	1155
953	8077	7139	6549	5233	4423	3992	3102	2574	2204	1822	1233	1154
954	8143	7321	6426	5289	4390	3989	3323	2437	2157	1849	1412	1153
955	8444	7268	6701	5382	4499	4102	3232	2666	2231	1901	1455	1193
956	8043	7060	6512	5345	4399	4035	3122	2547	2169	1862	1402	1162
957	8164	7277	6636	5457	4478	4048	3275	2666	2199	1844	1440	1213
958	7894	7016	6481	5424	4454	4083	3132	2443	2132	1838	1459	1153
959	7967	7146	6693	5374	4545	4095	3299	2610	2210	1897	1492	1209
960	8163	7212	6759	5380	4431	4100	3289	2454	2157	1867	1475	1172
961	8115	7162	6639	5368	4425	4057	3183	2431	2145	1884	1427	1162
962	7986	7096	6810	5239	4532	4012	3204	2579	2133	1783	1430	1175
963	8119	7116	6457	5321	4394	3924	3112	2429	2084	1843	1423	1170
964	8285	7087	6460	5275	4517	3995	3346	2583	2201	1833	1359	1143
965	8047	7114	6436	5344	4482	3968	3359	2579	2152	1830	1325	1166
966	7933	7057	6482	5294	4349	3968	3150	2539	2109	1885	1364	1166
967	8155	7118	6569	5336	4457	3972	3349	2582	2175	1836	1483	1150
968	8179	7296	6764	5311	4533	4053	3246	2713	2164	1838	1445	1190
969	8340	7242	6613	5343	4553	4058	3318	2631	2205	1857	1448	1221
970	8116	7101	6548	5319	4424	3970	3341	2587	2153	1825	1432	1195
971	8308	7109	6476	5343	4395	3978	3085	2510	2120	1859	1478	1160
972	8016	7088	6531	5335	4504	3923	3199	2602	2124	1834	1428	1167
973	7913	7130	6487	5270	4351	4018	3046	2607	2151	1800	1421	1161
974	8042	7142	6528	5265	4448	4009	3162	2555	2119	1838	1443	1167
975	8226	7093	6572	5353	4456	4022	3189	2549	2147	1817	1412	1147
976	8163	7147	6577	5321	4470	4012	3204	2603	2185	1849	1442	1168
977	8442	7333	6588	5460	4508	4003	3227	2588	2172	1888	1371	1212
978	8278	7261	6532	5348	4483	4010	3238	2623	2175	1810	1400	1140
979	8385	7195	6565	5384	4431	4002	3112	2546	2181	1857	1502	1177
980	7956	7154	6469	5415	4465	4016	3210	2548	2163	1848	1420	1137
981	7993	7192	6476	5392	4477	3959	3242	2534	2105	1802	1424	1165
982	7959	7217	6540	5287	4362	3979	3317	2454	2178	1816	1266	1142
983	7908	7127	6501	5279	4454	3976	3151	2575	2185	1858	1453	1130
984	8384	7299	6557	5415	4546	4064	3171	2676	2211	1872	1416	1198
985	7988	7131	6509	5387	4433	3685	3079	2591	2150	1838	1407	1168
986	8228	7262	6570	5260	4443	3759	3368	2667	2189	1860	1452	1158
987	8108	7185	6550	5315	4548	3817	3258	2596	2158	1877	1463	1189
988	8258	7193	6736	5444	4542	3744	3316	2515	2120	1873	1444	1170
989	7990	7077	6960	5344	4443	3681	3238	2429	2113	1870	1379	1155
990	7975	7166	6427	5395	4386	3741	3257	2464	2112	1833	1446	1117
991	8004	7012	6552	5309	4435	3737	3315	2455	2109	1834	1436	1157
992	8092	7126	6476	5192	4413	3768	3148	2417	2120	1850	1364	1148
993	7996	7116	6896	5339	4396	3643	3137	2433	2139	1794	1412	1137
994	8022	6987	6495	5282	4428	3665	3097	2504	2157	1790	1446	1151
995	8114	7035	6562	5289	4479	3660	3138	2572	2119	1870	1421	1124
996	8008	6977	6571	5296	4510	3683	3228	2595	2105	1835	1460	1173
997	8228	7110	6576	5321	4471	3749	3153	2594	2132	1788	1450	1115
998	7971	7157	6672	5346	4507	3744	3212	2594	2167	1878	1439	1197
999	7953	7058	6504	5356	4393	3718	3164	2497	2111	1801	1454	1122
