time	200	160	128	102.4	81.92	65.536	52.4288	41.94304	33.554432	26.8435456	21.47483648	17.17986918
5	109	95	67	51	50	49	45	43	47	45	43	40
6	103	83	66	55	51	44	46	49	49	47	43	41
7	101	81	64	60	49	43	43	46	48	44	42	45
8	103	85	74	59	48	48	44	42	45	45	41	47
9	114	83	71	53	56	48	49	45	48	44	42	42
10	102	88	67	68	54	51	48	47	45	43	43	52
11	116	91	73	68	58	49	52	51	46	44	41	48
12	123	93	80	86	61	53	49	46	43	49	46	50
13	136	98	87	89	67	56	50	52	49	47	45	48
14	150	117	95	103	72	57	51	43	45	45	49	41
15	172	119	100	123	84	62	53	51	43	47	45	40
16	216	136	117	142	95	70	51	48	45	46	46	48
17	251	151	138	172	110	72	54	46	51	50	44	51
18	274	163	158	183	112	75	51	47	46	44	48	48
19	311	193	181	242	126	81	56	52	51	43	48	45
20	360	220	208	260	150	83	58	51	49	47	48	45
21	428	261	238	303	160	90	63	51	48	51	45	49
22	481	285	267	357	190	93	60	46	55	44	44	45
23	563	331	293	376	221	107	68	60	51	47	45	51
24	620	363	362	430	249	118	73	52	43	46	44	44
25	706	442	409	492	262	125	73	56	48	45	51	51
26	802	490	450	543	296	131	74	60	53	48	44	51
27	883	550	530	597	323	145	81	59	54	45	43	43
28	1009	589	603	686	359	166	96	65	53	51	49	50
29	1095	711	666	734	384	186	110	58	57	43	48	50
30	1222	785	703	807	430	205	102	69	55	52	51	50
31	1321	832	772	864	439	214	110	65	51	49	47	54
32	1466	914	848	927	505	238	119	70	57	56	47	54
33	1529	1035	952	967	537	253	140	77	62	57	50	51
34	1633	1104	987	1085	564	312	141	78	61	51	53	57
35	1766	1210	1075	1105	590	301	140	88	63	58	49	58
36	1877	1230	1162	1166	649	345	166	88	67	71	56	62
37	1930	1409	1225	1233	691	371	176	91	66	67	56	59
38	2124	1463	1290	1316	712	391	176	100	75	68	58	66
39	2162	1499	1354	1415	757	445	197	104	74	65	58	76
40	2257	1620	1420	1457	776	456	211	111	77	72	65	67
41	2350	1656	1511	1474	836	485	221	115	85	89	69	89
42	2470	1792	1568	1563	868	500	234	116	97	88	78	88
43	2456	1786	1619	1625	925	545	245	122	103	88	80	92
44	2628	1892	1674	1723	927	586	256	149	105	96	84	95
45	2708	1977	1686	1764	992	588	282	157	118	102	93	107
46	2783	2078	1785	1794	1045	613	297	158	120	110	102	110
47	2806	2142	1768	1894	1067	652	319	173	125	112	97	112
48	2867	2170	1808	1953	1107	701	315	181	130	120	115	133
49	2975	2229	1843	1985	1156	727	348	189	144	136	129	139
50	3021	2353	1933	2046	1184	757	370	213	158	148	135	144
51	3165	2337	1942	2156	1234	772	368	221	158	160	153	173
52	3128	2381	1941	2202	1267	814	376	228	179	182	160	177
53	3218	2505	1979	2276	1319	821	409	250	192	180	172	194
54	3353	2518	1989	2284	1376	859	425	267	190	222	187	220
55	3490	2542	2042	2348	1416	861	428	276	210	224	204	243
56	3515	2579	2071	2390	1409	906	446	294	229	232	221	268
57	3573	2707	2160	2480	1471	943	468	308	260	264	265	312
58	3608	2694	2146	2589	1549	961	490	308	255	272	280	308
59	3738	2770	2110	2596	1517	957	507	331	271	287	293	335
60	3778	2822	2160	2681	1628	1047	514	329	278	297	313	336
61	3783	2852	2206	2814	1661	1003	512	343	305	316	324	390
62	4024	2874	2220	2685	1695	1037	531	378	320	343	373	421
63	4075	2953	2261	2822	1728	1084	549	405	361	369	384	440
64	4092	3027	2322	3021	1762	1136	576	397	349	395	438	451
65	4162	2954	2322	3072	1825	1126	577	440	396	413	439	486
66	4198	3011	2308	3100	1917	1218	625	457	404	436	481	533
67	4342	3093	2366	3115	1920	1183	634	464	425	440	512	568
68	4331	3116	2362	3230	1985	1222	645	473	438	502	560	588
69	4422	3195	2387	3291	1997	1234	620	515	447	505	571	642
70	4534	3217	2479	3423	2075	1287	651	518	476	543	587	658
71	4565	3257	2456	3320	2098	1344	696	534	505	556	666	681
72	4671	3283	2521	3547	2108	1344	694	580	545	600	678	705
73	4806	3346	2483	3605	2153	1356	722	579	539	622	709	749
74	4835	3387	2579	3550	2219	1400	743	569	565	653	706	811
75	4941	3392	2629	3820	2290	1430	746	626	583	674	783	803
76	4949	3427	2629	3847	2316	1491	767	640	610	694	829	834
77	5014	3467	2638	3847	2355	1513	784	669	638	711	841	896
78	5101	3526	2672	3892	2432	1545	806	670	653	767	859	910
79	5288	3554	2741	4066	2491	1530	831	706	693	796	891	960
80	5266	3617	2797	4100	2520	1568	862	731	698	816	918	1002
81	5365	3547	2770	4123	2612	1638	841	737	721	875	950	979
82	5380	3663	2812	4203	2627	1634	878	732	780	872	994	1056
83	5513	3675	2867	4308	2638	1631	878	798	782	917	1039	1051
84	5563	3702	2869	4436	2648	1672	944	790	835	922	1060	1121
85	5635	3737	2943	4438	2733	1703	917	805	830	987	1072	1117
86	5643	3745	2982	4550	2828	1744	962	861	865	1000	1072	1168
87	5676	3787	3028	4580	2828	1768	1002	883	929	1024	1112	1185
88	5767	3819	2991	4689	2924	1808	996	897	931	1074	1144	1205
89	5816	3868	3006	4698	2964	1823	994	920	954	1090	1207	1173
90	5906	3895	3082	4686	2961	1824	1025	918	979	1099	1189	1233
91	5933	3954	3076	4821	3062	1860	1010	950	1024	1145	1239	1264
92	6000	3932	3242	4909	3110	1938	1073	1012	1044	1174	1208	1294
93	6095	4062	3153	4922	3136	1973	1109	1048	1047	1196	1259	1343
94	6129	4052	3251	4972	3229	1988	1108	1081	1115	1240	1281	1352
95	6160	4079	3315	5126	3237	2025	1166	1122	1086	1229	1357	1383
96	6147	4102	3289	5110	3268	2056	1165	1103	1161	1286	1373	1386
97	6201	4177	3355	5190	3308	2087	1167	1146	1149	1295	1363	1403
98	6223	4185	3311	5204	3379	2099	1183	1156	1182	1327	1368	1411
99	6359	4194	3403	5149	3363	2158	1201	1190	1209	1415	1396	1474
100	6316	4293	3445	5271	3466	2180	1249	1200	1250	1411	1429	1438
101	6394	4234	3564	5378	3597	2234	1264	1244	1260	1454	1444	1442
102	6428	4285	3611	5437	3572	2272	1301	1263	1304	1428	1468	1510
103	6469	4331	3571	5452	3611	2263	1348	1257	1329	1494	1516	1489
104	6529	4379	3551	5431	3663	2339	1356	1304	1372	1526	1471	1532
105	6573	4453	3643	5539	3659	2355	1388	1339	1403	1569	1562	1492
106	6687	4365	3781	5622	3785	2337	1412	1371	1438	1573	1555	1531
107	6595	4398	3864	5537	3816	2407	1452	1367	1437	1640	1566	1528
108	6725	4602	3651	5720	3714	2384	1452	1391	1462	1597	1614	1538
109	6721	4498	3843	5736	3948	2497	1449	1435	1454	1678	1590	1564
110	6868	4560	3777	5797	3879	2504	1511	1481	1475	1680	1640	1569
111	6819	4617	3911	5760	3958	2506	1518	1461	1525	1691	1659	1598
112	6882	4539	4011	5832	4013	2639	1503	1481	1595	1729	1643	1580
113	7014	4676	3924	5913	4051	2681	1641	1550	1610	1741	1653	1590
114	7083	4568	4086	5934	4187	2747	1621	1543	1612	1762	1673	1565
115	7087	4694	4070	5909	4132	2731	1600	1584	1570	1803	1646	1590
116	7028	4822	4012	5992	4032	2756	1678	1631	1662	1871	1743	1647
117	7183	4827	4142	6121	4191	2833	1696	1701	1692	1853	1728	1622
118	7207	4828	4142	5979	4362	2909	1718	1691	1753	1912	1752	1639
119	7107	4876	4080	6085	4268	2836	1752	1689	1744	1849	1737	1616
120	7312	4773	4258	6055	4474	2948	1846	1763	1747	1926	1809	1631
121	7266	4886	4244	6151	4416	2932	1784	1793	1768	1959	1808	1633
122	7424	4830	4235	6228	4496	2997	1851	1866	1812	1976	1779	1578
123	7379	4955	4287	6279	4420	3069	1838	1876	1839	2014	1839	1631
124	7441	4936	4412	6323	4583	3055	1931	1852	1856	1988	1850	1665
125	7367	4971	4406	6294	4615	3066	1942	1883	1862	2017	1826	1657
126	7380	4992	4428	6352	4652	3174	1942	1910	1934	2009	1857	1679
127	7520	5065	4402	6375	4625	3185	1995	1962	1943	2039	1862	1672
128	7465	5020	4369	6383	4633	3210	2010	1998	1929	2076	1879	1655
129	7555	5078	4466	6505	4657	3192	2075	2008	2061	2051	1879	1668
130	7583	5039	4472	6579	4742	3343	2113	2054	2030	2098	1923	1659
131	7632	5111	4548	6499	4647	3270	2052	2093	2045	2067	1857	1638
132	7582	5092	4572	6484	4827	3509	2162	2123	2081	2116	1936	1678
133	7536	5177	4653	6657	4778	3392	2184	2157	2101	2152	1880	1650
134	7713	5189	4590	6588	4935	3406	2164	2148	2156	2141	1909	1695
135	7650	5323	4683	6663	4922	3560	2246	2211	2129	2190	1908	1719
136	7724	5261	4755	6622	5003	3465	2319	2259	2186	2213	1950	1699
137	7644	5306	4798	6614	5011	3570	2392	2259	2236	2236	1989	1701
138	7831	5428	4893	6751	5027	3549	2285	2248	2189	2225	1981	1694
139	7697	5394	4833	6755	5085	3590	2392	2349	2241	2300	1966	1754
140	7780	5352	4777	6737	4948	3548	2388	2414	2285	2297	1962	1712
141	7802	5324	4855	6615	5071	3830	2417	2443	2291	2319	1984	1752
142	7927	5487	4980	6791	5238	3784	2502	2399	2371	2323	2002	1736
143	7929	5478	4977	6768	5238	3753	2569	2458	2367	2300	1987	1757
144	7944	5509	4895	6739	5205	3701	2540	2481	2358	2317	2025	1758
145	7929	5633	4991	6713	5162	3713	2569	2487	2429	2315	2016	1752
146	7974	5560	5123	6946	5306	3946	2673	2573	2445	2329	2033	1752
147	8041	5620	5122	6791	5393	3923	2631	2574	2391	2380	2056	1750
148	7995	5530	5165	6798	5349	3812	2659	2584	2412	2324	1957	1746
149	8103	5596	5231	6770	5422	4031	2695	2682	2488	2404	2046	1809
150	8111	5589	5134	6875	5382	4077	2825	2675	2481	2389	2043	1732
151	8182	5713	5314	6912	5517	4045	2791	2682	2490	2356	2059	1746
152	8103	5767	5145	6976	5451	4131	2757	2719	2504	2345	2035	1764
153	8130	5763	5157	7019	5542	4121	2837	2748	2559	2469	2079	1726
154	8133	5776	5272	7022	5551	4071	2867	2862	2594	2445	2129	1789
155	8164	5819	5312	7038	5513	4092	2857	2761	2583	2449	2077	1780
156	8219	5853	5155	6977	5527	4076	2885	2881	2632	2436	2100	1781
157	8273	5809	5386	7033	5617	4272	2934	2929	2661	2522	2072	1774
158	8339	5847	5388	7095	5650	4338	3018	2881	2668	2473	2104	1788
159	8337	5902	5434	7160	5653	4159	2951	2946	2663	2500	2100	1776
160	8327	5959	5450	7178	5663	4448	3062	2938	2727	2536	2100	1829
161	8379	6009	5506	7184	5689	4332	3057	2936	2709	2540	2090	1784
162	8405	6023	5525	7228	5805	4357	3081	2999	2750	2501	2137	1755
163	8346	6056	5549	7102	5733	4473	3165	3106	2767	2530	2136	1803
164	8425	6089	5498	7235	5808	4391	3197	3067	2796	2534	2148	1775
165	8390	6029	5661	7140	5788	4429	3217	3080	2783	2517	2134	1754
166	8454	6024	5723	7211	5813	4519	3221	3141	2767	2556	2153	1787
167	8421	6160	5658	7183	5819	4541	3300	3147	2801	2539	2147	1817
168	8429	6143	5693	7288	5863	4519	3288	3173	2797	2561	2190	1776
169	8581	6188	5680	7264	5936	4653	3317	3188	2851	2576	2158	1750
170	8508	6184	5725	7354	5899	4610	3418	3216	2872	2608	2150	1799
171	8531	6107	5758	7346	5831	4672	3440	3265	2855	2541	2166	1780
172	8633	6315	5814	7319	5936	4599	3459	3268	2821	2568	2096	1799
173	8566	6197	5764	7373	5934	4631	3398	3221	2944	2606	2121	1754
174	8679	6307	5849	7389	5988	4743	3430	3294	2891	2577	2157	1770
175	8654	6358	5826	7407	6045	4564	3500	3290	3022	2599	2159	1790
176	8650	6356	5880	7463	6079	4710	3503	3372	2933	2555	2137	1808
177	8654	6401	5919	7383	6094	4684	3540	3326	2927	2569	2176	1758
178	8695	6479	6011	7407	6157	4852	3644	3545	2938	2648	2187	1758
179	8651	6371	5922	7383	6044	4877	3591	3437	2983	2628	2128	1781
180	8646	6386	6055	7462	6142	4859	3622	3369	2972	2633	2235	1772
181	8730	6469	5799	7552	5976	4735	3528	3410	3011	2653	2172	1786
182	8766	6468	6077	7523	6062	4866	3641	3471	3021	2662	2172	1777
183	8816	6544	6040	7310	6114	5052	3768	3591	3044	2667	2155	1797
184	8831	6416	6128	7438	6146	4884	3699	3486	3015	2699	2145	1809
185	8928	6478	6025	7504	6244	4840	3788	3572	3083	2736	2168	1823
186	8754	6452	6083	7559	6265	4916	3805	3580	3069	2719	2153	1814
187	8761	6457	6112	7565	6239	5032	3759	3620	3017	2711	2188	1772
188	8869	6642	5962	7522	6329	4941	3807	3594	3073	2687	2163	1805
189	8851	6567	6168	7619	6337	5080	3904	3651	3059	2705	2182	1815
190	8883	6558	6152	7554	6402	4962	3896	3690	3081	2720	2210	1817
191	8913	6698	6200	7566	6300	4982	3969	3657	3043	2715	2161	1822
192	8884	6569	6209	7591	6484	5158	3971	3756	3104	2757	2214	1828
193	8966	6730	6180	7657	6299	5057	4035	3715	3081	2757	2180	1865
194	9037	6634	6226	7642	6322	5142	3927	3796	3122	2723	2238	1836
195	8944	6709	6329	7613	6444	5194	4032	3765	3113	2739	2229	1837
196	8908	6791	6282	7616	6406	5023	4052	3877	3106	2762	2183	1781
197	8947	6795	6255	7729	6444	5123	4004	3813	3111	2693	2219	1833
198	9027	6845	6271	7588	6465	5056	4065	3778	3175	2748	2282	1839
199	9094	6642	6286	7678	6288	5099	4118	3868	3077	2684	2244	1862
200	9000	6768	6351	7658	6459	5158	4062	3890	3165	2739	2219	1839
201	9080	6676	6216	7568	6356	5111	4160	3877	3189	2811	2218	1820
202	9144	6870	6373	7634	6424	5208	4067	3993	3145	2753	2227	1830
203	9060	6783	6332	7595	6449	5250	4186	3891	3150	2766	2213	1807
204	8992	6900	6444	7736	6567	5320	4206	3963	3196	2791	2220	1817
205	9100	6976	6328	7783	6526	5216	4167	3951	3172	2783	2298	1830
206	9106	6887	6334	7745	6443	5180	4164	3834	3198	2750	2219	1842
207	9037	6836	6358	7577	6332	5261	4211	3982	3161	2768	2243	1857
208	9273	6801	6527	7684	6499	5297	4288	4024	3240	2802	2274	1856
209	9246	6873	6502	7687	6486	5352	4360	4064	3271	2810	2267	1795
210	9249	7012	6451	7732	6626	5315	4243	4080	3210	2790	2243	1833
211	9163	6967	6577	7717	6586	5396	4340	3968	3223	2774	2271	1800
212	9216	7090	6615	7816	6751	5433	4394	4147	3226	2750	2268	1828
213	9264	7038	6652	7707	6614	5458	4305	4016	3202	2788	2297	1830
214	9208	7081	6519	7737	6518	5365	4281	4030	3254	2828	2299	1785
215	9127	7075	6608	7853	6627	5448	4471	4315	3225	2768	2260	1801
216	9292	7114	6634	7794	6645	5400	4478	4155	3259	2753	2260	1816
217	9305	7103	6615	7805	6535	5428	4520	4120	3286	2786	2235	1839
218	9220	7212	6650	7890	6647	5513	4547	4216	3317	2825	2339	1797
219	9273	7193	6535	7936	6599	5496	4285	4113	3233	2820	2247	1835
220	9309	7247	6628	8001	6684	5539	4512	4211	3340	2862	2273	1808
221	9411	7196	6687	8079	6660	5517	4438	4060	3280	2805	2270	1798
222	9358	7243	6590	7995	6515	5431	4482	4103	3274	2793	2259	1787
223	9289	7236	6733	8049	6680	5522	4659	4174	3208	2850	2264	1807
224	9473	7278	6703	7950	6580	5616	4583	4134	3216	2815	2263	1822
225	9414	7279	6772	7929	6575	5533	4520	4165	3308	2787	2288	1855
226	9469	7235	6696	7963	6695	5691	4567	4265	3280	2826	2234	1846
227	9519	7290	6644	7918	6638	5695	4584	4409	3354	2838	2241	1879
228	9451	7197	6683	8021	6801	5595	4646	4359	3341	2862	2309	1844
229	9532	7233	6645	7883	6882	5699	4695	4311	3324	2837	2321	1787
230	9530	7291	6728	7931	6782	5445	4579	4293	3268	2852	2306	1848
231	9539	7234	6748	7997	6746	5520	4668	4282	3324	2865	2311	1880
232	9423	7343	6802	8018	6709	5623	4594	4225	3285	2847	2309	1855
233	9436	7240	6717	7943	6691	5582	4509	4366	3309	2868	2290	1864
234	9449	7351	6751	7847	6717	5664	4623	4305	3343	2849	2292	1857
235	9533	7490	6883	8020	6714	5723	4631	4210	3398	2888	2251	1881
236	9394	7533	6834	8072	6837	5644	4795	4362	3350	2820	2265	1811
237	9626	7417	6824	7949	6751	5659	4847	4411	3365	2864	2242	1845
238	9686	7406	6899	8103	6825	5720	4769	4345	3416	2870	2269	1854
239	9550	7442	6777	8001	6684	5621	4737	4409	3342	2897	2289	1795
240	9674	7568	6927	8087	6754	5785	4824	4434	3380	2861	2277	1875
241	9612	7449	6836	8080	6743	5708	4730	4427	3393	2823	2258	1823
242	9649	7597	6885	8062	6810	5761	4839	4473	3381	2869	2287	1861
243	9520	7540	6925	8123	6816	5696	4710	4374	3386	2820	2324	1844
244	9610	7492	6878	8064	6851	5784	4836	4407	3395	2844	2267	1866
245	9625	7557	6973	8136	6745	5806	4836	4453	3432	2826	2309	1835
246	9759	7514	6893	8124	6819	5778	4921	4535	3448	2916	2319	1847
247	9690	7497	6995	8089	6796	5684	4777	4386	3468	2865	2292	1866
248	9715	7582	6936	8163	6891	5805	4825	4389	3420	2870	2296	1846
249	9593	7544	7015	8133	6972	5900	4959	4473	3502	2877	2297	1860
250	9604	7635	6966	8061	6939	5971	4809	4445	3459	2960	2287	1835
251	9699	7594	6988	8135	6976	5868	4797	4422	3421	2857	2311	1836
252	9822	7617	7085	8207	7009	5875	5023	4500	3492	2906	2307	1829
253	9690	7698	7011	8193	6892	5733	4920	4405	3456	2863	2308	1820
254	9789	7617	7026	8042	6799	5755	5058	4529	3523	2912	2239	1926
255	9807	7647	6886	8069	6736	5910	4818	4513	3431	2891	2324	1871
256	9722	7568	6994	8059	6832	5820	5069	4746	3534	2879	2317	1821
257	9829	7759	7117	8043	7043	5872	5034	4536	3507	2941	2344	1881
258	9856	7675	7067	8168	6923	5941	4956	4431	3446	2880	2277	1866
259	9765	7631	7035	8183	6923	5753	5081	4533	3472	2920	2341	1894
260	9916	7677	7092	8069	7004	5812	5019	4578	3501	2954	2329	1871
261	9936	7672	7170	8192	7046	5876	5019	4525	3466	2927	2254	1866
262	9869	7728	7197	8208	6962	5949	4941	4540	3554	2923	2280	1834
263	9950	7841	7126	8277	6993	6013	5139	4517	3515	2934	2330	1863
264	9870	7792	7044	8333	6966	5910	4996	4563	3527	2887	2342	1834
265	9940	7838	7170	8224	7014	6018	5144	4522	3535	2912	2297	1838
266	9932	7841	7221	8197	7166	6029	5084	4555	3526	2909	2323	1832
267	9977	7840	7202	8178	7055	5956	5042	4441	3475	2942	2273	1807
268	10009	7871	7068	8212	7005	5932	4959	4462	3423	2893	2275	1829
269	9893	7852	7226	8161	6898	5947	5142	4606	3549	2903	2291	1827
270	10057	7937	7160	8311	6922	5960	5139	4589	3556	2929	2320	1848
271	10058	7908	7265	8269	7111	5969	5219	4665	3520	2937	2279	1837
272	9982	7992	7179	8206	7181	6034	5201	4735	3556	2879	2271	1869
273	10016	7889	7270	8229	7106	6007	5185	4471	3533	2918	2259	1860
274	9990	7997	7223	8266	7147	6034	5197	4652	3553	2931	2338	1863
275	10079	7923	7260	8260	7100	5971	5033	4633	3556	2942	2282	1856
276	10017	7918	7296	8167	7061	5990	5166	4752	3526	2912	2301	1857
277	10090	8055	7320	8225	7214	5999	5163	4612	3544	2911	2323	1859
278	10039	8016	7366	8259	7075	6019	5146	4590	3678	2884	2243	1858
279	10024	7966	7270	8253	7081	5940	5090	4538	3598	2945	2274	1826
280	10032	7961	7205	8357	7025	6004	5261	4629	3579	2946	2292	1838
281	10109	8037	7308	8239	7132	6097	5069	4606	3538	2884	2292	1848
282	9983	8057	7338	8307	7134	6052	5239	4844	3553	2946	2275	1839
283	10079	8187	7232	8261	6877	6001	5131	4557	3525	2936	2264	1836
284	10194	8029	7167	8322	7073	5970	5220	4695	3599	2955	2275	1841
285	10122	8054	7205	8321	7057	6022	5244	4715	3587	2957	2272	1827
286	10155	8068	7325	8407	7105	5951	5310	4701	3580	2871	2283	1836
287	10100	8099	7304	8312	7179	5939	5414	4795	3570	2953	2304	1890
288	10153	8148	7203	8416	7137	6007	5099	4627	3609	2941	2263	1867
289	10113	8101	7317	8348	7062	6088	5350	4782	3615	2951	2296	1878
290	10282	8201	7333	8358	7139	6093	5183	4683	3550	2996	2270	1880
291	10182	8186	7287	8429	7054	6080	5239	4773	3585	3016	2300	1849
292	10186	8110	7342	8325	7094	6119	5431	4782	3596	2984	2285	1864
293	10198	8179	7206	8389	7279	5943	5417	4755	3571	3022	2326	1873
294	10191	8284	7363	8431	7207	6116	5258	4858	3592	2951	2281	1864
295	10244	8258	7295	8401	7320	6133	5399	4783	3636	2935	2305	1856
296	10255	8226	7364	8325	7249	6095	5265	4760	3585	2963	2295	1891
297	10318	8167	7451	8459	7082	6113	5145	4661	3573	2884	2338	1840
298	10216	8247	7447	8511	7142	6036	5331	4723	3642	2953	2287	1897
299	10274	8314	7514	8543	7066	6146	5304	4689	3584	2945	2298	1865
300	10338	8209	7447	8504	7085	6085	5411	4765	3654	2967	2317	1873
301	10381	8243	7412	8588	7201	6149	5351	4757	3562	2992	2326	1887
302	10224	8285	7370	8598	7125	6165	5430	4777	3623	2985	2323	1852
303	10430	8302	7531	8599	7238	6157	5430	4813	3616	3008	2327	1835
304	10365	8336	7545	8568	7360	6307	5367	4791	3632	2941	2310	1825
305	10404	8319	7489	8590	7237	6217	5232	4645	3625	2983	2346	1856
306	10368	8350	7531	8626	7302	6187	5413	4892	3693	2910	2320	1894
307	10362	8271	7445	8553	7315	6243	5420	4718	3660	2925	2357	1867
308	10445	8395	7380	8460	7239	6251	5507	4766	3581	2972	2329	1901
309	10570	8394	7496	8467	7252	6207	5467	4916	3657	2973	2331	1838
310	10407	8300	7446	8619	7227	6288	5384	4757	3585	2911	2306	1840
311	10427	8387	7402	8591	7156	6215	5390	4777	3561	2914	2351	1858
312	10491	8357	7367	8628	7192	6184	5390	4774	3647	2967	2327	1828
313	10423	8405	7481	8581	7272	6241	5407	4773	3615	3008	2353	1857
314	10442	8389	7383	8672	7154	6194	5421	4804	3684	3000	2370	1867
315	10425	8422	7332	8617	7308	6204	5295	4607	3578	2958	2305	1872
316	10470	8364	7321	8694	7115	6303	5388	4714	3642	3004	2353	1859
317	10531	8378	7412	8673	7238	6396	5458	4738	3635	3032	2309	1825
318	10554	8375	7367	8619	7256	6363	5472	4796	3585	2984	2314	1832
319	10496	8372	7472	8730	7267	6273	5468	4791	3645	2999	2321	1849
320	10471	8376	7430	8633	7304	6370	5413	4782	3627	2934	2280	1869
321	10573	8389	7456	8610	7280	6215	5540	4858	3593	3028	2318	1839
322	10529	8370	7455	8684	7293	6170	5404	4779	3638	3019	2275	1899
323	10522	8342	7411	8666	7398	6226	5527	4846	3685	2996	2309	1874
324	10505	8482	7455	8617	7274	6274	5456	4925	3600	2969	2334	1857
325	10595	8428	7531	8698	7368	6255	5434	4884	3601	2992	2284	1851
326	10643	8392	7511	8653	7349	6300	5391	4813	3628	2989	2311	1838
327	10543	8432	7547	8777	7395	6352	5486	4831	3634	2976	2319	1872
328	10556	8439	7646	8695	7401	6204	5507	4983	3671	3028	2327	1868
329	10627	8499	7683	8694	7391	6282	5353	4821	3639	2999	2330	1876
330	10536	8412	7594	8679	7228	6250	5370	4794	3584	2982	2338	1901
331	10686	8527	7579	8727	7348	6279	5541	4787	3692	3053	2355	1884
332	10569	8534	7555	8816	7329	6309	5527	4845	3635	2995	2308	1887
333	10638	8518	7509	8767	7318	6441	5487	4927	3665	3047	2297	1891
334	10667	8562	7668	8899	7372	6362	5602	4939	3714	3007	2314	1839
335	10644	8581	7574	8747	7477	6383	5443	5091	3610	2976	2347	1870
336	10646	8472	7570	8933	7314	6258	5514	4822	3572	2946	2359	1874
337	10717	8537	7587	8866	7200	6311	5545	4833	3635	3019	2387	1875
338	10668	8616	7615	8839	7349	6317	5718	4985	3699	3011	2354	1863
339	10663	8496	7500	8790	7347	6281	5516	4968	3678	2969	2365	1879
340	10757	8536	7539	8830	7357	6356	5452	4797	3655	3007	2315	1874
341	10711	8527	7614	8859	7359	6362	5639	4941	3689	2947	2321	1861
342	10724	8686	7539	8846	7263	6384	5422	4854	3662	2993	2326	1872
343	10666	8581	7556	8939	7473	6322	5742	5009	3721	3063	2287	1857
344	10709	8677	7549	8813	7281	6499	5505	4972	3684	2972	2323	1866
345	10710	8566	7516	8811	7216	6347	5625	4827	3615	2994	2350	1854
346	10766	8547	7598	8890	7350	6404	5490	4865	3680	2998	2311	1849
347	10834	8609	7638	8902	7363	6419	5664	4986	3620	2942	2349	1894
348	10815	8661	7553	8896	7365	6387	5610	4938	3735	3040	2328	1858
349	10813	8652	7639	8945	7488	6437	5734	4973	3718	2954	2363	1866
350	10857	8637	7538	8911	7428	6448	5395	4998	3731	2999	2344	1855
351	10800	8679	7716	8926	7428	6431	5545	5079	3695	2922	2370	1852
352	10734	8774	7646	8845	7481	6537	5636	5024	3645	2992	2363	1873
353	10838	8811	7606	8932	7526	6431	5573	5043	3664	2985	2329	1870
354	10887	8720	7581	8983	7495	6471	5662	5065	3665	3055	2316	1897
355	10870	8668	7650	8940	7517	6481	5651	4994	3712	2977	2332	1838
356	10886	8666	7677	9090	7530	6495	5561	4874	3770	3053	2350	1868
357	10912	8778	7679	8884	7447	6512	5467	4827	3712	3038	2383	1828
358	10897	8734	7695	8955	7396	6419	5482	4899	3681	2996	2359	1837
359	10932	8693	7643	8891	7608	6508	5626	4909	3679	3069	2309	1841
360	10903	8642	7685	9032	7567	6498	5617	5019	3723	3062	2317	1839
361	10773	8765	7715	9053	7691	6523	5664	5041	3706	3077	2387	1872
362	10936	8819	7749	8957	7600	6572	5566	5017	3719	3012	2352	1845
363	10982	8830	7705	8929	7593	6552	5577	4935	3645	2987	2391	1841
364	10950	8779	7595	8995	7498	6521	5397	4867	3642	2990	2345	1878
365	10985	8765	7650	8854	7518	6585	5648	4800	3681	3032	2353	1868
366	10984	8667	7628	9005	7613	6513	5830	4991	3640	3017	2384	1871
367	11057	8687	7698	9033	7526	6497	5712	5052	3681	3010	2341	1873
368	11005	8703	7728	9142	7549	6621	5719	5075	3708	3078	2373	1842
369	11027	8794	7789	8992	7585	6553	5678	5087	3685	2983	2335	1881
370	10911	8666	7824	9017	7543	6580	5594	5038	3756	2942	2363	1846
371	10960	8696	7597	8989	7559	6577	5526	4944	3703	3004	2350	1860
372	11033	8650	7780	8969	7519	6612	5825	5058	3739	2976	2340	1847
373	10979	8808	7716	9117	7597	6596	5708	5070	3690	3011	2388	1878
374	10951	8703	7769	9010	7598	6605	5737	5090	3754	2941	2289	1829
375	11126	8785	7824	9101	7615	6538	5618	5020	3810	3038	2391	1835
376	11054	8815	7864	9156	7700	6633	5781	5067	3734	3034	2378	1891
377	11105	8827	7837	9155	7634	6593	5515	4870	3695	3020	2415	1836
378	11066	8800	7782	8988	7678	6510	5607	4940	3650	3026	2405	1860
379	11155	8889	7790	9080	7728	6483	5710	4910	3720	2987	2336	1866
380	11024	8808	7717	9061	7598	6555	5696	5112	3701	3020	2395	1861
381	11093	8868	7764	9150	7731	6594	5820	5229	3729	2991	2447	1891
382	11069	8841	7756	9045	7750	6535	5843	5210	3713	3019	2340	1869
383	11092	8859	7664	9052	7638	6643	5637	5081	3761	3058	2364	1835
384	11136	8810	7646	9071	7654	6657	5665	5109	3715	3006	2385	1854
385	11148	8849	7823	9077	7601	6644	5832	5128	3728	2975	2327	1864
386	11204	8776	7754	9207	7647	6589	5710	5160	3696	2975	2338	1805
387	11249	8802	7832	9158	7687	6640	5551	4974	3705	3019	2364	1867
388	11076	8948	7680	9111	7610	6518	5526	5047	3683	2982	2395	1827
389	11152	8862	7717	9135	7624	6558	5679	5054	3715	3005	2333	1895
390	11102	8972	7661	9091	7671	6559	5666	5006	3748	3015	2371	1869
391	11238	8911	7725	9117	7776	6608	5845	5074	3750	2962	2340	1864
392	11115	8955	7784	9201	7659	6581	5667	4956	3754	3036	2364	1866
393	11203	8894	7703	9114	7664	6527	5716	5032	3619	2997	2349	1843
394	11226	8919	7711	9121	7654	6649	5840	5223	3741	3052	2394	1870
395	11298	8971	7775	9265	7791	6660	5795	5172	3698	3012	2353	1855
396	11281	8929	7907	9217	7681	6745	5762	5088	3731	3028	2356	1878
397	11313	9005	7760	9220	7655	6742	5660	4995	3724	2976	2342	1827
398	11248	9012	7847	9229	7676	6544	5792	5161	3699	3009	2372	1839
399	11363	9071	7831	9261	7656	6674	5589	5168	3742	3004	2327	1867
400	11310	9013	7835	9319	7719	6691	5738	5192	3694	3041	2370	1854
401	11384	8974	7877	9307	7749	6598	5686	5159	3705	3018	2374	1891
402	11252	9079	7868	9206	7692	6687	5744	5121	3729	3020	2352	1830
403	11305	8985	7857	9210	7568	6660	5798	5114	3797	3016	2336	1891
404	11253	9161	7827	9359	7619	6764	5777	5145	3732	2947	2360	1871
405	11245	9010	7829	9169	7736	6597	5845	5213	3664	2956	2328	1795
406	11272	9031	7940	9202	7723	6634	5934	5165	3710	3052	2289	1844
407	11236	9131	7895	9296	7679	6681	5611	5182	3759	3048	2274	1850
408	11294	9019	7900	9263	7734	6713	5737	5067	3717	3075	2352	1871
409	11388	8966	7853	9252	7725	6734	5835	5166	3727	2992	2340	1834
410	11403	9061	7938	9238	7850	6725	5706	5201	3691	3017	2383	1877
411	11331	9044	7903	9309	7742	6786	5918	5158	3695	3042	2327	1838
412	11310	9103	7906	9274	7750	6737	5652	4989	3663	3002	2334	1904
413	11465	9117	7941	9451	7764	6657	5760	5224	3720	3005	2270	1866
414	11339	9071	7907	9321	7815	6792	5830	5166	3745	3071	2294	1867
415	11442	9160	7961	9372	7711	6754	5787	5243	3795	2978	2392	1875
416	11404	9105	7942	9466	7744	6702	5810	5147	3781	2995	2391	1843
417	11361	9139	7973	9309	7690	6775	5730	5195	3762	3035	2334	1895
418	11438	9166	7923	9344	7745	6790	5741	5165	3748	3030	2348	1872
419	11545	9136	7941	9371	7773	6734	5791	5272	3780	2954	2340	1837
420	11517	9195	8032	9307	7645	6738	5833	5115	3681	3017	2382	1871
421	11536	9210	7994	9361	7689	6770	5884	5103	3673	3015	2333	1830
422	11475	9192	7951	9401	7721	6711	5890	5182	3708	2978	2336	1855
423	11494	9222	7994	9408	7866	6847	5968	5128	3732	3042	2354	1838
424	11578	9239	8086	9486	7797	6864	5812	5126	3744	3004	2393	1864
425	11448	9310	7973	9454	7671	6839	5937	5140	3743	3032	2389	1881
426	11488	9271	8018	9453	7714	6917	6083	5217	3733	3066	2362	1867
427	11506	9330	7977	9416	7880	6872	5946	5176	3679	3044	2333	1881
428	11621	9415	8070	9436	7841	6832	5777	5223	3690	3013	2390	1868
429	11496	9295	8075	9473	7794	6857	5869	5231	3803	3043	2371	1869
430	11500	9354	7983	9445	7831	6852	5835	5202	3752	2995	2388	1895
431	11569	9424	8056	9412	7794	6773	5768	5196	3762	3049	2334	1851
432	11716	9247	8027	9492	7845	6774	5865	5080	3738	2985	2294	1878
433	11565	9374	7943	9437	7672	6934	5787	5144	3748	3029	2381	1891
434	11539	9396	7915	9398	7776	6803	5875	5203	3717	3085	2347	1909
435	11628	9434	7933	9529	7808	6870	5808	5211	3729	3021	2387	1882
436	11649	9418	8048	9504	7889	6893	5901	5139	3684	3023	2316	1891
437	11524	9444	7988	9516	7877	6848	5919	5185	3746	3034	2377	1887
438	11567	9350	8052	9565	7838	6851	6034	5201	3744	3072	2371	1875
439	11512	9366	8069	9480	7973	6983	5985	5181	3746	3082	2413	1890
440	11644	9420	8000	9491	7929	6937	5756	5150	3741	3063	2354	1918
441	11687	9468	7944	9381	7938	6890	5836	5139	3809	3045	2347	1881
442	11666	9316	8008	9561	7897	6891	5904	5169	3733	3118	2332	1910
443	11672	9464	8060	9444	7951	6945	5897	5185	3826	3041	2358	1872
444	11691	9501	8013	9585	7870	7022	6093	5094	3757	3011	2290	1928
445	11750	9419	8036	9469	7897	6977	5984	5246	3721	3056	2363	1881
446	11615	9529	8086	9621	7935	6914	6033	5298	3722	3093	2332	1893
447	11805	9457	8053	9512	7810	6956	5959	5151	3753	2989	2360	1873
448	11658	9388	8050	9580	7885	6885	5885	5269	3753	3034	2325	1882
449	11767	9397	7905	9548	7933	6990	5900	5193	3723	3044	2296	1859
450	11673	9612	8001	9621	8020	7014	6074	5234	3745	3009	2338	1859
451	11806	9481	8073	9637	8080	7001	6017	5171	3725	2996	2351	1900
452	11746	9511	8014	9672	7962	7049	6047	5237	3735	2988	2320	1929
453	11767	9549	8123	9657	7965	7023	6009	5228	3735	3013	2389	1843
454	11777	9447	8087	9607	7951	7011	5858	5291	3779	3023	2323	1865
455	11834	9628	8158	9653	7962	7000	6023	5209	3696	3076	2345	1872
456	11751	9566	8034	9648	8014	6991	5996	5236	3748	3044	2339	1871
457	11864	9514	8130	9624	8006	7056	5934	5181	3727	3083	2327	1870
458	11771	9600	8128	9736	8042	7013	6106	5264	3724	3062	2308	1890
459	11758	9527	8163	9657	8110	6996	6035	5234	3696	3096	2320	1916
460	11792	9551	8095	9716	8095	6937	6013	5298	3740	3066	2352	1864
461	11898	9521	8169	9630	8152	7012	5937	5290	3755	2983	2382	1854
462	11748	9606	8200	9841	8095	7001	5988	5195	3708	3111	2341	1885
463	11704	9618	8181	9814	8029	7083	5995	5241	3749	3029	2383	1902
464	11765	9572	8268	9712	8043	7079	5961	5306	3812	3060	2354	1851
465	11930	9622	8122	9725	8116	6988	5925	5298	3734	3041	2311	1887
466	11832	9599	8181	9724	8128	7039	5989	5248	3750	3046	2311	1880
467	11796	9635	8143	9755	8026	7036	5953	5224	3715	3029	2321	1862
468	11796	9579	8152	9599	7974	7012	5920	5169	3739	2969	2382	1857
469	11919	9720	8159	9644	8158	7073	6078	5113	3751	3073	2348	1898
470	12034	9797	8063	9715	8030	7078	6060	5189	3757	3020	2352	1867
471	11963	9695	8129	9767	8146	7082	5938	5221	3769	3057	2332	1867
472	11890	9696	8173	9654	8164	7128	5956	5282	3770	3018	2312	1857
473	11822	9598	8093	9750	8198	7040	5923	5206	3704	3056	2352	1840
474	11934	9591	8165	9870	8190	7020	6041	5316	3800	3068	2375	1882
475	11947	9672	8195	9861	8288	7079	6014	5258	3712	3095	2308	1900
476	12033	9702	8253	9765	8159	7168	5949	5159	3743	3105	2371	1881
477	11875	9703	8270	9830	8195	7133	5956	5271	3719	3065	2326	1905
478	11956	9725	8391	9861	8227	7126	6083	5355	3748	3037	2320	1928
479	11933	9677	8270	9825	8289	7002	6042	5346	3706	3104	2369	1898
480	11927	9666	8260	9809	8161	7038	6151	5382	3798	3160	2387	1913
481	11950	9686	8380	9803	8197	7071	6067	5262	3759	3135	2322	1918
482	11962	9746	8319	9880	8246	7046	5982	5219	3748	3038	2364	1906
483	11962	9736	8326	9904	8350	7161	6096	5293	3780	3080	2366	1868
484	11874	9743	8437	9942	8316	7053	6049	5281	3737	3093	2338	1864
485	12061	9831	8342	9848	8224	7132	6075	5402	3756	3070	2377	1907
486	11939	9797	8257	9899	8252	7162	6072	5371	3754	3095	2400	1893
487	11930	9833	8395	9839	8331	7072	5965	5323	3761	3076	2364	1843
488	12005	9737	8250	9871	8231	7033	6023	5324	3680	3153	2357	1869
489	11899	9841	8366	9876	8222	7037	6072	5318	3750	3119	2353	1902
490	12100	9813	8273	9958	8286	7057	6013	5272	3746	3083	2339	1843
491	12053	9764	8426	9928	8370	7061	6136	5305	3738	3076	2346	1874
492	12160	9814	8475	9819	8293	7031	6171	5376	3817	3135	2327	1882
493	11989	9797	8367	9892	8418	7053	6160	5320	3738	3075	2295	1850
494	12042	9850	8375	9853	8335	6933	6002	5325	3740	3072	2383	1849
495	12034	9756	8444	9868	8261	7039	6064	5307	3695	3031	2323	1827
496	12163	9798	8425	9916	8314	7038	6075	5328	3740	3118	2345	1886
497	12078	9907	8446	9876	8398	7089	6027	5135	3659	3145	2320	1899
498	12113	9711	8579	9970	8406	7112	6100	5317	3700	3122	2339	1852
499	12226	9860	8439	9830	8344	6957	6113	5214	3666	3090	2342	1823
500	12191	9785	8413	9937	8403	7010	6182	5319	3782	3084	2329	1854
501	12111	9946	8404	9806	8277	6958	6194	5332	3803	3139	2334	1897
502	12187	9915	8390	9838	8326	7156	6134	5248	3689	3056	2313	1888
503	12275	9810	8338	9828	8248	7101	6056	5351	3793	3074	2400	1843
504	12169	9864	8353	9907	8350	7026	6114	5364	3684	3090	2353	1899
505	12154	9780	8452	9985	8306	7124	6086	5301	3704	3077	2392	1838
506	12259	9884	8453	9995	8305	7080	6140	5234	3734	3067	2404	1890
507	12210	9788	8371	9920	8467	7108	6151	5368	3753	3113	2321	1865
508	12145	9919	8438	10018	8379	7093	6099	5205	3762	3084	2354	1910
509	12147	9927	8429	10018	8510	7083	6217	5310	3736	3091	2335	1880
510	12178	10001	8338	9894	8324	7190	6218	5174	3756	3092	2402	1839
511	12312	9904	8461	10008	8404	7058	6188	5298	3727	3114	2313	1841
512	12299	9976	8398	9934	8383	7069	6233	5416	3713	3062	2336	1871
513	12247	9994	8468	10007	8495	7091	6076	5391	3799	3067	2390	1880
514	12225	9940	8380	10061	8394	7198	6104	5350	3797	3069	2368	1879
515	12325	9890	8354	9951	8466	7173	6243	5272	3756	3087	2357	1911
516	12431	9945	8344	9943	8567	7094	6164	5322	3772	3111	2339	1903
517	12284	9950	8457	10048	8568	7210	6075	5267	3722	3026	2340	1899
518	12188	9886	8402	9934	8435	7132	6063	5365	3717	3095	2340	1852
519	12181	9943	8417	10025	8505	7186	6153	5133	3737	3088	2372	1871
520	12184	9954	8447	10181	8486	7175	6160	5289	3761	3109	2345	1864
521	12358	10008	8455	10055	8526	7185	6162	5362	3863	3089	2331	1839
522	12296	9884	8367	10065	8620	7200	6057	5194	3735	3048	2351	1979
523	12275	9998	8575	10058	8685	7224	6248	5333	3776	3098	2387	1868
524	12427	10105	8477	10139	8645	7217	6270	5323	3804	3094	2358	1886
525	12183	9973	8589	10095	8546	7167	6305	5349	3734	3013	2348	1873
526	12237	10030	8496	9993	8641	7207	6212	5385	3808	3073	2345	1912
527	12228	10066	8623	10134	8540	7229	6246	5397	3708	3103	2310	1869
528	12488	9902	8478	10035	8581	7240	6189	5279	3801	3031	2324	1865
529	12380	9961	8503	10125	8572	7100	6260	5437	3753	3100	2344	1878
530	12326	10050	8464	10048	8621	7149	6232	5267	3784	3070	2348	1901
531	12363	10113	8442	10107	8695	7204	6265	5298	3780	2999	2316	1831
532	12404	10003	8599	10114	8646	7250	6326	5321	3788	3061	2372	1886
533	12433	10099	8546	10101	8645	7245	6172	5301	3681	3060	2364	1838
534	12371	10075	8497	10271	8685	7318	6194	5320	3774	3016	2348	1872
535	12341	10081	8525	10242	8728	7177	6300	5426	3702	3076	2291	1891
536	12447	10215	8530	10207	8615	7265	6277	5332	3757	3028	2383	1854
537	12343	10088	8565	10157	8618	7153	6201	5371	3776	3056	2357	1871
538	12400	10178	8550	10285	8530	7296	6254	5438	3754	3073	2347	1875
539	12359	10085	8570	10253	8736	7268	6275	5282	3709	3021	2382	1899
540	12427	10091	8619	10310	8605	7288	6190	5285	3754	3011	2364	1867
541	12508	10161	8591	10224	8751	7361	6254	5364	3864	3063	2378	1875
542	12505	10025	8611	10227	8777	7263	6202	5425	3827	3072	2338	1899
543	12364	10166	8563	10206	8604	7333	6208	5346	3740	3107	2366	1916
544	12401	10156	8637	10208	8730	7289	6285	5435	3816	3035	2390	1914
545	12423	10201	8613	10165	8484	7278	6173	5418	3827	3052	2341	1893
546	12440	10126	8613	10327	8575	7198	6271	5399	3819	3118	2363	1884
547	12464	10255	8577	10302	8659	7185	6272	5309	3756	3079	2406	1869
548	12504	10220	8571	10208	8679	7223	6295	5404	3807	3065	2347	1876
549	12587	10234	8626	10224	8777	7330	6280	5284	3738	3100	2389	1880
550	12473	10143	8615	10290	8694	7201	6210	5338	3844	3076	2351	1928
551	12534	10222	8594	10219	8670	7153	6169	5364	3755	3051	2339	1869
552	12430	10273	8473	10283	8752	7229	6315	5434	3732	3090	2410	1886
553	12541	10289	8478	10243	8730	7314	6264	5362	3772	3088	2347	1895
554	12481	10229	8544	10257	8826	7255	6246	5294	3746	3090	2303	1895
555	12624	10314	8467	10269	8750	7221	6208	5316	3745	3014	2302	1893
556	12647	10230	8506	10328	8716	7304	6376	5370	3823	3076	2375	1864
557	12615	10192	8482	10346	8711	7251	6287	5369	3773	3043	2314	1900
558	12530	10307	8446	10284	8678	7253	6314	5280	3821	3069	2402	1919
559	12439	10274	8515	10298	8607	7258	6340	5368	3756	3029	2340	1879
560	12730	10259	8513	10230	8542	7171	6304	5444	3812	3107	2317	1881
561	12612	10397	8533	10339	8682	7113	6377	5395	3757	3079	2357	1889
562	12556	10370	8593	10358	8580	7200	6311	5435	3720	3119	2388	1881
563	12659	10245	8590	10276	8687	7227	6261	5416	3767	3008	2340	1880
564	12573	10401	8646	10382	8755	7225	6202	5365	3758	3067	2347	1919
565	12591	10353	8602	10392	8769	7192	6292	5464	3795	3047	2346	1925
566	12581	10406	8664	10416	8778	7140	6285	5436	3775	3079	2368	1874
567	12542	10406	8596	10302	8803	7256	6293	5350	3703	3020	2377	1910
568	12790	10451	8535	10431	8700	7259	6368	5430	3783	3070	2290	1893
569	12675	10408	8652	10290	8853	7100	6382	5456	3747	3056	2362	1906
570	12694	10455	8681	10364	8745	7134	6296	5402	3759	3104	2351	1878
571	12757	10338	8734	10341	8754	7185	6301	5489	3845	3125	2352	1898
572	12645	10395	8723	10423	8736	7263	6343	5490	3804	3101	2334	1875
573	12758	10454	8761	10307	8776	7280	6233	5409	3818	3074	2406	1921
574	12749	10452	8693	10451	8706	7245	6228	5380	3727	3109	2373	1914
575	12654	10440	8727	10391	8784	7235	6302	5432	3811	3183	2391	1935
576	12643	10489	8661	10474	8819	7293	6411	5399	3790	3151	2368	1868
577	12783	10511	8703	10362	8660	7278	6346	5452	3780	3059	2326	1892
578	12826	10364	8648	10407	8604	7169	6343	5496	3779	3131	2392	1917
579	12768	10494	8777	10430	8628	7332	6297	5451	3787	3080	2347	1898
580	12754	10506	8820	10382	8665	7268	6395	5434	3779	3078	2341	1923
581	12582	10547	8764	10438	8696	7129	6233	5374	3730	3162	2313	1938
582	12618	10463	8681	10436	8689	7251	6211	5400	3763	3151	2341	1891
583	12846	10430	8805	10455	8819	7135	6381	5467	3804	3171	2319	1918
584	12782	10614	8879	10434	8803	7279	6335	5433	3773	3084	2336	1908
585	12863	10569	8781	10476	8725	7194	6458	5498	3769	3122	2437	1899
586	12776	10515	8761	10450	8814	7215	6406	5470	3798	3059	2340	1889
587	12731	10564	8933	10348	8832	7221	6356	5392	3849	3103	2398	1948
588	12798	10530	8819	10355	8821	7225	6246	5548	3892	3187	2399	1885
589	12862	10472	8868	10399	8720	7195	6348	5394	3745	3120	2360	1932
590	12931	10473	8804	10451	8767	7211	6374	5489	3827	3172	2405	1922
591	12821	10541	8829	10535	8790	7332	6357	5369	3782	3095	2381	1909
592	12859	10555	8884	10595	8783	7340	6263	5377	3790	3104	2393	1947
593	12699	10478	8795	10481	8800	7295	6253	5419	3751	3033	2384	1896
594	12812	10523	8801	10603	8732	7293	6454	5411	3817	3045	2382	1898
595	12727	10622	8951	10506	8809	7224	6344	5452	3789	3148	2378	1889
596	12783	10547	8797	10522	8722	7259	6376	5414	3796	3128	2353	1891
597	12796	10677	8832	10459	8781	7289	6355	5479	3773	3094	2363	1913
598	12923	10722	8817	10475	8906	7206	6371	5381	3755	3072	2353	1900
599	12847	10650	8782	10462	8911	7212	6392	5368	3712	3112	2383	1895
600	12877	10635	8814	10458	8958	7096	6358	5390	3789	3093	2379	1934
601	12759	10621	8796	10624	8982	7351	6320	5294	3835	3109	2401	1910
602	12849	10611	8785	10465	8981	7158	6389	5509	3775	3136	2390	1895
603	12829	10662	8664	10535	8918	7176	6440	5503	3787	3078	2375	1935
604	12888	10647	8673	10495	8860	7265	6328	5484	3776	3051	2394	1916
605	12802	10757	8658	10625	8893	7236	6356	5384	3777	3118	2424	1881
606	12867	10651	8735	10638	8826	7201	6365	5488	3865	3108	2365	1917
607	12857	10775	8800	10637	8788	7189	6345	5460	3820	3149	2373	1897
608	12910	10647	8702	10547	8771	7225	6336	5533	3739	3098	2370	1906
609	12853	10681	8783	10606	8713	7243	6282	5491	3811	3073	2411	1871
610	12822	10608	8802	10538	8755	7366	6235	5429	3809	2987	2364	1856
611	12959	10798	8887	10664	8801	7297	6279	5368	3703	3101	2391	1945
612	13018	10629	8830	10701	8830	7202	6322	5365	3793	3087	2384	1853
613	12989	10739	8890	10653	8941	7270	6348	5356	3726	3016	2390	1938
614	12971	10671	8808	10725	8770	7322	6325	5398	3728	3022	2331	1847
615	12936	10768	8931	10710	8842	7261	6342	5428	3767	3041	2355	1917
616	12945	10753	8966	10781	8886	7340	6271	5344	3742	3031	2410	1869
617	13019	10685	8942	10740	8974	7308	6253	5408	3769	3041	2407	1898
618	12969	10614	8952	10621	9030	7371	6269	5476	3808	3060	2408	1925
619	13009	10746	8893	10715	8977	7372	6469	5405	3786	3073	2387	1906
620	13031	10788	9033	10697	8898	7366	6419	5349	3735	3012	2361	1912
621	13013	10760	9048	10622	8900	7298	6267	5499	3742	3109	2361	1906
622	12915	10788	8958	10702	9023	7291	6387	5551	3720	3034	2392	1914
623	13121	10730	8971	10700	8945	7187	6389	5460	3785	3058	2366	1859
624	12918	10922	8983	10764	8955	7327	6435	5384	3787	3085	2367	1879
625	12930	10769	8946	10712	9003	7412	6305	5442	3754	3028	2389	1942
626	12939	10831	8904	10762	8925	7441	6415	5453	3767	3032	2403	1937
627	13084	10778	9073	10643	8937	7292	6293	5545	3789	3076	2391	1911
628	13122	10780	9015	10782	8878	7362	6562	5442	3768	3046	2388	1838
629	13069	10872	8984	10820	8861	7267	6439	5500	3798	3044	2375	1904
630	13011	10912	8806	10666	8880	7411	6272	5226	3683	3035	2370	1846
631	12964	10886	8975	10665	8906	7403	6432	5428	3727	3012	2400	1863
632	13065	10841	9013	10647	9058	7374	6357	5422	3782	3005	2389	1895
633	13133	10868	8980	10719	8986	7502	6374	5475	3819	3037	2386	1864
634	13139	10839	9016	10629	8988	7415	6438	5429	3667	2997	2325	1831
635	13240	10815	8979	10523	9028	7428	6439	5381	3701	2998	2370	1867
636	13029	10868	9017	10581	9009	7302	6327	5516	3747	2975	2370	1899
637	13055	10754	8938	10668	8931	7328	6454	5513	3774	2964	2384	1870
638	13188	10916	9023	10677	9090	7341	6416	5472	3771	2996	2389	1885
639	13021	10907	8965	10682	8953	7379	6404	5381	3846	3070	2384	1857
640	13132	10792	9101	10746	9035	7360	6417	5387	3761	3072	2328	1874
641	13118	10792	8985	10784	8916	7266	6536	5591	3763	3026	2353	1884
642	13196	10825	8979	10849	8981	7338	6471	5512	3810	3031	2371	1932
643	13114	10898	9000	10811	8938	7424	6393	5337	3775	3015	2381	1931
644	13251	10961	8944	10776	8786	7230	6475	5520	3740	2980	2383	1890
645	13153	10935	9023	10904	8820	7215	6449	5536	3788	3064	2417	1917
646	12888	10858	8956	10732	8874	7172	6447	5520	3780	3026	2377	1875
647	13119	11055	8951	10704	8960	7336	6354	5480	3755	3019	2347	1881
648	13144	10851	8984	10824	8950	7291	6445	5566	3779	3037	2386	1846
649	13132	10917	9076	10802	8965	7253	6379	5517	3704	3058	2413	1873
650	13248	10962	9072	10668	9020	7299	6452	5496	3836	3019	2414	1884
651	13214	10963	9159	10802	9026	7474	6379	5437	3763	3025	2381	1929
652	13235	10897	9128	10858	9107	7280	6461	5411	3767	2997	2400	1900
653	13273	10890	9064	10849	9181	7328	6413	5463	3781	2968	2366	1857
654	13272	10921	9048	10974	9099	7226	6580	5548	3766	3019	2323	1864
655	13341	10938	9111	10834	9155	7330	6387	5330	3714	3010	2366	1875
656	13215	11036	9047	10904	9140	7349	6404	5542	3822	2991	2358	1887
657	13232	10965	9082	10823	9003	7379	6420	5413	3766	2999	2394	1887
658	13248	11051	9162	10940	9065	7367	6411	5449	3708	2993	2385	1866
659	13106	10994	9196	10796	9064	7270	6546	5515	3760	3026	2375	1930
660	13322	11054	9153	10855	9168	7296	6419	5485	3777	3060	2361	1891
661	13331	11069	9206	10893	9016	7387	6469	5545	3744	3039	2341	1922
662	13490	10959	9232	11015	9055	7255	6583	5423	3732	3073	2431	1890
663	13323	11059	9159	10755	9008	7268	6453	5479	3771	3006	2358	1906
664	13395	11008	9180	10841	8988	7311	6393	5385	3739	2991	2413	1896
665	13323	11015	9028	10846	9007	7358	6494	5560	3795	3052	2407	1892
666	13331	11048	9150	10862	9058	7345	6538	5537	3723	3061	2398	1861
667	13406	11116	9181	10813	9023	7383	6550	5484	3749	3053	2395	1883
668	13302	11132	9046	10874	9031	7288	6598	5488	3733	2998	2382	1883
669	13303	11026	9114	10865	9064	7286	6471	5424	3751	3008	2382	1867
670	13423	11178	9172	10904	9118	7395	6402	5408	3738	3055	2427	1956
671	13318	11112	9132	10870	9220	7399	6416	5362	3725	3032	2383	1866
672	13371	11057	9114	10988	9095	7439	6481	5397	3785	3043	2350	1897
673	13433	11010	9280	10866	9015	7353	6567	5522	3738	3035	2378	1901
674	13427	11106	9136	10840	9032	7406	6469	5566	3831	3010	2355	1875
675	13471	11087	9140	10978	9146	7435	6464	5411	3770	3030	2364	1904
676	13373	11125	9215	10804	9147	7440	6380	5514	3774	3016	2359	1914
677	13425	11192	9157	10910	9098	7375	6476	5457	3791	3015	2396	1924
678	13417	11070	9186	11001	9091	7234	6563	5470	3749	3040	2378	1879
679	13415	11173	9227	11037	9027	7429	6408	5408	3847	3113	2458	1864
680	13404	11238	9305	10930	9042	7330	6452	5521	3799	3071	2350	1901
681	13352	11223	9200	10974	9000	7270	6523	5592	3800	3036	2406	1896
682	13370	11106	9180	10923	9018	7452	6463	5452	3755	3014	2341	1885
683	13606	11210	9239	11172	9010	7287	6374	5533	3822	3023	2365	1915
684	13400	11136	9231	11116	9040	7297	6372	5439	3749	3078	2415	1875
685	13542	11190	9311	10959	9094	7293	6480	5429	3811	3019	2384	1912
686	13532	11193	9309	10953	8942	7401	6401	5554	3816	3076	2353	1872
687	13461	11062	9399	11034	9135	7239	6460	5550	3808	3091	2363	1918
688	13431	11179	9197	11016	9170	7290	6467	5503	3804	3063	2333	1946
689	13443	11226	9456	11055	9229	7423	6371	5418	3785	3099	2377	1860
690	13661	11278	9382	11041	9097	7324	6431	5589	3746	3045	2394	1887
691	13398	11230	9350	11008	9029	7334	6509	5607	3803	3055	2470	1869
692	13440	11267	9455	11137	8956	7335	6582	5538	3819	3046	2366	1905
693	13520	11218	9428	10987	9029	7292	6543	5516	3802	3068	2345	1887
694	13549	11332	9423	10924	8730	7199	6570	5551	3844	3054	2382	1919
695	13418	11223	9309	10973	9185	7324	6435	5415	3806	3006	2444	1909
696	13571	11243	9458	11044	9111	7311	6485	5237	3783	3100	2389	1934
697	13522	11331	9476	10949	9093	7346	6486	5434	3839	3039	2384	1888
698	13579	11271	9404	11036	9142	7405	6502	5506	3827	3049	2390	1891
699	13483	11232	9447	11004	9120	7440	6587	5547	3803	3027	2387	1887
700	13686	11222	9525	11053	9072	7296	6688	5598	3812	3049	2392	1855
701	13635	11313	9479	11071	9179	7259	6414	5446	3852	3049	2394	1907
702	13447	11364	9352	11019	9151	7467	6544	5377	3808	3055	2372	1909
703	13646	11276	9549	11101	9308	7363	6602	5450	3739	3067	2339	1938
704	13549	11333	9457	11029	9068	7302	6566	5548	3789	3017	2356	1898
705	13511	11467	9498	11084	9146	7336	6450	5494	3838	3037	2376	1883
706	13574	11375	9464	11141	9138	7316	6647	5472	3787	3035	2381	1912
707	13641	11300	9534	11084	9136	7355	6512	5488	3806	3072	2338	1896
708	13493	11322	9519	11157	9228	7463	6557	5592	3793	3069	2366	1941
709	13536	11288	9459	11129	9197	7440	6477	5478	3845	3091	2451	1903
710	13703	11384	9505	11115	9349	7456	6495	5389	3827	3073	2363	1886
711	13725	11366	9689	11085	9211	7377	6549	5303	3729	3090	2415	1916
712	13685	11416	9476	11088	9261	7590	6583	5421	3809	3042	2375	1895
713	13722	11385	9578	11154	9151	7349	6627	5589	3779	3103	2388	1933
714	13696	11316	9510	11190	9243	7484	6537	5576	3843	3095	2402	1915
715	13553	11487	9465	11182	9252	7355	6560	5588	3861	3080	2421	1892
716	13681	11374	9619	11001	9255	7441	6447	5403	3782	3037	2392	1876
717	13629	11454	9583	11216	9182	7381	6489	5514	3787	3066	2465	1889
718	13693	11493	9498	11178	9179	7329	6537	5515	3827	3079	2401	1901
719	13741	11379	9646	11157	9235	7351	6561	5406	3781	3046	2430	1902
720	13882	11412	9664	11138	9269	7419	6461	5501	3832	2986	2346	1862
721	13720	11406	9551	11016	9187	7448	6669	5447	3782	2940	2379	1900
722	13823	11483	9603	11178	9276	7442	6538	5492	3805	3122	2402	1934
723	13682	11407	9578	11027	9294	7418	6433	5429	3797	3038	2423	1927
724	13747	11491	9541	11192	9239	7267	6646	5686	3815	3019	2388	1900
725	13846	11469	9630	11225	9254	7346	6507	5484	3824	3002	2426	1929
726	13720	11526	9641	11214	9212	7410	6623	5485	3859	3026	2376	1922
727	13815	11434	9700	11196	9143	7341	6539	5506	3790	3018	2400	1934
728	13705	11482	9641	11146	9155	7367	6543	5601	3781	3055	2410	1882
729	13825	11443	9709	11270	9157	7195	6592	5539	3759	2985	2416	1892
730	13877	11491	9740	11162	9146	7324	6588	5480	3773	3037	2359	1886
731	13847	11576	9683	11037	9317	7295	6475	5479	3798	3004	2371	1898
732	13842	11546	9643	11167	9219	7373	6431	5446	3879	3010	2390	1905
733	13612	11520	9815	11117	9160	7287	6544	5559	3801	3053	2401	1886
734	13807	11457	9666	11192	9184	7318	6526	5533	3812	3097	2449	1902
735	13784	11591	9767	11349	9416	7405	6589	5560	3769	3004	2438	1933
736	13824	11562	9763	11325	9204	7390	6424	5367	3769	3089	2388	1895
737	13848	11552	9863	11252	9380	7457	6658	5537	3823	3035	2396	1898
738	13792	11519	9758	11174	9260	7330	6604	5577	3839	3038	2373	1881
739	13810	11649	9762	11214	9272	7522	6492	5412	3776	3009	2365	1891
740	13775	11584	9723	11294	9354	7559	6541	5517	3827	3027	2371	1951
741	13807	11556	9770	11060	9257	7561	6546	5505	3793	3056	2406	1925
742	13852	11544	9848	11169	9257	7372	6497	5499	3848	3016	2371	1900
743	13853	11642	9857	11258	9284	7501	6570	5524	3795	3024	2419	1890
744	13900	11603	9791	11248	9308	7436	6677	5497	3762	3086	2356	1944
745	13912	11503	9834	11177	9340	7469	6552	5488	3833	3093	2448	1890
746	13756	11642	9863	11157	9384	7473	6507	5386	3778	3010	2419	1905
747	13801	11653	9846	11151	9290	7553	6655	5461	3852	2998	2398	1898
748	13910	11586	9856	11293	9370	7261	6620	5500	3911	3074	2406	1930
749	13939	11700	9829	11224	9314	7439	6434	5506	3799	3084	2399	1913
750	13891	11602	9840	11272	9283	7314	6513	5474	3848	3140	2373	1873
751	13922	11751	9843	11264	9275	7442	6562	5477	3759	3030	2375	1883
752	14008	11581	9861	11337	9287	7371	6588	5488	3886	3023	2382	1867
753	13949	11638	9999	11353	9129	7311	6573	5543	3859	3026	2367	1858
754	13879	11709	9837	11335	9258	7412	6586	5520	3837	3113	2385	1823
755	13859	11580	9956	11386	9413	7424	6455	5448	3776	3053	2343	1904
756	14003	11612	9978	11253	9291	7394	6617	5585	3777	3073	2344	1912
757	14002	11644	9795	11252	9184	7310	6667	5565	3851	3086	2444	1871
758	13908	11669	9881	11269	9322	7513	6448	5483	3805	3055	2404	1889
759	13932	11706	9885	11215	9288	7414	6567	5583	3826	3100	2343	1893
760	14034	11797	9849	11338	9309	7412	6600	5544	3783	3051	2382	1923
761	13947	11791	10018	11303	9358	7465	6641	5544	3806	3046	2427	1883
762	14074	11787	9985	11201	9379	7429	6470	5468	3833	3082	2415	1908
763	13896	11710	9969	11264	9368	7274	6577	5572	3832	3145	2393	1909
764	14082	11747	9996	11272	9315	7448	6549	5487	3755	3086	2388	1900
765	14032	11580	10062	11204	9289	7372	6624	5571	3773	3061	2406	1854
766	14024	11801	9995	11270	9370	7383	6645	5637	3786	3055	2428	1894
767	13904	11666	10075	11235	9304	7461	6597	5515	3806	3058	2409	1887
768	13954	11612	9929	11364	9370	7399	6486	5491	3913	3038	2364	1847
769	13974	11731	10082	11257	9351	7491	6469	5442	3825	3119	2368	1929
770	14120	11657	10035	11256	9145	7373	6602	5619	3895	3056	2384	1905
771	13951	11732	9897	11279	9212	7331	6544	5493	3768	3044	2441	1907
772	13912	11696	9982	11413	9335	7333	6573	5486	3842	3018	2407	1933
773	13981	11747	10069	11443	9297	7385	6588	5511	3866	3001	2370	1860
774	14038	11830	10139	11358	9307	7401	6544	5610	3812	3112	2426	1958
775	13929	11746	10062	11304	9225	7381	6601	5441	3806	3089	2396	1922
776	14043	11913	9992	11344	9393	7365	6592	5456	3844	3077	2403	1926
777	13997	11841	10150	11386	9447	7485	6617	5478	3786	3095	2448	1912
778	13955	11845	10015	11345	9385	7524	6634	5571	3832	3032	2411	1896
779	13928	11802	10222	11391	9434	7511	6518	5493	3779	3087	2398	1916
780	14118	11777	10075	11210	9460	7441	6657	5603	3816	3045	2390	1915
781	14061	11893	10168	11306	9406	7436	6610	5527	3842	3120	2378	1899
782	13959	11818	10141	11404	9322	7490	6593	5489	3795	3128	2403	1872
783	14077	11807	10165	11251	9416	7517	6573	5381	3816	3069	2365	1861
784	14215	11716	10168	11464	9445	7416	6677	5489	3782	3080	2393	1889
785	14317	11779	10155	11321	9257	7433	6613	5567	3833	3096	2381	1894
786	14097	11825	10160	11323	9315	7389	6612	5589	3790	3065	2399	1875
787	14195	11849	10094	11420	9334	7552	6761	5573	3842	3085	2423	1886
788	14050	11857	10184	11453	9297	7521	6571	5662	3799	3092	2367	1946
789	14117	11879	10138	11477	9511	7439	6623	5637	3879	3091	2400	1886
790	14152	11941	10119	11411	9374	7388	6604	5558	3889	3113	2371	1906
791	14062	11952	10130	11392	9410	7429	6564	5445	3825	3047	2395	1917
792	14065	11821	10047	11289	9338	7430	6516	5483	3864	3082	2403	1890
793	14117	11908	10138	11411	9421	7475	6723	5501	3929	3121	2408	1913
794	13898	11909	10142	11351	9436	7533	6587	5583	3881	3091	2446	1912
795	14101	11878	10187	11499	9399	7318	6654	5558	3846	3106	2385	1890
796	14160	11893	10110	11344	9244	7320	6800	5520	3890	3053	2446	1882
797	13996	11897	10145	11413	9361	7432	6604	5425	3858	3077	2448	1962
798	14047	11943	10176	11393	9359	7391	6650	5588	3904	3134	2415	1895
799	14098	11796	10222	11515	9438	7421	6623	5548	3899	3066	2393	1964
800	14141	11988	10187	11503	9456	7332	6574	5567	3870	3112	2420	1900
801	14165	11930	10208	11467	9514	7380	6680	5574	3841	3020	2417	1930
802	14141	11989	10169	11497	9364	7429	6556	5513	3829	3064	2427	1897
803	13989	11947	10292	11491	9381	7344	6638	5454	3824	3096	2393	1931
804	14050	11900	10199	11516	9398	7502	6645	5429	3889	3090	2410	1942
805	14181	11896	10208	11455	9355	7550	6784	5664	3899	3137	2386	1926
806	14110	11995	10209	11384	9432	7374	6643	5580	3770	3030	2410	1913
807	14122	11855	10302	11419	9362	7518	6717	5592	3874	3145	2461	1916
808	14052	11898	10242	11390	9420	7285	6612	5638	3880	3115	2403	1950
809	14110	11841	10246	11465	9513	7444	6593	5597	3753	3079	2437	1881
810	14233	11932	10270	11438	9333	7304	6592	5561	3810	3106	2406	1939
811	14047	11928	10211	11433	9501	7388	6473	5496	3810	3057	2423	1921
812	14142	11985	10394	11467	9456	7362	6562	5548	3886	3103	2395	1919
813	14063	11940	10197	11507	9367	7423	6526	5445	3933	3024	2409	1934
814	14243	11938	10328	11571	9503	7379	6613	5567	3844	3110	2379	1930
815	14235	11900	10284	11483	9424	7271	6748	5586	3833	3118	2409	1902
816	14147	12019	10375	11529	9462	7441	6658	5583	3788	3108	2405	1912
817	14127	11972	10299	11446	9249	7358	6718	5604	3844	3060	2420	1935
818	14124	11977	10318	11507	9481	7355	6601	5493	3879	3058	2434	1913
819	14162	11990	10244	11515	9337	7470	6575	5585	3921	3078	2406	1896
820	14150	11954	10328	11482	9443	7520	6596	5576	3842	3121	2395	1934
821	14281	11996	10388	11437	9479	7410	6654	5532	3826	3106	2448	1916
822	14137	12067	10394	11369	9454	7412	6735	5707	3884	3135	2437	1909
823	14297	12049	10390	11452	9471	7475	6585	5512	3890	3104	2417	1910
824	14284	12019	10514	11600	9492	7385	6628	5579	3807	3043	2418	1917
825	14204	12010	10403	11459	9342	7399	6554	5361	3846	3070	2397	1886
826	14298	12068	10450	11593	9446	7367	6687	5354	3805	3110	2390	1909
827	14283	11993	10252	11447	9434	7404	6692	5575	3877	3123	2414	1923
828	14260	11964	10275	11614	9500	7409	6703	5532	3836	3097	2383	1917
829	14187	11966	10338	11545	9487	7470	6617	5453	3879	3151	2390	1907
830	14314	12006	10418	11602	9268	7380	6620	5590	3854	3110	2396	1941
831	14312	12025	10440	11655	9337	7494	6514	5541	3874	3089	2411	1926
832	14413	12153	10382	11493	9385	7462	6599	5515	3840	3117	2417	1893
833	14288	12036	10556	11522	9400	7451	6582	5460	3797	3078	2400	1948
834	14386	12022	10449	11451	9529	7422	6627	5517	3792	3078	2375	1886
835	14334	12024	10457	11518	9576	7561	6562	5408	3932	3039	2452	1899
836	14239	12015	10454	11496	9631	7608	6617	5463	3877	3097	2411	1931
837	14281	12051	10410	11475	9578	7581	6615	5630	3827	3050	2445	1879
838	14253	12060	10482	11524	9530	7613	6728	5505	3809	3121	2426	1936
839	14369	12159	10434	11592	9537	7646	6631	5456	3900	3114	2382	1895
840	14283	12002	10469	11396	9469	7493	6653	5438	3907	3075	2414	1919
841	14436	12175	10447	11497	9512	7556	6699	5601	3909	3095	2353	1899
842	14220	12032	10516	11570	9285	7517	6787	5663	3926	3067	2381	1967
843	14232	12104	10453	11602	9456	7465	6643	5539	3821	3047	2376	1909
844	14346	12234	10577	11556	9500	7570	6580	5511	3860	3065	2406	1917
845	14361	12144	10481	11548	9457	7608	6657	5518	3910	3025	2465	1906
846	14341	12166	10494	11634	9542	7596	6624	5522	3905	3047	2401	1893
847	14408	12085	10591	11594	9564	7644	6587	5508	3889	3077	2411	1914
848	14294	12187	10565	11671	9539	7594	6694	5550	3950	3055	2468	1910
849	14389	12057	10487	11476	9537	7490	6672	5504	3903	3047	2401	1909
850	14309	12138	10517	11493	9734	7450	6767	5517	3828	3076	2402	1911
851	14373	12153	10577	11603	9652	7461	6781	5575	3890	3140	2390	1945
852	14298	12115	10630	11483	9463	7428	6679	5606	3869	3044	2426	1892
853	14368	12108	10510	11678	9372	7411	6716	5562	3868	3103	2378	1930
854	14410	12151	10555	11581	9473	7437	6743	5478	3845	3094	2383	1916
855	14393	12147	10580	11709	9543	7476	6528	5389	3884	3094	2430	1873
856	14270	12199	10490	11610	9464	7431	6653	5636	3920	3092	2427	1888
857	14375	12180	10516	11593	9568	7385	6685	5574	3788	3042	2409	1912
858	14324	12143	10612	11512	9480	7542	6637	5655	3851	3116	2410	1912
859	14347	12206	10641	11732	9432	7505	6726	5578	3894	3037	2422	1886
860	14440	12200	10690	11777	9460	7495	6556	5582	3817	3125	2400	1890
861	14452	12101	10650	11725	9456	7526	6547	5450	3820	3114	2442	1927
862	14445	12140	10586	11695	9531	7427	6566	5666	3899	3097	2456	1921
863	14382	12235	10656	11685	9526	7434	6665	5562	3807	3024	2403	1950
864	14470	12057	10668	11651	9588	7456	6656	5421	3831	3124	2398	1919
865	14463	12186	10594	11767	9705	7545	6532	5492	3827	3164	2389	1864
866	14474	12140	10624	11637	9585	7456	6700	5527	3869	3114	2359	1924
867	14356	12148	10596	11806	9490	7508	6652	5629	3861	3135	2457	1918
868	14470	12162	10616	11727	9523	7523	6637	5687	3825	3175	2431	1940
869	14590	12200	10747	11705	9494	7377	6651	5558	3827	3072	2422	1896
870	14522	12099	10594	11599	9631	7530	6739	5552	3871	3095	2391	1894
871	14475	12186	10614	11633	9582	7556	6704	5453	3803	3090	2399	1879
872	14350	12133	10665	11751	9594	7587	6696	5589	3866	3069	2418	1949
873	14515	12188	10693	11659	9554	7590	6757	5648	3884	3076	2388	1933
874	14430	12263	10582	11799	9717	7629	6483	5538	3898	3080	2411	1942
875	14478	12188	10619	11652	9570	7668	6765	5608	3865	3150	2415	1891
876	14399	12219	10655	11694	9503	7637	6745	5631	3863	3161	2378	1886
877	14441	12267	10678	11652	9629	7523	6706	5542	3884	2997	2429	1946
878	14483	12256	10691	11542	9577	7573	6647	5537	3868	3101	2376	1948
879	14557	12265	10764	11654	9414	7396	6726	5687	3936	3100	2428	1939
880	14437	12258	10729	11677	9441	7262	6596	5536	3912	3069	2401	1923
881	14503	12311	10759	11639	9546	7503	6711	5599	3914	3102	2392	1888
882	14562	12304	10777	11593	9610	7526	6768	5651	3868	3147	2438	1955
883	14659	12146	10790	11634	9472	7374	6693	5489	3887	3039	2408	1964
884	14595	12345	10741	11516	9550	7436	6703	5570	3833	3096	2373	1952
885	14448	12243	10850	11699	9704	7447	6695	5453	3831	3049	2380	1880
886	14550	12346	10629	11591	9474	7488	6702	5472	3842	3083	2391	1937
887	14548	12327	10750	11673	9661	7658	6499	5507	3825	3135	2443	1914
888	14639	12257	10790	11705	9761	7563	6666	5561	3945	3119	2368	1943
889	14464	12338	10796	11706	9773	7430	6687	5537	3792	3030	2410	1865
890	14631	12187	10799	11657	9597	7610	6865	5636	3932	3063	2397	1896
891	14609	12433	10838	11815	9567	7625	6698	5575	3804	3098	2432	1898
892	14581	12288	10737	11758	9567	7495	6580	5573	3859	3061	2447	1921
893	14712	12315	10834	11649	9552	7591	6703	5588	3881	3026	2409	1912
894	14551	12334	10718	11673	9663	7512	6614	5528	3872	3082	2409	1888
895	14624	12216	10884	11721	9539	7426	6577	5620	3810	3042	2447	1902
896	14552	12301	10956	11628	9413	7498	6698	5639	3877	3065	2432	1936
897	14544	12359	10855	11751	9594	7531	6634	5530	3870	3085	2403	1884
898	14591	12389	10816	11729	9492	7487	6611	5656	3876	3109	2428	1895
899	14642	12431	10858	11727	9561	7464	6723	5550	3939	3077	2415	1948
900	14564	12369	10852	11676	9515	7522	6718	5560	3840	3101	2431	1914
901	14529	12235	10949	11652	9485	7593	6624	5575	3875	3008	2417	1929
902	14493	12403	10861	11618	9321	7477	6787	5632	3824	3074	2361	1941
903	14591	12293	10881	11636	9491	7584	6771	5608	3865	3040	2377	1918
904	14592	12420	10782	11591	9531	7509	6726	5592	3848	3150	2361	1953
905	14569	12373	10841	11726	9495	7584	6723	5588	3849	3075	2445	1882
906	14548	12447	10969	11712	9651	7557	6695	5548	3810	3058	2431	1877
907	14523	12362	10938	11747	9682	7534	6703	5529	3800	3138	2401	1926
908	14549	12383	10921	11776	9569	7563	6742	5493	3839	3086	2445	1943
909	14618	12336	10852	11680	9559	7548	6760	5656	3882	3124	2379	1892
910	14531	12407	10974	11699	9478	7537	6746	5532	3881	3083	2420	1953
911	14543	12465	10965	11753	9566	7541	6803	5579	3933	3103	2474	1922
912	14555	12387	10880	11698	9598	7570	6661	5548	3849	3105	2415	1914
913	14510	12465	11045	11738	9708	7543	6673	5537	3847	3137	2467	1902
914	14549	12341	10908	11689	9409	7554	6714	5493	3764	3105	2398	1934
915	14557	12436	10885	11792	9551	7445	6723	5729	3908	3112	2375	1886
916	14568	12349	10944	11725	9700	7581	6662	5456	3821	3068	2421	1899
917	14544	12315	10853	11799	9797	7738	6642	5497	3759	3030	2433	1882
918	14448	12330	11005	11780	9623	7611	6659	5607	3848	3082	2417	1876
919	14418	12440	10969	11716	9681	7609	6832	5619	3882	3068	2403	1931
920	14598	12360	11006	11860	9663	7613	6721	5603	3872	3115	2408	1889
921	14646	12412	10927	11863	9616	7680	6620	5492	3899	3101	2472	1934
922	14642	12458	11084	11772	9666	7647	6680	5561	3858	3038	2371	1925
923	14503	12424	11014	11725	9690	7559	6720	5639	3867	3084	2422	1920
924	14610	12442	11068	11809	9653	7580	6753	5560	3827	3038	2437	1932
925	14621	12437	11018	11737	9674	7516	6807	5593	3830	3085	2373	1927
926	14688	12450	11041	11885	9470	7537	6749	5679	3833	3133	2403	1908
927	14623	12438	10984	11757	9763	7537	6656	5479	3849	3076	2415	1939
928	14712	12403	11044	11774	9648	7478	6726	5513	3863	3062	2392	1922
929	14546	12462	10961	11821	9596	7623	6748	5544	3868	3111	2427	1941
930	14709	12441	11090	11891	9528	7557	6789	5658	3840	3115	2416	1929
931	14688	12447	11059	11806	9403	7477	6708	5577	3854	3096	2379	1875
932	14695	12520	11061	11800	9518	7484	6601	5558	3908	3103	2373	1925
933	14630	12474	11066	11877	9636	7497	6563	5542	3802	3105	2436	1932
934	14618	12453	11069	11872	9580	7553	6701	5571	3874	3093	2429	1895
935	14736	12488	11002	11839	9571	7517	6781	5584	3858	3060	2411	1932
936	14727	12497	10975	11677	9600	7523	6681	5715	3878	3100	2440	1900
937	14594	12484	11108	11882	9657	7587	6663	5516	3840	3083	2402	1935
938	14756	12335	11112	11890	9734	7730	6728	5430	3899	3018	2430	1907
939	14645	12356	11069	11801	9684	7652	6703	5698	3924	3139	2396	1902
940	14540	12452	11001	11811	9662	7563	6620	5509	3846	3101	2397	1931
941	14664	12463	11052	11836	9631	7554	6830	5589	3745	3074	2393	1947
942	14758	12454	11035	11831	9595	7577	6698	5575	3852	3050	2423	1863
943	14592	12578	11056	11752	9595	7490	6701	5697	3881	3074	2379	1905
944	14716	12536	11107	11864	9665	7627	6583	5532	3808	3054	2404	1900
945	14708	12435	11125	11893	9640	7653	6779	5543	3854	3081	2374	1923
946	14689	12434	11102	11717	9674	7675	6565	5465	3868	3151	2373	1916
947	14669	12426	11135	11820	9501	7610	6803	5609	3879	3071	2368	1891
948	14680	12504	11056	11847	9647	7553	6867	5702	3785	3155	2396	1891
949	14502	12585	11137	11824	9462	7605	6795	5662	3883	3131	2428	1911
950	14719	12580	11134	11774	9594	7662	6600	5555	3831	3040	2444	1905
951	14661	12511	11001	11866	9643	7462	6826	5666	3861	3192	2382	1919
952	14601	12547	11046	11887	9487	7497	6794	5655	3884	3114	2453	1872
953	14658	12548	11027	11900	9489	7554	6690	5563	3842	3092	2442	1943
954	14693	12644	11218	11879	9505	7543	6698	5648	3856	3095	2453	1922
955	14750	12510	11035	11874	9598	7593	6725	5566	3887	3121	2398	1925
956	14687	12570	11069	11803	9602	7577	6763	5557	3896	3088	2473	1945
957	14657	12527	11043	11902	9655	7495	6673	5519	3910	3152	2379	1930
958	14691	12562	11157	11653	9638	7557	6784	5580	3779	3108	2418	1924
959	14553	12546	11140	11863	9806	7695	6660	5576	3884	3084	2413	1960
960	14657	12562	11118	11769	9802	7673	6837	5669	3898	3079	2405	1921
961	14740	12565	11225	11803	9736	7779	6824	5505	3826	3046	2429	1892
962	14710	12638	11076	11793	9815	7683	6671	5422	3801	3059	2377	1948
963	14664	12513	11177	11829	9727	7582	6806	5549	3932	3095	2392	1906
964	14670	12562	11142	11792	9542	7608	6788	5632	3900	3104	2422	1905
965	14685	12516	11138	11818	9553	7503	6825	5623	3939	3069	2449	1888
966	14725	12592	11179	11885	9666	7434	6804	5499	3886	3145	2400	1976
967	14668	12467	11098	11896	9696	7644	6683	5511	3883	3130	2434	1875
968	14665	12552	11207	11801	9666	7540	6730	5602	3941	3090	2438	1899
969	14787	12602	11090	11818	9748	7463	6741	5546	3828	3114	2407	1961
970	14825	12631	11120	11786	9665	7485	6757	5562	3873	3162	2371	1945
971	14846	12649	11171	11823	9767	7735	6614	5581	3928	3116	2417	1931
972	14718	12596	11175	11859	9750	7569	6813	5631	3829	3135	2424	1892
973	14782	12551	11242	11885	9666	7443	6830	5578	3819	3110	2394	1916
974	14779	12555	11192	11784	9552	7499	6863	5642	3894	3144	2416	1956
975	14827	12643	11207	11917	9507	7539	6763	5687	3967	3142	2440	1944
976	14687	12670	11151	11930	9616	7674	6631	5492	3892	3143	2413	1930
977	14868	12659	11195	11824	9613	7480	6728	5586	3874	3137	2440	1931
978	14891	12619	11098	11844	9582	7492	6654	5535	3918	3150	2447	1935
979	14810	12644	11229	11909	9710	7570	6695	5580	3940	3069	2452	1919
980	14760	12692	11099	11952	9576	7544	6751	5685	3928	3109	2450	1942
981	14833	12639	11264	11964	9725	7568	6684	5640	3824	3099	2400	1874
982	14771	12720	11286	11848	9631	7579	6854	5638	3828	3141	2386	1917
983	14766	12632	11283	11788	9615	7517	6854	5658	3837	3122	2389	1940
984	14816	12611	11184	11864	9533	7452	6765	5697	3839	3085	2408	1899
985	14848	12805	11184	11863	9789	7656	6627	5544	3879	3087	2421	1916
986	14853	12689	11196	11875	9672	7590	6749	5692	3919	3127	2467	1964
987	14825	12653	11263	11837	9682	7568	6651	5661	3916	3055	2420	1903
988	14800	12723	11306	11957	9637	7414	6795	5600	3889	3120	2437	1936
989	14769	12690	11203	11799	9765	7514	6766	5669	3807	3075	2416	1890
990	14913	12605	11343	11849	9863	7665	6761	5550	3845	3085	2381	1938
991	14880	12664	11327	11872	9664	7597	6904	5707	3921	3136	2443	1923
992	14850	12643	11290	11836	9672	7617	6828	5611	3891	3067	2436	1928
993	14808	12804	11256	11920	9546	7571	6857	5649	3985	3142	2412	1934
994	14929	12731	11354	12020	9719	7581	6701	5524	3899	3102	2416	1942
995	14884	12697	11266	12016	9571	7510	6832	5650	3878	3125	2403	1923
996	14716	12703	11330	11963	9610	7527	6735	5491	3903	3069	2453	1891
997	14820	12673	11284	11960	9576	7537	6535	5499	3931	3172	2441	1938
998	14800	12686	11252	11975	9736	7504	6702	5553	3890	3075	2417	1936
999	14855	12671	11305	11964	9818	7546	6614	5559	3824	3117	2419	1913
1000	14863	12709	11301	11997	9721	7656	6806	5733	3815	3082	2392	1894
1001	14829	12682	11367	11928	9698	7569	6818	5553	3881	3048	2438	1927
1002	15003	12758	11294	11934	9753	7505	6961	5659	3876	3060	2391	1856
1003	14862	12708	11265	11917	9783	7623	6721	5514	3827	3047	2437	1905
1004	14743	12718	11262	12024	9741	7596	6859	5697	3838	3143	2435	1930
