time	200	160	128	102.4	81.92	65.536	52.4288	41.94304	33.554432	26.8435456	21.47483648	17.17986918
5	81	57	52	53	39	44	44	38	42	41	40	39
6	83	59	57	49	43	46	37	40	38	36	39	37
7	131	70	62	52	44	43	40	44	45	44	46	40
8	185	81	71	53	44	47	39	46	36	47	39	44
9	271	100	86	64	47	43	44	40	43	43	43	45
10	386	107	102	67	54	48	46	44	40	39	42	45
11	468	123	99	78	60	42	41	43	41	39	37	44
12	602	144	110	83	61	52	47	47	44	39	44	42
13	796	174	137	79	61	55	51	47	47	43	44	44
14	934	207	165	100	71	54	42	42	46	40	46	45
15	1129	235	189	116	73	61	53	50	48	44	43	45
16	1294	283	207	132	91	67	57	53	46	47	43	44
17	1523	356	246	138	96	66	53	53	51	49	49	44
18	1727	426	297	155	106	71	60	52	51	48	51	50
19	1938	502	343	193	128	80	64	64	59	57	53	45
20	2159	602	390	227	135	90	65	68	62	60	62	48
21	2407	751	438	251	139	92	69	65	66	57	57	53
22	2616	888	543	309	168	106	70	81	64	78	66	54
23	2851	975	628	342	176	121	83	84	74	76	73	58
24	3071	1176	749	391	223	142	83	88	85	87	75	61
25	3259	1305	831	435	229	149	96	99	89	92	90	71
26	3632	1512	974	515	260	172	102	107	90	90	91	67
27	3805	1698	1077	585	299	176	106	116	105	106	93	88
28	4002	1825	1215	623	324	189	103	124	104	113	119	95
29	4394	2005	1321	696	373	209	121	125	122	123	115	93
30	4496	2168	1472	828	382	242	120	151	116	129	132	106
31	4635	2286	1589	879	455	257	127	153	134	145	140	120
32	4840	2425	1684	962	486	300	137	165	146	148	160	129
33	4988	2707	1807	1045	536	302	149	169	154	175	165	140
34	5212	2807	1936	1087	586	347	160	171	155	186	181	160
35	5304	2887	2055	1207	657	392	171	194	179	217	192	164
36	5432	3014	2134	1306	708	400	184	221	182	216	226	173
37	5390	3204	2214	1380	735	438	207	214	180	247	235	198
38	5603	3197	2309	1439	778	476	188	213	202	289	241	193
39	5619	3256	2438	1505	860	523	213	262	209	303	269	244
40	5540	3439	2497	1585	911	567	236	255	214	342	294	237
41	5619	3402	2567	1621	965	606	239	280	230	337	310	268
42	5648	3519	2614	1708	982	657	256	300	235	392	322	283
43	5761	3520	2612	1758	1074	719	283	332	266	443	345	285
44	5829	3610	2701	1838	1099	744	301	340	288	462	372	328
45	5604	3584	2694	1809	1122	806	315	346	282	509	396	343
46	5684	3653	2808	1868	1181	835	318	378	299	538	417	362
47	5724	3637	2886	1963	1258	879	352	392	303	567	454	395
48	5856	3773	2809	1964	1242	918	358	423	329	625	469	402
49	5653	3742	2872	1960	1325	972	366	429	346	683	506	434
50	5829	3821	2956	2038	1339	1010	405	473	344	707	509	488
51	5829	3773	2914	2068	1391	1038	413	493	395	738	557	511
52	5771	3740	2951	2091	1413	1064	431	498	395	793	609	504
53	5833	3815	2937	2092	1437	1096	450	533	408	846	608	542
54	5937	3908	3040	2167	1447	1210	464	564	437	896	626	571
55	5898	3871	3067	2173	1524	1218	501	569	446	938	665	592
56	5770	3870	3039	2195	1547	1250	522	584	447	999	680	633
57	5896	3923	3149	2181	1589	1248	524	625	487	1031	698	659
58	5872	3870	3056	2263	1579	1333	536	672	497	1057	757	716
59	5921	3925	3087	2222	1595	1352	583	667	498	1141	814	725
60	5934	3982	3034	2220	1619	1355	580	685	531	1172	804	770
61	5836	3950	3100	2205	1624	1376	609	705	550	1207	850	800
62	5887	3959	2988	2281	1664	1411	633	728	548	1254	872	827
63	5914	3960	3115	2289	1710	1424	662	768	630	1338	930	835
64	5966	3920	3108	2285	1662	1444	704	770	621	1324	944	880
65	5924	3873	3118	2295	1667	1465	700	793	642	1402	973	932
66	5879	3843	3034	2285	1693	1459	723	804	678	1427	1007	966
67	5834	3981	3160	2292	1746	1484	769	866	675	1472	1035	959
68	5827	3894	3076	2325	1750	1483	742	868	670	1520	1091	1004
69	5911	3984	3065	2307	1780	1490	772	897	708	1465	1110	1050
70	5891	3905	3104	2356	1755	1487	777	892	703	1588	1138	1030
71	5918	4006	3125	2304	1721	1544	815	930	734	1575	1135	1089
72	5940	3918	3101	2300	1794	1534	824	945	777	1594	1161	1114
73	6020	3937	3085	2353	1765	1533	811	936	799	1592	1166	1129
74	5959	4007	3130	2263	1809	1583	837	949	807	1673	1202	1186
75	5936	3926	3048	2304	1846	1575	855	940	805	1672	1235	1185
76	5986	3979	3075	2289	1747	1557	869	974	816	1695	1286	1215
77	5920	3937	3085	2328	1797	1555	891	997	839	1682	1293	1257
78	6012	3997	3115	2358	1820	1598	909	978	870	1697	1309	1266
79	6026	3867	3146	2272	1811	1607	926	1026	881	1735	1264	1268
80	5832	3905	3121	2317	1811	1543	916	1033	891	1726	1332	1262
81	5800	3910	3130	2353	1861	1625	934	1025	909	1747	1351	1291
82	5861	3848	3100	2276	1851	1587	937	1022	931	1741	1378	1314
83	5925	3919	3143	2364	1812	1627	939	1067	974	1720	1368	1328
84	5916	3937	3144	2333	1799	1591	968	1014	955	1761	1411	1327
85	5797	3888	3032	2310	1829	1574	999	1032	968	1748	1402	1337
86	5797	3954	3093	2304	1746	1583	966	1044	967	1770	1418	1351
87	5852	3916	3076	2303	1855	1612	976	1054	984	1774	1421	1407
88	5787	3920	3136	2349	1829	1611	957	1064	991	1795	1402	1391
89	5770	3968	3111	2345	1823	1615	986	1057	1033	1794	1438	1432
90	5913	3957	3115	2405	1854	1687	1025	1117	1042	1802	1438	1407
91	5848	3971	3027	2333	1883	1636	1042	1103	1038	1809	1435	1391
92	5833	4018	3123	2322	1816	1618	1015	1123	1017	1776	1440	1391
93	5846	4107	3203	2354	1872	1640	1027	1083	1051	1844	1453	1403
94	5760	4066	3152	2281	1787	1607	1058	1079	1090	1832	1507	1447
95	5851	3936	3153	2299	1840	1606	1008	1116	1047	1812	1530	1398
96	5823	3990	3095	2288	1798	1640	1028	1111	1069	1852	1495	1433
97	5773	4052	3056	2309	1861	1671	1062	1095	1092	1798	1527	1444
98	5810	3931	3050	2342	1845	1595	1062	1128	1075	1770	1542	1463
99	5779	3906	3095	2307	1789	1614	1079	1101	1074	1784	1485	1496
100	5814	3856	3111	2278	1837	1632	1075	1089	1079	1819	1478	1467
101	5853	3913	3009	2341	1855	1649	1086	1140	1071	1787	1499	1482
102	5833	3867	3030	2376	1824	1626	1071	1155	1095	1863	1585	1512
103	5791	3934	3128	2355	1859	1644	1065	1092	1087	1833	1538	1503
104	5728	3938	3058	2351	1929	1697	1104	1130	1117	1894	1595	1485
105	5835	3948	3150	2327	1876	1655	1100	1146	1101	1853	1540	1540
106	5784	3957	3076	2360	1909	1673	1123	1175	1134	1822	1573	1526
107	5706	3915	3107	2356	1885	1658	1094	1133	1101	1852	1573	1517
108	5827	3962	3067	2348	1902	1628	1076	1164	1117	1870	1578	1562
109	5818	4070	3110	2324	1912	1640	1138	1120	1115	1871	1611	1520
110	5736	3966	3030	2302	1834	1627	1095	1123	1120	1887	1541	1515
111	5703	4031	3141	2341	1864	1664	1087	1153	1153	1836	1561	1550
112	5691	3993	3077	2316	1869	1636	1067	1155	1105	1877	1619	1537
113	5773	3857	3068	2309	1900	1644	1093	1204	1092	1880	1569	1561
114	5728	3943	3019	2272	1811	1637	1112	1135	1143	1846	1582	1582
115	5897	3966	3034	2355	1855	1653	1070	1143	1119	1813	1568	1576
116	5783	3949	3136	2352	1916	1661	1121	1181	1129	1861	1553	1516
117	5829	3871	3050	2378	1862	1653	1130	1123	1117	1899	1611	1568
118	5670	3998	3091	2396	1873	1618	1113	1166	1125	1881	1554	1570
119	5818	3961	3110	2328	1916	1684	1079	1170	1156	1877	1606	1557
120	5722	3988	3038	2366	1908	1628	1118	1165	1139	1862	1617	1572
121	5848	3970	3189	2312	1841	1649	1120	1168	1128	1897	1584	1555
122	5781	3960	3104	2377	1902	1668	1109	1141	1175	1892	1575	1562
123	5791	3967	3129	2331	1876	1640	1105	1172	1126	1899	1584	1553
124	5668	3904	3033	2350	1862	1680	1147	1139	1159	1881	1556	1558
125	5629	3885	3087	2337	1938	1708	1131	1186	1188	1887	1593	1567
126	5726	3905	3130	2308	1846	1660	1115	1173	1152	1894	1577	1588
127	5669	3834	3144	2350	1884	1703	1115	1183	1183	1856	1586	1538
128	5675	3920	3093	2337	1904	1736	1128	1185	1173	1893	1605	1566
129	5750	3890	3083	2369	1891	1636	1125	1172	1165	1867	1609	1603
130	5807	3982	3095	2367	1884	1679	1137	1164	1146	1886	1606	1623
131	5754	3956	3094	2319	1873	1667	1155	1150	1154	1909	1597	1614
132	5888	4065	3094	2342	1893	1628	1102	1155	1178	1914	1576	1623
133	5788	3996	3129	2332	1894	1640	1131	1152	1181	1928	1616	1600
134	5798	3956	3041	2310	1878	1694	1155	1168	1191	1884	1566	1619
135	5773	3978	3124	2303	1907	1671	1169	1170	1162	1899	1571	1553
136	5931	4048	3102	2325	1872	1646	1135	1142	1161	1822	1604	1624
137	5888	3975	3064	2328	1921	1690	1146	1171	1193	1879	1612	1650
138	5821	3953	3074	2279	1853	1648	1103	1169	1176	1887	1606	1558
139	5776	3902	3092	2273	1843	1643	1141	1154	1164	1892	1603	1550
140	5806	3889	3097	2287	1876	1690	1158	1213	1208	1871	1569	1603
141	5681	3909	3020	2362	1869	1635	1128	1146	1166	1914	1589	1611
142	5672	3867	3028	2328	1894	1652	1158	1160	1176	1816	1637	1615
143	5791	3865	3023	2277	1857	1674	1181	1150	1201	1881	1606	1605
144	5719	3852	3058	2380	1888	1648	1157	1183	1188	1907	1625	1549
145	5724	3951	3107	2356	1952	1671	1131	1155	1192	1921	1563	1594
146	5710	3914	3107	2352	1868	1657	1156	1136	1196	1861	1609	1597
147	5761	3907	3048	2326	1938	1660	1152	1181	1200	1931	1653	1612
148	5801	3892	3044	2318	1836	1667	1145	1221	1188	1899	1621	1596
149	5748	4019	3072	2242	1857	1654	1137	1144	1204	1940	1622	1576
150	5793	3850	3042	2309	1842	1654	1121	1179	1209	1893	1603	1584
151	5770	3856	3045	2337	1856	1665	1133	1175	1191	1926	1630	1597
152	5639	3817	3031	2316	1866	1663	1144	1165	1203	1899	1614	1609
153	5700	3874	3070	2269	1901	1662	1158	1179	1193	1863	1628	1576
154	5773	3819	3004	2321	1847	1645	1150	1202	1180	1855	1606	1603
155	5708	3891	2985	2314	1885	1669	1127	1125	1188	1908	1596	1631
156	5767	3904	3047	2296	1878	1663	1183	1188	1213	1875	1628	1583
157	5750	3930	3037	2325	1853	1708	1150	1158	1186	1881	1562	1647
158	5796	3936	3047	2322	1871	1650	1141	1176	1179	1875	1628	1605
159	5800	3872	3052	2306	1844	1609	1116	1166	1218	1864	1607	1623
160	5848	3981	3066	2305	1865	1635	1082	1158	1142	1871	1597	1626
161	5723	3924	2990	2265	1880	1646	1185	1167	1201	1876	1590	1589
162	5717	3946	3012	2299	1824	1609	1123	1171	1180	1906	1663	1560
163	5749	3883	3009	2275	1905	1659	1128	1190	1181	1871	1650	1613
164	5801	3936	3138	2334	1901	1689	1151	1179	1193	1891	1608	1546
165	5807	3904	3089	2294	1839	1645	1142	1162	1253	1914	1577	1568
166	5745	3877	3116	2319	1857	1649	1141	1142	1190	1917	1590	1623
167	5618	3933	3046	2256	1901	1595	1148	1198	1177	1907	1627	1615
168	5696	4011	3109	2269	1824	1660	1192	1177	1187	1900	1627	1629
169	5765	3885	3047	2303	1900	1621	1163	1145	1182	1896	1590	1613
170	5637	3971	3032	2281	1860	1671	1146	1139	1186	1924	1622	1621
171	5647	4010	3033	2299	1847	1638	1134	1194	1231	1849	1661	1590
172	5703	3958	3065	2306	1860	1683	1120	1176	1183	1906	1621	1602
173	5718	3974	3085	2250	1882	1678	1156	1151	1193	1901	1647	1647
174	5840	4015	3053	2319	1853	1689	1114	1156	1180	1895	1608	1609
175	5716	3915	2987	2285	1857	1669	1164	1160	1182	1875	1620	1604
176	5745	3983	3026	2292	1839	1643	1147	1160	1226	1857	1584	1620
177	5659	4031	3118	2320	1885	1663	1178	1185	1189	1871	1561	1624
178	5685	3851	2997	2278	1887	1636	1147	1149	1193	1878	1584	1639
179	5779	3928	3053	2305	1876	1645	1185	1190	1200	1886	1597	1622
180	5639	3981	3030	2291	1909	1639	1166	1150	1174	1842	1601	1574
181	5707	3956	3052	2292	1908	1660	1170	1191	1179	1909	1583	1600
182	5638	3955	3034	2313	1888	1653	1178	1187	1219	1863	1606	1602
183	5716	4017	2998	2269	1911	1705	1137	1133	1188	1852	1603	1577
184	5729	3922	3015	2304	1889	1637	1146	1146	1218	1832	1619	1553
185	5686	3902	3079	2286	1891	1627	1150	1162	1182	1886	1621	1629
186	5797	3927	3114	2346	1849	1673	1126	1154	1191	1851	1597	1608
187	5775	3985	3080	2257	1861	1681	1177	1183	1200	1903	1643	1607
188	5723	3917	3106	2352	1865	1651	1190	1174	1165	1870	1644	1625
189	5703	3973	3042	2277	1875	1635	1145	1162	1182	1863	1592	1606
190	5765	3894	3101	2316	1893	1643	1161	1173	1195	1893	1627	1644
191	5647	3936	3018	2327	1885	1648	1163	1154	1177	1852	1580	1630
192	5655	3951	3040	2334	1843	1589	1160	1163	1208	1867	1611	1580
193	5688	4024	2965	2314	1877	1657	1161	1186	1193	1857	1622	1606
194	5705	3959	3106	2274	1858	1688	1179	1202	1205	1861	1617	1630
195	5880	3964	3091	2268	1828	1620	1133	1105	1212	1873	1607	1574
196	5853	3952	3055	2311	1885	1685	1198	1133	1200	1875	1581	1595
197	5831	3945	3116	2351	1895	1639	1153	1145	1223	1841	1600	1584
198	5626	3966	3144	2301	1887	1656	1144	1157	1164	1888	1609	1568
199	5584	3872	3032	2266	1906	1709	1111	1172	1192	1809	1614	1596
200	5679	3912	3036	2340	1836	1711	1168	1191	1198	1850	1536	1574
201	5808	3917	3036	2290	1853	1645	1101	1172	1226	1884	1576	1547
202	5850	3884	3060	2299	1882	1675	1163	1163	1171	1839	1572	1576
203	5721	3966	3103	2356	1907	1679	1183	1186	1198	1876	1575	1586
204	5756	4054	3183	2325	1901	1752	1179	1182	1175	1855	1560	1602
205	5646	3963	3000	2388	1958	1726	1197	1165	1138	1851	1557	1603
206	5759	3966	3083	2331	1918	1709	1181	1175	1139	1858	1598	1569
207	5820	3893	3099	2359	1904	1695	1172	1162	1155	1840	1574	1574
208	5772	3956	3083	2354	1933	1724	1176	1159	1147	1827	1564	1568
209	5785	3915	2997	2323	1928	1691	1165	1172	1161	1867	1581	1574
210	5741	3979	3089	2355	1958	1735	1179	1224	1160	1860	1556	1557
211	5767	3915	3175	2310	1931	1728	1165	1175	1178	1924	1584	1577
212	5709	3940	3091	2299	1918	1666	1172	1164	1154	1842	1577	1568
213	5748	4035	3117	2414	1972	1728	1188	1191	1213	1867	1557	1573
214	5671	4014	3083	2328	1946	1689	1211	1165	1176	1862	1558	1594
215	5713	3960	3107	2336	1921	1701	1158	1160	1181	1836	1536	1556
216	5626	3939	3050	2297	1850	1698	1172	1147	1159	1855	1584	1625
217	5724	3892	3068	2304	1924	1674	1181	1154	1175	1869	1586	1578
218	5564	3939	3123	2304	1896	1730	1134	1145	1155	1823	1583	1609
219	5620	3881	3110	2326	1926	1658	1149	1151	1159	1853	1536	1575
220	5776	3934	3074	2292	1923	1706	1184	1164	1193	1869	1596	1584
221	5807	3874	3102	2323	1870	1663	1165	1134	1149	1830	1547	1590
222	5757	3954	3067	2327	1865	1664	1177	1158	1177	1829	1566	1563
223	5853	3947	3049	2276	1829	1692	1184	1113	1175	1820	1604	1558
224	5723	3876	3055	2311	1898	1713	1130	1157	1172	1798	1564	1585
225	5673	3922	3093	2317	1866	1631	1199	1176	1183	1861	1601	1586
226	5717	3916	3107	2383	1884	1685	1178	1150	1164	1816	1554	1607
227	5596	3944	3064	2298	1858	1666	1153	1142	1197	1804	1565	1587
228	5650	3954	3119	2283	1884	1610	1183	1139	1166	1822	1587	1590
229	5761	4037	3075	2325	1854	1659	1174	1128	1178	1800	1532	1572
230	5747	3916	3084	2291	1921	1647	1204	1161	1157	1837	1594	1544
231	5692	3974	3143	2345	1862	1657	1199	1149	1165	1840	1553	1568
232	5638	3999	3056	2305	1826	1617	1156	1152	1198	1815	1571	1555
233	5753	3950	3091	2281	1860	1664	1165	1150	1188	1816	1572	1586
234	5703	3950	3055	2298	1898	1652	1157	1125	1187	1834	1538	1571
235	5750	3849	3081	2322	1896	1707	1159	1136	1159	1821	1552	1546
236	5680	3872	3072	2249	1849	1688	1172	1146	1169	1813	1557	1604
237	5736	3887	3027	2317	1902	1693	1148	1175	1151	1825	1624	1558
238	5709	3913	3065	2333	1895	1705	1164	1160	1170	1849	1547	1563
239	5659	3960	3034	2290	1920	1683	1177	1144	1191	1835	1555	1588
240	5682	3829	3126	2354	1906	1680	1184	1152	1181	1858	1572	1603
241	5684	3864	3045	2292	1879	1651	1171	1149	1171	1828	1539	1637
242	5754	3931	3008	2333	1874	1648	1161	1121	1165	1874	1543	1582
243	5690	3994	3056	2270	1840	1701	1174	1131	1128	1785	1564	1596
244	5763	4038	3080	2276	1843	1662	1186	1162	1176	1773	1575	1600
245	5628	3973	3056	2335	1835	1681	1177	1127	1181	1810	1580	1581
246	5702	3954	3107	2260	1899	1702	1149	1158	1139	1811	1568	1563
247	5648	3966	3060	2309	1844	1670	1140	1127	1180	1820	1546	1583
248	5697	3938	3017	2283	1895	1661	1162	1137	1170	1826	1484	1534
249	5646	3952	3031	2316	1918	1709	1183	1114	1188	1829	1536	1553
250	5818	3942	3082	2318	1879	1725	1187	1135	1164	1789	1551	1588
251	5750	3963	3027	2282	1841	1654	1158	1147	1192	1798	1542	1540
252	5787	3958	3127	2396	1895	1741	1200	1135	1183	1839	1550	1554
253	5681	3899	3021	2398	1898	1709	1167	1167	1134	1813	1560	1551
254	5755	4063	3038	2349	1908	1712	1210	1180	1184	1850	1536	1505
255	5702	4062	3109	2349	1938	1726	1170	1153	1164	1835	1557	1567
256	5716	3972	3046	2380	1982	1750	1188	1177	1156	1810	1585	1571
257	5610	3999	3092	2398	1916	1744	1171	1157	1200	1867	1583	1587
258	5665	3947	3112	2328	1914	1726	1214	1157	1150	1848	1551	1543
259	5574	4007	3158	2347	1901	1728	1210	1176	1153	1818	1587	1525
260	5729	3920	3028	2355	1928	1766	1171	1134	1168	1836	1582	1541
261	5835	3938	3050	2347	1909	1729	1157	1169	1150	1822	1578	1581
262	5688	3928	3152	2355	1899	1703	1207	1169	1162	1764	1540	1560
263	5804	3974	3115	2379	2004	1751	1186	1193	1134	1815	1586	1552
264	5606	3970	3085	2322	1918	1723	1157	1138	1175	1803	1577	1578
265	5627	3954	3121	2315	1936	1692	1187	1173	1122	1823	1600	1612
266	5715	4036	3145	2327	1952	1701	1184	1167	1148	1833	1561	1533
267	5630	3981	3151	2348	1884	1704	1175	1172	1139	1774	1578	1527
268	5679	3965	3155	2342	1913	1705	1204	1133	1182	1873	1529	1572
269	5710	3930	3082	2288	1917	1704	1202	1145	1157	1828	1538	1512
270	5659	3872	3088	2316	1916	1707	1171	1115	1152	1805	1536	1587
271	5715	3924	3106	2315	1903	1740	1186	1154	1140	1787	1542	1559
272	5725	3935	3122	2334	1932	1676	1178	1178	1159	1809	1528	1544
273	5660	3922	3088	2329	1922	1643	1188	1155	1135	1815	1538	1538
274	5683	3850	3123	2336	1903	1705	1182	1131	1132	1811	1564	1592
275	5773	3847	3073	2376	1915	1702	1195	1148	1138	1768	1519	1600
276	5835	3853	3115	2355	1919	1718	1177	1153	1155	1822	1512	1568
277	5749	3860	3068	2242	1908	1726	1204	1171	1159	1805	1581	1535
278	5745	3891	3025	2323	1907	1707	1184	1139	1152	1767	1528	1535
279	5792	3941	3089	2273	1962	1688	1194	1122	1192	1786	1553	1566
280	5763	3895	3156	2309	1927	1700	1144	1158	1177	1789	1538	1534
281	5811	3918	3111	2270	1911	1673	1198	1172	1138	1790	1543	1557
282	5802	3994	3156	2355	1902	1698	1199	1153	1209	1803	1532	1552
283	5630	3920	3090	2362	1949	1734	1210	1127	1153	1769	1567	1522
284	5733	4000	3140	2351	1938	1704	1175	1164	1170	1779	1593	1549
285	5785	3991	3136	2341	1971	1699	1201	1115	1182	1787	1560	1546
286	5716	3964	3138	2365	1879	1757	1159	1165	1151	1805	1523	1531
287	5802	3981	3050	2346	1915	1672	1174	1174	1120	1796	1530	1542
288	5874	3945	3152	2320	1932	1673	1208	1128	1162	1789	1546	1525
289	5764	3902	3046	2326	1861	1724	1190	1126	1151	1847	1549	1548
290	5822	3904	3118	2268	1916	1712	1188	1132	1138	1779	1531	1563
291	5705	3968	3093	2328	1890	1736	1194	1127	1138	1752	1522	1541
292	5664	4083	3164	2358	1944	1738	1202	1129	1157	1818	1532	1524
293	5682	4035	3138	2348	1928	1733	1180	1166	1137	1764	1534	1565
294	5704	4060	3039	2305	1935	1707	1186	1151	1142	1813	1547	1553
295	5608	4018	3044	2350	1946	1693	1159	1125	1145	1801	1528	1508
296	5770	4014	3088	2340	1956	1724	1193	1136	1137	1824	1520	1546
297	5735	3942	3102	2314	1946	1748	1198	1127	1146	1793	1524	1562
298	5719	3978	3103	2335	1860	1716	1186	1132	1123	1801	1527	1573
299	5745	3985	3125	2289	1952	1784	1159	1137	1171	1774	1500	1590
300	5720	3946	3078	2262	1877	1722	1172	1152	1142	1792	1504	1533
301	5629	3971	3145	2413	1901	1687	1168	1144	1195	1776	1525	1546
302	5747	4005	3061	2345	1968	1747	1199	1127	1124	1799	1528	1521
303	5725	3919	3086	2379	1944	1740	1203	1117	1142	1798	1468	1539
304	5673	3935	3062	2335	1929	1716	1214	1153	1115	1782	1549	1516
305	5655	3842	3151	2341	1954	1757	1217	1117	1134	1793	1530	1563
306	5656	3912	3101	2370	1928	1725	1187	1138	1136	1766	1530	1532
307	5668	3954	3043	2342	1964	1729	1169	1120	1140	1747	1491	1511
308	5669	3983	3137	2377	1918	1759	1234	1141	1177	1823	1558	1514
309	5592	4007	3096	2380	1912	1683	1156	1121	1168	1756	1475	1503
310	5672	3972	3154	2337	1898	1719	1203	1154	1155	1771	1532	1587
311	5711	4019	3087	2402	1880	1762	1196	1181	1157	1787	1493	1515
312	5756	3865	3119	2341	1939	1713	1213	1155	1158	1767	1535	1551
313	5760	3956	3106	2354	1922	1770	1173	1173	1136	1764	1480	1565
314	5716	3947	3185	2378	1949	1722	1229	1131	1154	1770	1554	1538
315	5767	3898	3093	2380	1926	1732	1191	1127	1130	1765	1504	1527
316	5711	3969	3144	2349	1972	1674	1215	1149	1150	1783	1561	1544
317	5688	3944	3155	2349	1948	1799	1186	1149	1143	1777	1525	1527
318	5631	4028	3130	2390	1956	1735	1165	1104	1190	1752	1560	1553
319	5604	3913	3107	2333	1955	1718	1198	1154	1170	1758	1519	1527
320	5715	3894	3142	2324	1944	1733	1176	1133	1141	1786	1495	1520
321	5740	3895	3140	2365	1979	1679	1194	1137	1120	1797	1492	1538
322	5742	3887	3077	2322	1932	1694	1184	1130	1124	1754	1471	1531
323	5659	3914	3114	2376	1931	1690	1185	1155	1132	1761	1496	1521
324	5576	3887	3097	2340	1907	1700	1221	1166	1101	1742	1533	1549
325	5701	3818	3107	2330	1956	1710	1205	1134	1139	1785	1547	1547
326	5586	3864	3105	2352	1888	1701	1215	1171	1114	1725	1534	1547
327	5554	3948	3073	2292	1897	1720	1159	1129	1121	1706	1520	1528
328	5703	3882	3092	2334	1910	1721	1207	1134	1083	1767	1498	1543
329	5710	3886	3130	2331	1891	1752	1216	1135	1137	1775	1528	1527
330	5746	3890	3177	2355	1928	1715	1208	1156	1114	1755	1511	1588
331	5725	3927	3104	2338	1911	1730	1226	1141	1136	1759	1526	1521
332	5618	3892	3133	2328	1903	1772	1189	1155	1110	1792	1512	1542
333	5645	3908	3134	2341	1896	1719	1225	1141	1115	1755	1520	1530
334	5722	3979	3195	2362	1935	1756	1222	1136	1136	1779	1492	1528
335	5698	3987	3140	2390	1918	1754	1204	1122	1144	1754	1506	1579
336	5704	4007	3164	2364	1906	1732	1229	1121	1147	1781	1491	1483
337	5643	3995	3115	2298	1890	1762	1212	1128	1153	1816	1493	1515
338	5606	3925	3069	2339	1958	1702	1187	1129	1128	1769	1498	1514
339	5637	4010	3126	2335	1924	1725	1163	1149	1133	1756	1493	1543
340	5678	3951	3099	2273	1963	1763	1192	1135	1139	1733	1491	1485
341	5769	3964	3092	2327	1927	1749	1204	1114	1107	1744	1494	1528
342	5682	3945	3058	2383	1868	1721	1191	1153	1124	1807	1532	1511
343	5777	3937	3146	2360	1920	1739	1202	1129	1125	1793	1511	1513
344	5756	3941	3043	2351	1915	1705	1200	1110	1115	1740	1512	1538
345	5670	3965	3076	2359	1956	1745	1225	1110	1106	1772	1507	1499
346	5717	3865	3047	2365	1949	1680	1203	1106	1092	1760	1475	1510
347	5746	3933	3007	2305	1874	1707	1180	1119	1122	1748	1482	1526
348	5711	3851	3155	2331	1891	1731	1177	1154	1117	1728	1483	1490
349	5635	3973	3134	2292	1926	1708	1198	1141	1092	1744	1518	1508
350	5649	3868	3149	2311	1889	1730	1211	1132	1124	1715	1513	1506
351	5668	3949	3107	2402	1891	1753	1189	1146	1157	1729	1498	1533
352	5619	3968	3079	2313	1918	1749	1186	1163	1097	1736	1487	1509
353	5603	3921	3097	2344	1911	1690	1162	1138	1099	1729	1478	1508
354	5737	4002	3180	2365	1929	1783	1203	1130	1124	1765	1568	1569
355	5735	3928	3138	2335	1920	1759	1198	1114	1128	1711	1516	1527
356	5591	3879	3092	2336	1972	1733	1210	1152	1135	1709	1512	1520
357	5688	3857	3074	2345	1927	1740	1207	1122	1119	1760	1492	1487
358	5745	3947	3056	2347	1893	1692	1152	1112	1121	1735	1473	1490
359	5719	3937	3131	2357	1939	1722	1186	1103	1119	1724	1494	1522
360	5622	3961	3149	2355	1886	1740	1185	1139	1098	1704	1467	1529
361	5638	3925	3057	2320	1873	1739	1193	1113	1112	1732	1481	1523
362	5761	3902	3018	2324	1929	1741	1218	1136	1103	1728	1479	1549
363	5809	3980	3098	2386	1896	1726	1205	1107	1131	1734	1504	1519
364	5642	3973	3051	2340	1966	1761	1208	1127	1110	1741	1511	1551
365	5778	3900	3109	2321	1908	1717	1204	1139	1104	1750	1479	1508
366	5787	3972	3067	2353	1943	1706	1210	1084	1117	1745	1482	1495
367	5753	3970	3094	2359	1890	1723	1193	1114	1093	1726	1463	1505
368	5829	3938	3136	2320	1932	1728	1218	1171	1104	1704	1474	1498
369	5836	3868	3163	2390	1920	1732	1221	1104	1094	1723	1482	1548
370	5809	3955	3097	2356	1914	1725	1229	1128	1116	1739	1480	1534
371	5763	3971	3074	2311	1884	1731	1191	1164	1130	1693	1470	1478
372	5742	4056	3133	2338	1909	1791	1221	1116	1129	1719	1459	1504
373	5825	3928	3112	2315	1955	1727	1183	1116	1112	1684	1505	1541
374	5772	3906	3139	2311	1961	1755	1191	1123	1140	1712	1492	1497
375	5670	4073	3165	2374	1893	1739	1214	1154	1148	1714	1464	1525
376	5764	3936	3154	2329	1909	1687	1215	1135	1128	1660	1477	1543
377	5692	3875	3047	2254	1868	1741	1183	1119	1129	1733	1498	1501
378	5699	3882	3067	2325	1963	1762	1221	1094	1127	1743	1457	1497
379	5760	4017	3092	2333	1929	1755	1215	1158	1105	1706	1458	1513
380	5855	3908	3034	2366	1965	1808	1198	1134	1097	1758	1466	1493
381	5698	3950	3110	2384	1948	1750	1220	1115	1109	1744	1520	1473
382	5780	3935	3150	2344	1967	1745	1198	1130	1105	1731	1458	1487
383	5726	3959	3093	2365	1934	1744	1193	1147	1163	1718	1459	1515
384	5786	3910	3219	2333	1950	1726	1220	1096	1118	1688	1481	1496
385	5748	4006	3047	2311	1892	1745	1196	1165	1142	1701	1441	1524
386	5792	4026	3133	2326	1972	1762	1234	1119	1109	1721	1456	1551
387	5673	3919	3131	2382	1963	1704	1195	1128	1104	1711	1451	1528
388	5682	3981	3149	2316	1925	1751	1217	1102	1119	1766	1455	1522
389	5680	3954	3145	2298	1939	1722	1234	1105	1121	1706	1483	1483
390	5715	4001	3123	2324	1897	1752	1224	1128	1084	1716	1432	1495
391	5767	3867	3150	2322	1896	1752	1234	1081	1125	1709	1429	1480
392	5721	3938	3096	2328	1899	1723	1204	1111	1082	1714	1435	1499
393	5592	3919	3132	2374	1934	1743	1210	1121	1102	1715	1432	1498
394	5578	4017	3167	2318	1921	1717	1177	1122	1122	1713	1485	1481
395	5588	3952	3113	2338	1977	1765	1220	1120	1101	1728	1456	1509
396	5619	3942	3091	2318	1897	1760	1220	1137	1088	1729	1428	1474
397	5625	4074	3087	2312	1928	1747	1251	1096	1099	1713	1454	1476
398	5678	3973	3129	2312	1959	1747	1214	1107	1114	1694	1451	1472
399	5692	3941	3127	2356	1902	1741	1167	1078	1099	1721	1456	1467
400	5526	3930	3129	2353	1916	1780	1214	1104	1117	1697	1427	1489
401	5751	3862	3239	2380	1976	1767	1190	1127	1129	1720	1450	1531
402	5706	3943	3237	2344	1932	1741	1193	1107	1116	1674	1476	1497
403	5650	3941	3148	2361	1875	1718	1166	1107	1114	1670	1427	1515
404	5581	3858	3116	2359	1885	1737	1184	1119	1085	1712	1439	1466
405	5557	3876	3104	2394	1909	1736	1207	1097	1107	1728	1437	1514
406	5567	3895	3109	2303	1971	1720	1236	1128	1117	1714	1435	1453
407	5696	3869	3200	2363	1942	1811	1213	1138	1120	1728	1418	1490
408	5685	3914	3085	2384	1951	1731	1252	1104	1097	1731	1435	1521
409	5692	3902	3122	2313	1906	1776	1244	1104	1105	1755	1436	1482
410	5716	3975	3125	2343	1921	1755	1208	1147	1100	1684	1457	1476
411	5826	4003	3195	2386	1964	1734	1216	1117	1102	1714	1463	1484
412	5694	3943	3105	2307	1929	1693	1234	1070	1099	1682	1431	1484
413	5665	3889	3155	2325	1880	1723	1202	1097	1135	1700	1419	1417
414	5707	4045	3114	2406	1891	1744	1230	1134	1104	1722	1446	1500
415	5760	4067	3134	2359	1959	1801	1213	1122	1084	1721	1443	1460
416	5675	4035	3103	2375	1923	1794	1265	1119	1113	1701	1419	1492
417	5740	3996	3083	2334	1904	1740	1227	1075	1081	1731	1430	1489
418	5649	4011	3145	2342	1938	1750	1214	1094	1062	1711	1449	1518
419	5705	3935	3094	2382	1897	1759	1255	1142	1079	1691	1455	1513
420	5688	4011	3173	2402	1913	1736	1233	1101	1107	1697	1415	1440
421	5746	3967	3159	2333	1935	1792	1228	1115	1090	1705	1472	1499
422	5744	4002	3122	2346	1978	1840	1231	1142	1103	1741	1489	1482
423	5588	3968	3145	2326	1950	1823	1263	1093	1111	1686	1410	1466
424	5694	4083	3180	2389	1945	1756	1222	1118	1072	1706	1457	1450
425	5538	4003	3112	2367	1901	1769	1233	1103	1109	1699	1453	1493
426	5732	4181	3191	2382	1888	1727	1221	1090	1115	1713	1464	1440
427	5596	3935	3062	2343	1932	1754	1211	1097	1079	1745	1478	1460
428	5636	3931	3107	2278	1959	1789	1220	1132	1096	1703	1427	1470
429	5697	3889	3126	2339	1959	1780	1246	1115	1086	1715	1466	1521
430	5792	3932	3135	2376	1941	1794	1245	1102	1123	1730	1441	1488
431	5890	3968	3150	2352	1956	1802	1285	1126	1119	1679	1485	1467
432	5761	4050	3124	2312	2020	1775	1251	1135	1117	1695	1442	1477
433	5677	4056	3170	2399	1945	1769	1237	1122	1107	1746	1463	1470
434	5748	3977	3181	2356	1957	1785	1222	1108	1108	1700	1464	1453
435	5783	3940	3155	2318	1962	1743	1254	1143	1123	1705	1496	1499
436	5703	3957	3133	2360	1956	1773	1218	1085	1120	1679	1447	1471
437	5768	3890	3143	2442	1982	1767	1243	1109	1120	1707	1446	1471
438	5677	3931	3090	2353	1913	1732	1251	1114	1115	1722	1448	1506
439	5687	3986	3138	2355	1924	1779	1268	1119	1091	1711	1441	1497
440	5654	3919	3123	2332	1934	1805	1239	1104	1074	1729	1450	1449
441	5642	3945	3133	2408	1923	1758	1219	1072	1109	1677	1477	1481
442	5746	3901	3147	2388	1900	1736	1248	1102	1114	1707	1420	1508
443	5714	3984	3141	2345	1935	1775	1193	1144	1111	1674	1414	1490
444	5708	3964	3155	2350	1940	1765	1241	1068	1092	1705	1468	1489
445	5692	4035	3112	2391	1908	1748	1267	1098	1115	1685	1439	1450
446	5691	4013	3141	2397	1976	1803	1220	1123	1092	1650	1480	1512
447	5610	3919	3161	2372	1913	1772	1252	1103	1098	1654	1437	1464
448	5730	3987	3159	2348	1935	1777	1263	1104	1090	1713	1436	1512
449	5803	3904	3068	2420	2006	1790	1224	1122	1117	1723	1506	1496
450	5736	3942	3215	2392	1935	1779	1276	1123	1109	1730	1481	1493
451	5669	3861	3130	2402	2018	1782	1262	1108	1074	1691	1446	1488
452	5634	3950	3212	2366	1941	1735	1226	1078	1093	1721	1435	1516
453	5685	3973	3181	2388	1971	1801	1247	1132	1140	1704	1447	1468
454	5604	4013	3130	2382	1940	1795	1253	1101	1075	1697	1481	1477
455	5577	4012	3077	2398	1957	1809	1250	1118	1147	1700	1460	1498
456	5580	4054	3125	2349	1937	1763	1229	1115	1113	1680	1444	1510
457	5694	4058	3186	2373	1928	1738	1209	1101	1076	1665	1421	1448
458	5701	4014	3062	2339	1917	1726	1204	1128	1135	1647	1418	1455
459	5546	3962	3136	2319	1929	1781	1248	1129	1083	1682	1428	1476
460	5640	3968	3174	2353	1911	1784	1221	1136	1071	1643	1403	1470
461	5647	3940	3078	2363	1949	1777	1204	1084	1095	1691	1406	1466
462	5657	3877	3060	2342	1892	1767	1210	1081	1101	1680	1417	1482
463	5747	3947	3141	2382	1921	1765	1277	1098	1115	1691	1426	1467
464	5690	4001	3053	2366	1924	1757	1230	1122	1088	1715	1427	1461
465	5733	4010	3145	2316	1921	1787	1270	1119	1089	1654	1392	1460
466	5690	3996	3240	2437	1987	1777	1284	1126	1078	1662	1467	1517
467	5752	3987	3241	2390	1917	1791	1234	1090	1092	1677	1458	1488
468	5733	3963	3172	2396	1946	1782	1235	1135	1083	1741	1456	1492
469	5716	4118	3218	2424	1938	1818	1277	1095	1099	1705	1454	1492
470	5609	3975	3138	2373	1986	1808	1279	1103	1130	1713	1479	1429
471	5710	4009	3080	2424	1999	1795	1231	1129	1088	1684	1433	1502
472	5695	4011	3194	2372	1976	1775	1238	1124	1109	1681	1426	1442
473	5616	3938	3162	2420	1973	1754	1212	1108	1082	1680	1449	1468
474	5668	4013	3109	2345	1955	1747	1249	1112	1098	1717	1409	1448
475	5709	3893	3144	2367	1932	1781	1227	1122	1105	1673	1384	1467
476	5728	3957	3159	2399	1953	1814	1257	1103	1084	1687	1407	1465
477	5800	3950	3103	2365	1945	1801	1238	1097	1075	1661	1437	1447
478	5686	3901	3206	2382	1943	1785	1261	1111	1065	1679	1408	1540
479	5673	3943	3187	2387	1966	1799	1256	1103	1108	1692	1422	1482
480	5592	3940	3191	2389	1997	1834	1254	1097	1106	1679	1441	1453
481	5641	3937	3171	2432	1937	1779	1248	1126	1072	1717	1425	1488
482	5683	3958	3138	2363	1951	1804	1236	1098	1118	1722	1444	1503
483	5691	3964	3210	2387	1957	1804	1266	1119	1112	1668	1439	1489
484	5638	3899	3122	2373	1979	1762	1251	1133	1105	1675	1425	1449
485	5807	3888	3167	2376	1952	1799	1232	1082	1112	1670	1452	1487
486	5752	3911	3133	2366	1961	1801	1242	1120	1099	1695	1416	1488
487	5680	3930	3129	2388	1969	1786	1254	1095	1117	1668	1404	1458
488	5678	3923	3118	2392	1975	1734	1194	1061	1081	1679	1439	1469
489	5689	3953	3112	2378	1947	1766	1273	1104	1091	1691	1389	1468
490	5722	4032	3174	2441	1976	1762	1272	1107	1080	1662	1426	1505
491	5496	3937	3129	2414	1956	1767	1291	1077	1087	1669	1399	1456
492	5806	3984	3181	2445	1948	1788	1214	1101	1069	1652	1374	1443
493	5657	3861	3116	2346	1935	1798	1235	1089	1089	1658	1395	1464
494	5843	3951	3124	2330	1906	1792	1214	1115	1132	1676	1368	1447
495	5743	3996	3199	2340	1937	1825	1237	1126	1110	1673	1391	1433
496	5730	3906	3175	2433	1945	1855	1230	1142	1106	1683	1430	1459
497	5726	3960	3128	2392	1983	1786	1252	1121	1087	1683	1397	1452
498	5657	3923	3118	2405	2001	1757	1246	1084	1084	1675	1413	1471
499	5743	3917	3141	2390	2000	1796	1275	1113	1071	1686	1404	1474
500	5725	3999	3137	2436	1952	1767	1244	1117	1079	1672	1417	1440
501	5784	4068	3180	2408	2010	1808	1277	1108	1122	1675	1380	1469
502	5737	4014	3148	2373	1974	1778	1196	1082	1090	1661	1413	1488
503	5716	4007	3160	2398	1944	1840	1230	1072	1065	1682	1407	1462
504	5653	4060	3186	2370	1901	1758	1229	1084	1080	1657	1398	1476
505	5547	4079	3161	2359	1968	1789	1209	1100	1089	1676	1431	1443
506	5621	3958	3226	2398	1989	1821	1267	1105	1106	1682	1422	1476
507	5676	3959	3116	2383	1979	1782	1223	1068	1101	1663	1391	1458
508	5715	3941	3113	2397	1970	1777	1253	1109	1098	1686	1437	1431
509	5605	4013	3236	2389	1956	1789	1207	1110	1070	1678	1398	1426
510	5629	4054	3157	2341	1958	1807	1221	1100	1102	1664	1437	1466
511	5609	3942	3098	2316	1984	1825	1285	1119	1093	1674	1406	1439
512	5679	3869	3144	2336	1906	1725	1236	1097	1105	1682	1370	1508
513	5721	3953	3135	2336	1918	1764	1220	1113	1075	1668	1403	1444
514	5651	3900	3159	2342	1835	1750	1247	1081	1089	1683	1374	1453
515	5679	3928	3166	2302	1944	1787	1243	1061	1091	1657	1389	1434
516	5738	3916	3253	2335	1910	1681	1235	1087	1087	1699	1393	1474
517	5689	3908	3096	2400	1918	1806	1279	1101	1098	1640	1381	1478
518	5684	3945	3155	2385	1926	1819	1273	1108	1094	1684	1416	1478
519	5647	4038	3153	2350	1936	1775	1253	1084	1093	1662	1374	1474
520	5721	3976	3172	2339	1926	1758	1234	1090	1071	1676	1405	1533
521	5738	4030	3188	2350	1912	1761	1227	1066	1106	1622	1382	1454
522	5684	3960	3145	2321	1973	1797	1234	1085	1105	1663	1398	1486
523	5794	3979	3052	2364	1957	1757	1236	1094	1078	1674	1410	1467
524	5707	3954	3161	2391	1917	1765	1248	1109	1104	1636	1383	1469
525	5634	4012	3175	2318	1865	1756	1236	1088	1096	1644	1438	1470
526	5698	4054	3172	2302	1907	1787	1268	1092	1078	1647	1402	1439
527	5710	3848	3085	2307	1897	1712	1192	1105	1069	1600	1357	1433
528	5654	3916	3144	2301	1894	1764	1200	1079	1083	1654	1397	1477
529	5828	3916	3145	2315	1905	1763	1217	1063	1088	1658	1354	1456
530	5738	3945	3077	2325	1917	1720	1206	1089	1098	1647	1371	1496
531	5733	3927	3181	2371	1946	1789	1237	1076	1102	1642	1378	1455
532	5679	3932	3142	2383	1915	1792	1262	1065	1087	1694	1419	1450
533	5770	3943	3142	2364	1935	1847	1273	1112	1070	1672	1373	1462
534	5801	4016	3179	2423	1987	1812	1218	1077	1116	1671	1394	1479
535	5761	3922	3219	2435	1956	1800	1261	1075	1079	1646	1388	1451
536	5713	3982	3137	2366	1955	1785	1253	1076	1083	1691	1372	1459
537	5755	3996	3172	2339	1954	1774	1205	1101	1096	1624	1373	1442
538	5775	3907	3166	2440	2004	1820	1256	1112	1075	1720	1433	1501
539	5781	3932	3107	2411	2011	1833	1261	1119	1133	1684	1425	1493
540	5846	3935	3154	2305	1930	1785	1229	1073	1058	1630	1387	1468
541	5842	3938	3110	2348	1944	1793	1251	1102	1092	1670	1400	1450
542	5676	3958	3143	2409	1937	1821	1275	1129	1091	1679	1358	1483
543	5801	3936	3133	2378	1954	1807	1219	1069	1090	1677	1364	1450
544	5772	3924	3099	2345	1917	1741	1218	1072	1117	1642	1379	1501
545	5714	3954	3196	2374	1898	1790	1240	1099	1103	1685	1406	1449
546	5677	3884	3139	2364	1884	1745	1219	1087	1095	1634	1380	1465
547	5679	3951	3130	2335	1881	1782	1210	1116	1087	1617	1402	1441
548	5678	3889	3105	2331	1889	1746	1229	1082	1081	1620	1371	1484
549	5695	3988	3095	2353	1928	1780	1226	1122	1064	1665	1361	1460
550	5663	4040	3172	2372	1920	1817	1245	1073	1106	1661	1367	1434
551	5740	3980	3167	2325	1911	1801	1214	1093	1084	1699	1412	1444
552	5748	3923	3190	2343	1887	1819	1228	1089	1070	1635	1374	1491
553	5840	4005	3082	2336	1904	1786	1211	1085	1083	1652	1388	1464
554	5794	3985	3175	2341	1915	1782	1241	1108	1064	1624	1381	1455
555	5719	4005	3105	2386	1981	1788	1256	1111	1082	1644	1346	1474
556	5777	3895	3144	2396	1949	1759	1252	1076	1062	1719	1394	1477
557	5714	4038	3144	2404	1965	1821	1263	1078	1072	1680	1403	1475
558	5681	3999	3161	2363	1918	1810	1232	1078	1103	1676	1381	1452
559	5746	4042	3187	2423	2028	1830	1240	1071	1071	1680	1388	1474
560	5770	3947	3148	2467	1973	1809	1260	1118	1090	1636	1390	1503
561	5728	3957	3157	2355	2029	1818	1266	1090	1070	1673	1373	1447
562	5775	3908	3188	2369	1994	1832	1222	1094	1096	1631	1391	1443
563	5754	3940	3165	2391	1974	1773	1246	1091	1080	1635	1370	1418
564	5712	3981	3226	2401	2042	1866	1294	1132	1083	1693	1371	1455
565	5804	4016	3107	2391	1957	1763	1266	1084	1067	1672	1409	1462
566	5761	3992	3114	2386	1996	1829	1246	1095	1069	1614	1375	1457
567	5599	4034	3216	2480	2027	1763	1261	1146	1067	1690	1361	1447
568	5693	4006	3172	2417	1994	1824	1255	1072	1043	1657	1392	1447
569	5692	3943	3178	2392	1971	1809	1229	1113	1072	1628	1376	1476
570	5723	4020	3216	2429	2009	1838	1252	1113	1071	1625	1342	1447
571	5730	4020	3162	2410	1989	1770	1265	1108	1087	1598	1383	1439
572	5775	4044	3149	2462	1945	1829	1293	1088	1083	1689	1358	1459
573	5746	4040	3226	2419	1998	1831	1259	1069	1057	1643	1389	1443
574	5843	3960	3294	2434	2055	1810	1247	1109	1061	1636	1399	1449
575	5814	4014	3186	2413	1941	1805	1247	1100	1093	1640	1352	1474
576	5748	3961	3257	2461	2015	1824	1248	1112	1077	1638	1364	1438
577	5744	4045	3243	2423	1970	1853	1229	1113	1083	1690	1394	1432
578	5820	3989	3179	2395	1965	1765	1274	1097	1069	1645	1349	1447
579	5742	4003	3151	2353	1940	1781	1239	1064	1047	1612	1336	1444
580	5776	4020	3098	2419	1908	1785	1230	1094	1106	1620	1339	1457
581	5712	3962	3136	2334	1938	1777	1235	1059	1073	1672	1320	1513
582	5807	3943	3167	2385	1936	1792	1244	1118	1069	1613	1372	1449
583	5745	3972	3229	2414	1954	1791	1245	1109	1089	1625	1361	1499
584	5769	3975	3199	2378	1945	1783	1245	1121	1091	1641	1370	1442
585	5604	3971	3136	2392	1949	1835	1222	1101	1081	1633	1377	1440
586	5783	4066	3206	2404	1979	1783	1292	1133	1072	1669	1340	1466
587	5774	3905	3151	2394	1973	1836	1232	1082	1068	1635	1355	1453
588	5835	3994	3196	2369	1941	1827	1280	1093	1101	1652	1344	1467
589	5835	3999	3202	2396	1944	1786	1221	1127	1096	1660	1358	1467
590	5803	3978	3235	2423	2038	1818	1283	1066	1093	1621	1377	1455
591	5688	4010	3250	2449	2019	1838	1244	1088	1082	1604	1363	1439
592	5789	4048	3232	2472	1994	1828	1256	1099	1077	1633	1377	1408
593	5663	4016	3213	2421	2009	1834	1297	1115	1083	1686	1374	1490
594	5679	3950	3146	2353	1992	1779	1262	1094	1074	1676	1362	1465
595	5773	4044	3203	2427	2004	1800	1295	1108	1065	1638	1327	1466
596	5734	4037	3231	2470	1976	1830	1250	1073	1096	1658	1369	1452
597	5587	3872	3199	2453	1959	1818	1273	1104	1106	1633	1333	1436
598	5716	3983	3241	2380	1966	1769	1222	1101	1068	1647	1361	1430
599	5721	4022	3184	2416	2001	1790	1261	1153	1064	1682	1356	1442
600	5817	3985	3197	2448	2035	1830	1268	1107	1065	1638	1350	1461
601	5695	3986	3192	2462	2016	1791	1278	1066	1044	1670	1405	1453
602	5698	3914	3178	2433	1983	1826	1244	1076	1073	1638	1341	1426
603	5746	4011	3261	2445	1970	1830	1263	1101	1060	1675	1327	1473
604	5689	3963	3217	2448	1948	1808	1263	1085	1072	1619	1356	1436
605	5705	3959	3222	2423	2004	1844	1265	1118	1085	1662	1383	1480
606	5692	3984	3250	2474	1956	1840	1230	1094	1077	1636	1387	1445
607	5703	4057	3171	2434	1932	1843	1255	1093	1077	1641	1376	1452
608	5773	3946	3145	2363	1976	1814	1291	1085	1103	1663	1335	1461
609	5865	4087	3257	2409	1991	1822	1277	1113	1073	1649	1361	1412
610	5761	3941	3235	2415	1998	1819	1256	1112	1080	1628	1374	1445
611	5735	3941	3183	2419	1977	1839	1253	1089	1133	1629	1360	1426
612	5722	4055	3202	2445	1980	1852	1246	1101	1093	1649	1372	1427
613	5798	4030	3222	2407	1970	1822	1270	1094	1102	1678	1346	1422
614	5706	3946	3211	2385	1955	1816	1246	1108	1070	1656	1367	1443
615	5799	3986	3175	2391	1935	1824	1279	1120	1084	1619	1383	1449
616	5788	4064	3146	2454	1986	1807	1250	1092	1091	1646	1376	1421
617	5603	4008	3197	2415	1974	1786	1289	1110	1078	1672	1324	1446
618	5669	4019	3229	2402	1980	1781	1253	1084	1071	1620	1363	1453
619	5776	3975	3277	2380	1928	1817	1266	1074	1103	1618	1364	1439
620	5665	3975	3157	2370	1952	1814	1232	1107	1059	1617	1360	1444
621	5680	3958	3112	2326	1961	1803	1252	1098	1101	1609	1335	1475
622	5737	3957	3176	2467	1979	1843	1293	1122	1047	1638	1359	1427
623	5684	4002	3204	2410	1940	1792	1264	1086	1070	1665	1355	1449
624	5695	3984	3224	2418	1968	1807	1269	1093	1086	1665	1354	1442
625	5679	4026	3245	2450	2005	1828	1272	1077	1072	1627	1366	1451
626	5799	3956	3217	2433	1971	1850	1301	1094	1069	1653	1406	1436
627	5786	3956	3223	2433	2014	1856	1275	1126	1088	1658	1340	1439
628	5870	3990	3175	2440	2037	1831	1283	1092	1086	1656	1377	1472
629	5751	4001	3157	2370	1962	1858	1268	1093	1116	1669	1371	1496
630	5760	4003	3141	2407	1954	1810	1279	1133	1065	1662	1370	1441
631	5789	4035	3231	2475	2024	1846	1291	1114	1086	1640	1352	1454
632	5766	4000	3184	2378	1963	1805	1256	1071	1091	1623	1345	1430
633	5782	4045	3223	2415	1977	1839	1267	1109	1117	1646	1351	1410
634	5710	4035	3169	2426	1980	1891	1262	1105	1062	1632	1357	1468
635	5816	4042	3263	2381	1926	1868	1283	1081	1028	1620	1344	1392
636	5779	4007	3223	2431	1955	1829	1267	1133	1066	1661	1357	1465
637	5700	3966	3265	2420	2002	1844	1228	1106	1084	1645	1317	1436
638	5723	3937	3166	2434	1994	1879	1246	1111	1074	1628	1318	1427
639	5695	3939	3184	2452	1989	1871	1270	1092	1116	1640	1332	1450
640	5820	4009	3195	2387	2082	1856	1245	1105	1089	1653	1382	1466
641	5792	3945	3209	2389	1984	1853	1295	1113	1076	1652	1360	1443
642	5748	3973	3245	2454	2028	1845	1295	1119	1071	1663	1369	1445
643	5783	3979	3258	2337	1982	1841	1260	1110	1052	1669	1323	1399
644	5690	3982	3232	2384	1983	1818	1273	1124	1092	1646	1392	1432
645	5891	4006	3196	2427	1975	1868	1247	1094	1090	1651	1328	1458
646	5775	3956	3150	2409	1995	1838	1252	1096	1099	1616	1365	1474
647	5651	4055	3199	2397	1952	1813	1276	1103	1077	1647	1400	1443
648	5748	3965	3190	2365	1903	1801	1226	1080	1058	1634	1357	1441
649	5745	3957	3149	2392	1948	1796	1236	1098	1025	1641	1294	1482
650	5835	3919	3195	2343	1922	1806	1227	1081	1083	1611	1353	1427
651	5739	3953	3156	2463	1969	1793	1255	1093	1052	1625	1346	1436
652	5754	3935	3128	2418	1896	1809	1226	1130	1043	1596	1326	1447
653	5840	4049	3216	2390	1966	1837	1277	1101	1038	1609	1368	1457
654	5734	4087	3232	2396	1913	1831	1258	1100	1066	1635	1384	1425
655	5598	4035	3248	2436	1972	1804	1253	1087	1063	1612	1328	1449
656	5641	4010	3216	2396	1911	1871	1263	1080	1086	1644	1340	1457
657	5660	4027	3139	2379	1931	1806	1260	1094	1057	1639	1341	1437
658	5682	3910	3247	2379	1977	1853	1223	1083	1096	1617	1333	1441
659	5656	3998	3221	2449	1939	1837	1247	1105	1064	1646	1337	1458
660	5703	3983	3269	2482	1954	1791	1272	1088	1042	1644	1316	1491
661	5694	4005	3216	2444	1953	1817	1255	1118	1070	1663	1359	1458
662	5668	3964	3220	2373	1999	1869	1233	1092	1059	1601	1343	1421
663	5655	4061	3238	2472	1957	1814	1300	1104	1075	1651	1373	1422
664	5706	3970	3230	2409	2010	1829	1283	1094	1073	1640	1298	1421
665	5716	3900	3285	2411	2004	1863	1269	1121	1055	1599	1304	1457
666	5806	3926	3197	2369	1957	1780	1255	1096	1074	1582	1355	1462
667	5680	3909	3244	2434	1964	1801	1268	1085	1059	1633	1347	1410
668	5656	3976	3251	2400	1980	1804	1260	1085	1077	1605	1349	1466
669	5820	4050	3317	2483	1976	1815	1264	1100	1051	1626	1353	1430
670	5743	4014	3268	2466	1949	1858	1239	1098	1063	1625	1328	1436
671	5725	3959	3225	2466	1964	1827	1301	1088	1065	1636	1360	1411
672	5751	4005	3309	2525	2005	1870	1299	1158	1057	1612	1322	1419
673	5789	3949	3199	2459	2015	1868	1289	1088	1092	1650	1369	1434
674	5746	3946	3275	2457	2002	1820	1296	1110	1080	1592	1331	1461
675	5891	3951	3226	2404	1961	1867	1309	1130	1061	1624	1316	1433
676	5848	3988	3136	2406	1985	1853	1265	1132	1083	1646	1367	1449
677	5811	3976	3252	2488	2007	1871	1276	1072	1070	1619	1320	1448
678	5809	4007	3223	2492	1986	1846	1268	1097	1075	1628	1332	1386
679	5733	4075	3284	2476	1979	1842	1272	1107	1040	1655	1303	1440
680	5652	4047	3138	2425	1966	1800	1269	1090	1024	1586	1348	1445
681	5683	4052	3261	2490	2029	1840	1293	1096	1081	1616	1331	1418
682	5640	4019	3231	2410	2027	1834	1299	1083	1068	1623	1346	1432
683	5739	4022	3263	2489	2011	1859	1264	1109	1081	1619	1329	1423
684	5761	4091	3168	2452	1950	1903	1265	1116	1065	1606	1306	1424
685	5743	4005	3217	2436	1955	1861	1236	1123	1039	1609	1294	1413
686	5756	4062	3212	2501	1972	1870	1295	1090	1065	1633	1317	1402
687	5818	4083	3339	2455	1997	1882	1281	1067	1048	1624	1327	1434
688	5769	4049	3201	2485	1997	1871	1267	1080	1058	1595	1307	1411
689	5745	4026	3251	2507	1970	1850	1286	1077	1063	1621	1325	1471
690	5723	4086	3256	2465	2022	1855	1269	1111	1055	1624	1346	1430
691	5592	3975	3339	2443	2003	1784	1282	1100	1062	1654	1334	1452
692	5708	4143	3298	2502	2088	1916	1323	1136	1066	1661	1309	1404
693	5786	3952	3280	2436	2021	1835	1275	1111	1093	1592	1345	1433
694	5738	3989	3213	2456	1950	1865	1251	1088	1046	1599	1311	1425
695	5648	3896	3228	2449	2009	1847	1281	1078	1064	1618	1367	1410
696	5719	3917	3308	2458	2058	1825	1283	1078	1047	1657	1305	1439
697	5690	3968	3165	2445	2025	1845	1271	1110	1068	1593	1322	1410
698	5871	3966	3221	2478	2006	1830	1283	1084	1071	1632	1317	1426
699	5756	3957	3162	2491	2013	1848	1273	1104	1081	1631	1327	1434
700	5787	4010	3271	2518	2035	1855	1295	1120	1080	1651	1311	1440
701	5733	4014	3305	2490	2035	1837	1304	1097	1055	1631	1338	1384
702	5690	4074	3279	2468	2009	1830	1277	1091	1064	1602	1336	1394
703	5677	4137	3304	2500	2068	1869	1302	1103	1053	1600	1335	1407
704	5690	4064	3331	2469	2019	1847	1272	1145	1083	1578	1293	1383
705	5745	4021	3255	2425	2027	1876	1292	1102	1066	1653	1349	1424
706	5735	3949	3253	2458	2043	1839	1265	1083	1095	1610	1371	1423
707	5700	4016	3260	2446	2028	1865	1303	1086	1065	1545	1343	1411
708	5714	4054	3232	2434	1961	1831	1293	1124	1057	1626	1327	1405
709	5763	4102	3212	2472	1934	1855	1291	1074	1055	1611	1333	1398
710	5621	4111	3240	2433	2037	1852	1289	1109	1105	1648	1332	1415
711	5739	4051	3290	2466	1989	1839	1313	1102	1093	1603	1350	1450
712	5696	3982	3236	2434	2033	1826	1302	1123	1082	1593	1333	1409
713	5772	3973	3176	2419	2018	1884	1257	1076	1071	1634	1322	1435
714	5840	3943	3221	2429	2012	1836	1293	1120	1075	1647	1335	1418
715	5778	3915	3228	2427	1984	1869	1280	1081	1071	1631	1333	1434
716	5764	4009	3229	2480	2004	1866	1313	1051	1065	1637	1337	1416
717	5707	3971	3279	2406	2012	1861	1297	1089	1087	1575	1343	1401
718	5852	3996	3200	2492	2001	1854	1297	1114	1072	1643	1314	1456
719	5771	4038	3233	2496	2011	1791	1307	1079	1054	1620	1324	1404
720	5819	4031	3190	2471	1972	1872	1301	1118	1069	1553	1297	1448
721	5786	4133	3276	2463	2022	1809	1262	1092	1046	1601	1303	1452
722	5695	4136	3239	2566	2053	1880	1303	1098	1074	1597	1335	1383
723	5670	4075	3236	2464	1977	1887	1272	1118	1046	1626	1318	1404
724	5814	4030	3246	2472	2029	1867	1268	1105	1074	1619	1299	1408
725	5796	4057	3228	2433	1968	1887	1262	1121	1068	1549	1318	1420
726	5820	4038	3192	2431	2030	1812	1277	1092	1042	1581	1277	1415
727	5884	4015	3161	2461	1937	1781	1245	1070	1068	1589	1294	1408
728	5720	4051	3167	2379	1966	1814	1249	1098	1017	1582	1298	1427
729	5700	4091	3252	2464	1968	1840	1287	1086	1072	1541	1315	1444
730	5668	4065	3253	2346	1940	1767	1262	1091	1075	1630	1318	1428
731	5808	4069	3213	2437	1931	1803	1233	1108	1048	1588	1308	1429
732	5664	4056	3157	2430	1917	1798	1227	1090	1062	1659	1303	1355
733	5710	4092	3189	2469	1951	1843	1274	1108	1043	1590	1287	1392
734	5769	4099	3191	2384	1925	1804	1256	1068	1054	1608	1274	1434
735	5650	4041	3151	2441	1960	1780	1275	1080	1055	1587	1308	1420
736	5807	4023	3226	2452	1926	1819	1270	1069	1064	1627	1299	1407
737	5650	4069	3154	2409	1957	1814	1277	1107	1023	1590	1293	1398
738	5699	4079	3268	2470	1987	1830	1284	1102	1045	1609	1314	1458
739	5765	4054	3244	2412	2002	1825	1241	1068	1063	1614	1280	1426
740	5733	4040	3178	2369	1954	1811	1246	1100	1084	1602	1325	1384
741	5814	4058	3254	2415	1950	1820	1242	1087	1073	1607	1275	1381
742	5807	4160	3268	2434	1935	1821	1277	1101	1045	1614	1281	1385
743	5726	4010	3218	2411	1972	1820	1282	1037	1091	1620	1305	1415
744	5790	4003	3190	2441	1904	1871	1254	1070	1046	1606	1300	1423
745	5776	4028	3296	2505	2072	1894	1311	1102	1097	1557	1294	1401
746	5714	4064	3288	2518	2067	1873	1291	1111	1045	1608	1315	1379
747	5710	4004	3332	2504	2035	1852	1291	1117	1082	1606	1354	1377
748	5767	4065	3227	2481	2035	1893	1283	1140	1072	1655	1333	1400
749	5758	4033	3241	2465	1986	1873	1312	1098	1048	1588	1314	1426
750	5779	3974	3253	2440	1947	1806	1260	1119	1074	1557	1322	1389
751	5829	3983	3204	2456	1957	1859	1253	1037	1052	1588	1338	1409
752	5773	4064	3208	2453	1965	1825	1249	1074	1060	1602	1324	1403
753	5820	4069	3237	2502	1984	1849	1294	1093	1064	1578	1287	1454
754	5693	4014	3230	2432	1914	1809	1281	1099	1087	1587	1259	1398
755	5726	4017	3229	2446	1956	1860	1248	1070	1028	1638	1302	1372
756	5726	4071	3235	2475	1968	1822	1292	1083	1089	1630	1297	1416
757	5752	4012	3202	2476	2064	1848	1261	1089	1068	1616	1305	1393
758	5795	3954	3295	2512	2041	1878	1297	1095	1080	1582	1314	1358
759	5790	4029	3257	2516	2040	1869	1300	1084	1083	1568	1333	1397
760	5825	3991	3272	2527	2036	1851	1316	1091	1059	1610	1308	1439
761	5730	4118	3277	2513	2049	1880	1309	1124	1037	1542	1327	1430
762	5677	4008	3262	2449	2019	1847	1317	1076	1052	1604	1274	1358
763	5734	3962	3235	2518	2048	1870	1270	1099	1017	1617	1309	1401
764	5776	3980	3189	2513	2029	1900	1286	1095	1080	1587	1297	1384
765	5880	4023	3193	2472	2047	1854	1261	1119	1062	1599	1289	1417
766	5758	3989	3200	2454	1990	1825	1291	1081	1082	1604	1311	1383
767	5780	4008	3302	2438	2043	1868	1274	1088	1084	1620	1273	1413
768	5835	4002	3317	2533	2015	1897	1339	1086	1057	1567	1314	1365
769	5883	4029	3242	2461	2019	1855	1309	1091	1049	1636	1335	1395
770	5838	4018	3228	2477	1978	1894	1311	1074	1095	1586	1302	1403
771	5766	4049	3268	2510	2051	1918	1299	1099	1064	1633	1321	1401
772	5795	4176	3281	2556	2019	1893	1294	1119	1056	1610	1339	1406
773	5711	4077	3284	2490	2007	1915	1307	1084	1067	1604	1280	1405
774	5771	4050	3329	2487	2031	1867	1280	1109	1088	1628	1356	1418
775	5826	4069	3298	2448	2026	1862	1280	1104	1093	1584	1307	1412
776	5828	4047	3271	2507	1986	1874	1272	1105	1073	1596	1289	1387
777	5724	4094	3274	2491	1969	1820	1294	1085	1077	1602	1299	1403
778	5722	4136	3245	2487	1980	1819	1269	1098	1060	1593	1317	1415
779	5921	4076	3212	2482	1982	1895	1302	1121	1073	1570	1317	1368
780	5880	3937	3201	2486	2047	1879	1271	1100	1055	1588	1335	1407
781	5846	4008	3276	2500	2033	1889	1292	1129	1075	1575	1340	1399
782	5773	4020	3284	2538	1961	1853	1277	1137	1069	1603	1302	1372
783	5775	4088	3280	2430	2019	1902	1285	1098	1071	1616	1334	1367
784	5772	4066	3395	2439	1945	1806	1276	1077	1035	1589	1305	1378
785	5801	4066	3251	2441	1978	1830	1252	1103	1041	1586	1309	1371
786	5899	4070	3262	2437	1986	1785	1304	1097	1045	1564	1307	1422
787	5738	4016	3211	2500	1953	1857	1307	1077	1063	1605	1253	1391
788	5733	4009	3297	2480	2045	1868	1263	1113	1045	1607	1304	1394
789	5845	4080	3346	2507	1982	1842	1242	1114	1054	1587	1308	1385
790	5753	4080	3251	2487	2031	1873	1260	1096	1063	1569	1253	1399
791	5842	3995	3272	2418	1956	1844	1238	1062	1026	1592	1319	1360
792	5742	4129	3282	2468	2051	1884	1266	1097	1044	1594	1294	1388
793	5740	4072	3261	2474	1997	1873	1289	1105	1116	1583	1308	1367
794	5754	4050	3244	2445	1958	1855	1255	1094	1059	1591	1309	1351
795	5794	4058	3270	2408	1978	1861	1270	1069	1049	1580	1280	1390
796	5672	4045	3247	2516	1999	1832	1320	1076	1091	1602	1310	1411
797	5766	3976	3301	2468	1991	1859	1304	1063	1053	1604	1296	1424
798	5860	4047	3332	2451	1959	1883	1309	1106	1061	1630	1315	1398
799	5707	4062	3235	2438	1958	1833	1275	1082	1050	1619	1283	1408
800	5696	4002	3294	2462	2004	1848	1297	1077	1069	1550	1312	1357
801	5728	4101	3273	2477	1971	1803	1290	1072	1034	1617	1302	1391
802	5742	4047	3271	2494	1994	1871	1308	1095	1063	1626	1261	1423
803	5723	4009	3318	2489	1954	1852	1283	1062	1103	1555	1313	1427
804	5686	4040	3290	2477	1986	1866	1282	1082	1061	1577	1324	1377
805	5778	3944	3222	2490	1965	1838	1290	1071	1058	1574	1313	1410
806	5841	3979	3270	2490	1999	1777	1276	1056	1036	1589	1272	1394
807	5809	3996	3234	2490	2037	1874	1262	1092	1067	1600	1313	1398
808	5848	4006	3322	2518	2026	1829	1290	1079	1082	1581	1292	1387
809	5666	4056	3300	2472	1957	1855	1290	1063	1050	1600	1320	1397
810	5826	4021	3265	2456	1990	1872	1313	1071	1035	1621	1278	1408
811	5928	4124	3254	2399	2014	1870	1285	1105	1071	1614	1308	1380
812	5787	4078	3161	2460	1954	1866	1290	1098	1050	1598	1290	1367
813	5781	4069	3199	2446	1975	1882	1289	1067	1063	1624	1300	1415
814	5816	4030	3273	2447	1989	1854	1298	1094	1067	1588	1324	1375
815	5827	4119	3278	2452	1969	1838	1286	1064	1052	1595	1295	1379
816	5829	4011	3224	2490	1994	1856	1269	1095	1082	1592	1297	1349
817	5893	4031	3324	2424	1983	1863	1302	1059	1058	1589	1270	1375
818	5773	4015	3293	2489	1994	1845	1315	1091	1051	1586	1334	1420
819	5879	4039	3278	2487	1996	1841	1238	1088	1027	1594	1277	1390
820	5898	3957	3238	2415	1990	1819	1290	1081	1057	1592	1296	1368
821	5895	4042	3239	2392	1997	1817	1293	1100	1055	1576	1311	1343
822	5836	3969	3227	2446	2014	1895	1277	1079	1063	1604	1299	1383
823	5779	3945	3233	2499	1996	1870	1270	1085	1044	1572	1282	1389
824	5769	3973	3321	2474	2054	1853	1292	1065	1076	1618	1307	1404
825	5720	4029	3272	2494	1964	1824	1282	1084	1037	1594	1275	1419
826	5856	4080	3309	2544	2013	1848	1324	1087	1064	1588	1296	1393
827	5704	4058	3349	2555	2054	1819	1326	1080	1066	1616	1282	1454
828	5842	3991	3282	2539	2003	1842	1262	1088	1099	1568	1285	1372
829	5789	3951	3231	2533	1987	1841	1266	1105	1069	1599	1286	1384
830	5792	3974	3270	2500	1975	1835	1265	1072	1101	1568	1250	1362
831	5965	4022	3236	2490	1976	1882	1274	1093	1065	1585	1298	1366
832	5860	4084	3301	2518	1978	1882	1229	1095	1054	1553	1297	1385
833	5908	4140	3333	2460	1982	1825	1308	1082	1059	1589	1301	1379
834	5902	4120	3344	2476	2006	1877	1293	1065	1063	1611	1294	1392
835	5721	4089	3262	2530	1939	1843	1268	1109	1076	1544	1284	1383
836	5706	4173	3356	2505	1967	1882	1297	1078	1082	1594	1313	1435
837	5706	4153	3303	2469	2052	1836	1272	1095	1078	1624	1310	1376
838	5723	4091	3201	2422	2011	1868	1301	1095	1067	1594	1253	1447
839	5751	4105	3299	2496	2003	1851	1300	1101	1056	1614	1296	1396
840	5720	4142	3261	2543	2045	1846	1313	1106	1101	1615	1285	1439
841	5572	4030	3343	2514	2003	1858	1334	1093	1041	1611	1258	1416
842	5721	4097	3316	2509	2048	1885	1300	1087	1056	1584	1243	1371
843	5869	4014	3300	2502	1985	1857	1277	1126	1070	1606	1282	1363
844	5883	4046	3305	2502	1993	1854	1300	1113	1067	1575	1324	1380
845	5688	4047	3309	2505	2003	1882	1287	1119	1080	1573	1301	1384
846	5777	3981	3255	2454	1925	1871	1301	1086	1057	1594	1270	1383
847	5793	4056	3321	2546	1979	1839	1289	1107	1073	1595	1262	1368
848	5800	4024	3227	2504	2023	1842	1322	1059	1045	1573	1296	1424
849	5852	4006	3276	2508	1988	1813	1293	1091	1052	1584	1317	1363
850	5811	4083	3254	2576	2040	1871	1281	1101	1069	1581	1300	1411
851	5876	4053	3308	2494	1982	1865	1279	1108	1090	1611	1300	1380
852	5777	4044	3300	2541	1929	1853	1290	1083	1053	1578	1281	1406
853	5952	4106	3368	2514	2005	1848	1290	1087	1060	1612	1258	1356
854	5750	4042	3305	2531	1996	1856	1280	1080	1048	1591	1282	1393
855	5831	4073	3307	2521	2019	1847	1311	1103	1061	1604	1275	1382
856	5813	4078	3300	2536	1997	1899	1328	1110	1044	1573	1296	1390
857	5725	4097	3305	2536	2006	1892	1268	1086	1045	1615	1297	1408
858	5772	4012	3244	2524	2040	1846	1259	1074	1066	1554	1325	1407
859	5767	4153	3299	2518	2034	1855	1308	1075	1089	1593	1307	1396
860	5700	4113	3297	2524	2015	1827	1326	1113	1059	1599	1272	1378
861	5724	4057	3306	2439	2012	1857	1285	1088	1047	1614	1320	1402
862	5792	4069	3328	2524	1968	1863	1277	1089	1068	1584	1280	1402
863	5810	4129	3410	2535	2017	1882	1312	1068	1062	1610	1280	1361
864	5762	4034	3207	2450	1954	1855	1273	1087	1054	1547	1252	1396
865	5852	4015	3259	2479	1971	1823	1285	1072	1031	1596	1307	1337
866	5763	4088	3282	2558	1970	1877	1346	1112	1054	1620	1316	1348
867	5738	4103	3273	2537	1996	1864	1288	1069	1049	1556	1259	1374
868	5820	4059	3433	2495	1970	1855	1317	1107	1084	1564	1282	1369
869	5811	4068	3281	2575	2080	1865	1326	1099	1067	1585	1284	1397
870	5703	4131	3287	2502	2050	1896	1315	1089	1046	1564	1273	1388
871	5702	4035	3319	2533	2024	1930	1351	1094	1074	1574	1299	1329
872	5786	4032	3300	2555	2054	1901	1331	1142	1043	1561	1262	1381
873	5710	4036	3318	2583	2058	1888	1317	1091	1068	1555	1303	1353
874	5663	4018	3357	2558	2074	1891	1292	1125	1055	1594	1257	1371
875	5791	3970	3359	2543	2047	1861	1287	1095	1041	1572	1295	1368
876	5913	4068	3380	2581	2069	1873	1340	1088	1082	1577	1248	1372
877	5806	4058	3364	2578	2115	1852	1315	1070	1023	1571	1283	1380
878	5769	4111	3360	2517	2069	1948	1331	1087	1070	1607	1267	1379
879	5772	4038	3386	2555	2075	1861	1322	1084	1048	1592	1265	1372
880	5816	4038	3378	2529	2016	1872	1301	1136	1069	1609	1264	1382
881	5829	4034	3280	2583	2006	1901	1323	1115	1077	1611	1251	1357
882	5999	4008	3328	2489	2072	1915	1318	1119	1075	1605	1310	1405
883	5814	4004	3300	2603	2075	1886	1314	1138	1077	1612	1249	1376
884	5770	3979	3317	2543	2036	1853	1344	1106	1064	1579	1253	1376
885	5922	3992	3212	2539	2075	1929	1333	1107	1080	1614	1317	1345
886	5863	3919	3301	2546	2040	1867	1327	1101	1092	1592	1291	1386
887	5951	3992	3282	2579	2079	1947	1366	1091	1071	1568	1278	1403
888	5813	4010	3277	2574	2038	1862	1317	1092	1058	1592	1268	1329
889	5741	3954	3336	2539	2078	1891	1345	1076	1080	1631	1298	1350
890	5898	4036	3468	2589	2022	1884	1335	1087	1114	1594	1297	1324
891	5782	4004	3314	2546	2079	1919	1318	1094	1076	1646	1294	1380
892	5828	4053	3382	2560	2082	1925	1312	1093	1068	1598	1329	1357
893	5776	4145	3348	2568	2088	1933	1322	1091	1084	1599	1293	1411
894	5724	4061	3379	2515	2047	1934	1315	1122	1066	1616	1298	1377
895	5846	4047	3377	2543	2051	1862	1324	1089	1064	1599	1269	1385
896	5794	4107	3394	2583	2037	1932	1337	1097	1051	1602	1283	1370
897	5765	4005	3344	2544	2103	1877	1342	1122	1073	1590	1309	1378
898	5753	3999	3350	2589	2025	1900	1353	1086	1088	1593	1312	1393
899	5804	4117	3219	2523	2047	1881	1311	1093	1069	1579	1327	1384
900	5851	4037	3360	2512	2107	1934	1305	1135	1076	1562	1293	1359
901	5829	4063	3201	2523	2074	1877	1344	1090	1088	1606	1303	1349
902	5738	4060	3322	2526	2081	1922	1323	1107	1070	1573	1279	1382
903	5789	3987	3310	2521	2066	1906	1332	1117	1120	1618	1321	1368
904	5826	4073	3322	2586	2056	1947	1325	1091	1097	1634	1305	1381
905	5794	4140	3329	2538	2088	1892	1352	1082	1079	1554	1287	1357
906	5827	4083	3344	2526	2045	1884	1303	1082	1052	1595	1267	1391
907	5879	4030	3294	2526	2081	1905	1330	1087	1068	1583	1285	1386
908	5818	4103	3313	2533	2026	1935	1295	1139	1073	1588	1314	1354
909	5835	4055	3291	2530	2075	1875	1355	1104	1081	1562	1297	1376
910	5837	4093	3374	2515	2049	1881	1336	1091	1054	1581	1301	1366
911	5844	4052	3365	2547	2063	1898	1344	1115	1059	1573	1297	1362
912	5826	4076	3288	2488	2003	1916	1296	1067	1060	1578	1305	1427
913	5828	4086	3316	2605	2029	1886	1299	1105	1096	1566	1288	1373
914	5728	4033	3277	2549	2072	1935	1320	1119	1116	1592	1267	1371
915	5795	4038	3290	2566	2045	1909	1367	1105	1079	1590	1311	1360
916	5714	4004	3396	2595	2082	1876	1323	1132	1091	1574	1271	1379
917	5742	4034	3272	2562	2093	1885	1325	1097	1093	1559	1316	1359
918	5819	4079	3377	2515	2047	1885	1323	1094	1060	1637	1288	1356
919	5697	4090	3300	2536	2060	1946	1319	1116	1049	1584	1237	1354
920	5750	4009	3242	2539	2074	1889	1296	1152	1069	1559	1313	1349
921	5895	4052	3398	2528	2109	1929	1349	1087	1101	1586	1291	1364
922	5770	4060	3321	2536	2025	1898	1334	1089	1089	1577	1307	1366
923	5668	4057	3332	2518	2018	1897	1308	1090	1037	1529	1298	1348
924	5810	4050	3357	2536	2038	1918	1324	1103	1076	1631	1317	1375
925	5824	4033	3375	2567	2089	1875	1357	1153	1061	1591	1303	1402
926	5909	4017	3297	2551	2094	1902	1338	1108	1104	1615	1302	1386
927	5803	4061	3320	2603	2108	1913	1332	1098	1036	1581	1267	1380
928	5736	4088	3375	2564	2121	1928	1341	1123	1088	1509	1281	1396
929	5792	4138	3373	2556	2088	1896	1327	1088	1076	1550	1277	1374
930	5756	4083	3283	2501	2061	1875	1329	1111	1080	1571	1298	1404
931	5871	4065	3272	2521	2046	1941	1345	1106	1097	1591	1277	1362
932	5721	4049	3277	2579	2060	1911	1361	1124	1063	1629	1300	1360
933	5665	4050	3318	2566	2087	1969	1328	1099	1068	1560	1299	1374
934	5751	4187	3360	2537	2033	1873	1310	1097	1033	1576	1273	1378
935	5865	4113	3325	2530	2077	1909	1349	1104	1065	1557	1271	1393
936	5765	4043	3406	2536	2000	1871	1305	1080	1047	1546	1303	1378
937	5710	4091	3354	2584	2050	1939	1351	1082	1082	1572	1277	1364
938	5675	3992	3272	2528	2100	1921	1320	1100	1079	1603	1291	1370
939	5834	4042	3308	2531	2079	1885	1313	1125	1069	1555	1296	1368
940	5727	4141	3342	2598	2111	1939	1326	1124	1051	1542	1339	1359
941	5731	4072	3440	2508	2043	1949	1351	1102	1078	1532	1279	1341
942	5807	4052	3355	2566	2038	1925	1334	1090	1068	1618	1279	1379
943	5750	4026	3356	2520	2050	1958	1338	1137	1085	1612	1303	1371
944	5839	3966	3368	2606	2105	1916	1347	1110	1100	1572	1278	1415
945	5809	4132	3402	2585	2082	1928	1342	1113	1074	1592	1325	1344
946	5764	4027	3290	2621	2035	1936	1344	1083	1056	1580	1312	1385
947	5881	3975	3346	2587	2156	1940	1370	1114	1074	1545	1273	1358
948	5813	4006	3290	2593	2099	1903	1331	1084	1095	1624	1305	1319
949	5803	4104	3464	2600	2077	1917	1322	1112	1102	1560	1263	1325
950	5839	4127	3382	2600	2087	1902	1314	1112	1076	1590	1299	1361
951	5895	4078	3372	2585	2040	1927	1340	1137	1060	1619	1296	1362
952	5883	4083	3344	2609	2070	1917	1366	1099	1061	1587	1293	1369
953	5861	4091	3419	2591	2034	1881	1328	1097	1086	1559	1317	1388
954	5816	4110	3310	2593	2051	1911	1331	1155	1080	1599	1279	1347
955	5861	4018	3348	2599	2056	1926	1341	1091	1077	1605	1275	1356
956	5862	4007	3299	2549	2044	1887	1352	1089	1050	1571	1292	1374
957	5806	4151	3450	2547	2058	1900	1353	1102	1069	1581	1283	1353
958	5956	4091	3366	2543	2034	1895	1295	1116	1076	1613	1278	1367
959	5859	4107	3456	2549	2035	1911	1350	1131	1082	1572	1272	1351
960	5799	4022	3293	2452	1997	1882	1323	1100	1066	1571	1262	1363
961	5897	4055	3396	2611	2048	1890	1347	1111	1044	1571	1292	1349
962	5890	4025	3350	2596	2031	1911	1319	1096	1090	1545	1279	1351
963	5864	4131	3280	2572	2070	1908	1289	1092	1092	1592	1304	1327
964	5993	4064	3379	2612	2100	1914	1374	1139	1063	1605	1321	1342
965	5919	4143	3340	2640	2090	1930	1359	1107	1067	1596	1308	1332
966	5891	4116	3371	2517	1995	1891	1364	1103	1082	1588	1289	1370
967	5862	4114	3347	2497	2071	1867	1300	1088	1067	1559	1302	1341
968	5972	4020	3234	2560	2025	1851	1302	1075	1080	1567	1257	1345
969	6012	4030	3279	2539	2065	1913	1310	1067	1060	1532	1263	1356
970	5799	4096	3337	2547	2009	1848	1339	1135	1080	1541	1289	1334
971	5824	4146	3374	2517	2006	1876	1296	1110	1056	1556	1289	1365
972	5890	4093	3420	2544	2000	1910	1300	1130	1090	1556	1277	1349
973	5817	4147	3353	2538	2067	1894	1338	1089	1072	1567	1252	1369
974	5849	4083	3366	2564	1971	1863	1292	1080	1043	1579	1280	1354
975	5778	4017	3393	2547	2043	1881	1329	1141	1050	1517	1275	1398
976	5812	4129	3333	2581	1998	1886	1306	1088	1074	1563	1282	1361
977	5774	4053	3330	2557	2038	1878	1300	1113	1074	1592	1277	1362
978	5863	4115	3351	2611	2076	1892	1301	1072	1067	1550	1282	1370
979	5819	4060	3367	2579	2004	1909	1314	1079	1077	1603	1275	1334
980	5759	4055	3431	2598	2032	1944	1329	1099	1135	1544	1291	1347
981	5833	4071	3367	2577	2042	1928	1312	1084	1077	1577	1282	1385
982	5784	4096	3363	2555	2035	1868	1360	1082	1069	1549	1302	1362
983	5704	4105	3381	2622	2100	1881	1357	1101	1055	1587	1301	1383
984	5647	4104	3384	2632	2099	1944	1337	1109	1097	1594	1307	1413
985	5732	4141	3436	2626	2130	1913	1369	1135	1052	1602	1263	1357
986	5707	4223	3522	2676	2144	1983	1389	1127	1106	1623	1316	1368
987	5810	4090	3356	2530	2039	1894	1336	1148	1024	1561	1284	1333
988	5804	4012	3394	2568	2027	1874	1286	1095	1069	1580	1288	1373
989	5847	4077	3342	2564	2035	1900	1307	1082	1057	1566	1262	1365
990	5831	4166	3377	2586	2069	1898	1338	1094	1055	1568	1292	1360
991	5830	4022	3364	2580	2117	1894	1333	1125	1071	1600	1321	1354
992	5849	4056	3385	2587	2087	1944	1355	1131	1063	1561	1336	1355
993	5922	4111	3393	2521	2089	1940	1333	1109	1085	1580	1335	1359
994	5908	4191	3321	2601	2048	1924	1356	1136	1096	1608	1325	1364
995	5820	4060	3354	2566	2065	1908	1332	1076	1092	1552	1293	1331
996	5818	3978	3280	2631	2117	1947	1367	1129	1080	1584	1300	1383
997	5844	3965	3374	2563	2064	1920	1341	1102	1121	1587	1296	1367
998	5873	4040	3327	2557	2057	1933	1377	1147	1042	1526	1310	1382
999	5754	3970	3369	2552	2058	1921	1341	1094	1085	1586	1286	1374
1000	5830	4169	3349	2570	2096	1927	1336	1109	1085	1562	1302	1371
1001	5842	4049	3308	2512	2077	1914	1305	1085	1073	1554	1303	1358
1002	5872	4046	3380	2585	2041	1929	1342	1094	1106	1609	1317	1324
1003	5760	4019	3388	2557	2043	1940	1339	1135	1079	1603	1303	1346
1004	5857	4068	3473	2553	2107	1883	1334	1116	1104	1624	1291	1344
