time	200	160	128	102.4	81.92	65.536	52.4288	41.94304	33.554432	26.8435456	21.47483648	17.17986918
5	70	62	52	44	42	44	43	43	43	43	41	42
6	74	59	52	46	47	45	42	37	36	41	41	41
7	74	63	54	48	41	39	41	43	44	42	39	41
8	83	71	55	45	47	44	42	43	45	44	41	44
9	98	70	56	57	48	42	42	41	43	43	42	36
10	91	80	58	51	45	45	41	42	43	43	35	39
11	107	82	59	46	48	42	44	42	45	42	37	42
12	130	89	69	55	43	42	41	45	37	45	41	43
13	141	91	73	61	40	43	37	43	42	43	42	47
14	177	113	71	69	45	47	38	43	40	37	43	39
15	210	145	83	68	45	47	40	40	39	43	37	44
16	246	155	84	75	43	46	49	40	45	42	41	38
17	273	183	95	77	48	40	39	42	37	43	39	38
18	303	194	105	85	46	51	45	50	39	37	44	40
19	361	241	109	99	48	40	41	41	45	45	42	40
20	422	261	123	105	48	45	46	39	41	39	37	39
21	464	289	117	110	44	47	44	45	43	42	37	38
22	531	334	155	120	49	49	43	47	43	41	45	38
23	586	356	148	135	47	48	40	45	44	46	39	38
24	643	403	170	144	56	58	44	49	46	41	38	40
25	733	436	181	164	48	58	42	44	43	42	38	41
26	779	495	209	177	62	61	44	47	44	45	43	42
27	881	553	231	193	59	62	46	38	39	38	45	41
28	969	595	249	210	69	67	48	45	41	38	42	40
29	1024	641	270	229	72	70	51	47	44	42	41	40
30	1150	704	317	257	71	82	50	48	49	41	40	43
31	1169	733	312	267	79	84	48	48	50	43	36	39
32	1294	811	350	288	87	91	48	46	48	43	42	40
33	1341	839	382	303	99	98	48	47	47	44	39	40
34	1409	909	440	327	114	112	54	45	51	42	45	37
35	1507	982	462	358	132	131	63	50	49	44	44	38
36	1609	1010	502	375	141	143	62	64	52	42	43	39
37	1710	1054	526	400	145	149	68	51	48	40	44	39
38	1764	1101	579	438	165	149	71	59	55	38	40	42
39	1829	1130	587	453	174	184	69	63	55	36	44	38
40	1884	1139	638	470	192	197	76	70	58	41	40	42
41	1943	1203	707	515	204	199	83	69	65	40	43	45
42	1989	1280	752	556	229	227	85	73	71	43	42	40
43	2077	1339	797	592	269	238	97	62	69	40	44	38
44	2104	1411	823	608	273	267	103	67	70	42	43	39
45	2157	1381	875	640	283	276	98	77	79	41	43	37
46	2227	1486	927	661	316	295	101	96	95	46	49	39
47	2223	1489	951	673	334	297	117	91	92	46	55	41
48	2198	1553	1010	736	353	327	126	95	86	50	55	43
49	2237	1509	1048	733	380	348	129	108	88	49	54	38
50	2290	1678	1080	750	401	359	131	103	101	48	50	45
51	2315	1632	1099	793	420	381	135	121	100	46	47	39
52	2341	1699	1102	805	454	378	143	107	106	46	51	46
53	2370	1711	1147	840	472	406	167	143	119	53	54	44
54	2401	1741	1188	874	475	415	158	135	118	51	58	43
55	2448	1872	1206	894	534	441	150	150	125	53	55	42
56	2414	1874	1256	890	557	457	169	145	127	50	59	41
57	2456	1891	1321	938	578	486	184	152	134	51	56	40
58	2432	1924	1350	944	605	469	188	164	137	54	67	41
59	2494	1922	1326	962	594	487	181	180	142	54	66	47
60	2458	2015	1343	972	635	489	186	180	143	55	70	44
61	2548	2010	1397	1012	658	509	203	186	153	60	70	41
62	2540	2041	1429	989	673	517	206	196	154	62	65	44
63	2620	1982	1439	1050	682	554	206	214	157	65	78	45
64	2604	2077	1483	1046	712	551	209	222	161	57	78	45
65	2632	2065	1431	1085	710	571	228	205	171	66	82	43
66	2614	2086	1503	1077	735	583	228	231	171	65	75	45
67	2666	2094	1508	1096	753	622	238	246	177	65	82	38
68	2667	2109	1533	1098	803	601	243	240	194	65	82	41
69	2743	2126	1578	1119	787	635	245	249	189	71	71	44
70	2703	2122	1566	1160	810	635	253	275	190	68	94	44
71	2676	2191	1575	1154	809	624	248	276	204	84	85	40
72	2809	2197	1620	1180	838	639	258	277	195	73	100	42
73	2783	2149	1565	1211	833	641	261	282	220	78	97	40
74	2740	2177	1604	1191	858	682	259	291	228	77	100	41
75	2778	2220	1631	1185	884	629	269	305	206	82	101	47
76	2825	2247	1673	1226	905	670	279	305	233	82	108	43
77	2802	2257	1715	1233	930	684	288	304	242	86	111	45
78	2894	2251	1670	1215	926	704	294	336	245	91	113	45
79	2927	2282	1713	1284	950	718	309	333	239	89	114	47
80	2907	2269	1693	1231	951	740	302	356	257	97	115	48
81	3003	2359	1715	1301	956	746	309	354	262	93	120	43
82	2943	2300	1730	1306	1002	767	310	373	262	86	115	50
83	3046	2336	1732	1333	1011	748	331	356	274	96	116	47
84	3002	2321	1765	1294	999	785	329	386	287	99	128	43
85	2973	2289	1747	1342	1022	792	325	396	278	100	140	50
86	2989	2320	1732	1329	1056	816	336	405	301	110	137	43
87	3083	2355	1786	1332	1042	790	355	430	316	102	153	52
88	3103	2398	1758	1349	1047	782	354	405	312	112	142	51
89	3122	2419	1809	1385	1081	829	356	436	325	117	147	54
90	3147	2402	1861	1385	1066	832	341	428	327	115	158	50
91	3187	2398	1820	1413	1094	834	361	457	345	112	158	52
92	3147	2457	1860	1410	1128	832	361	450	346	118	168	61
93	3243	2412	1890	1436	1141	852	356	464	342	124	173	50
94	3157	2413	1890	1461	1162	874	399	484	372	137	179	62
95	3204	2447	1875	1463	1139	892	390	463	367	130	182	70
96	3185	2442	1881	1472	1153	881	407	466	382	143	210	65
97	3295	2497	1906	1530	1200	886	395	486	394	148	194	65
98	3317	2478	1877	1498	1196	912	415	515	402	143	206	70
99	3221	2514	1977	1519	1175	919	425	517	391	148	213	73
100	3275	2472	1930	1499	1178	912	427	511	430	155	233	78
101	3317	2580	1902	1536	1245	916	409	529	423	157	231	73
102	3353	2502	1945	1557	1214	922	423	530	451	155	228	75
103	3370	2569	1990	1576	1235	971	448	553	451	170	239	75
104	3384	2535	1917	1557	1232	950	441	577	464	159	245	77
105	3398	2555	1995	1573	1287	960	447	578	473	173	264	87
106	3415	2615	1983	1571	1246	982	460	576	492	175	273	92
107	3435	2583	1953	1597	1268	1003	478	592	489	185	272	96
108	3486	2568	2005	1600	1276	998	479	586	523	188	270	95
109	3491	2543	2025	1628	1323	1004	492	603	499	192	296	89
110	3473	2614	2048	1601	1305	1018	498	619	527	196	289	103
111	3489	2606	2065	1672	1339	1045	492	626	543	194	306	109
112	3532	2564	2134	1662	1359	1018	510	634	531	217	297	103
113	3575	2668	2075	1704	1338	1022	492	645	552	211	320	107
114	3584	2623	2096	1718	1363	1070	496	643	597	222	340	117
115	3578	2686	2114	1715	1375	1047	519	644	589	245	358	117
116	3552	2658	2081	1708	1381	1057	520	677	608	231	343	129
117	3628	2654	2143	1724	1388	1104	532	700	621	233	374	131
118	3653	2725	2135	1736	1393	1118	545	677	651	262	367	133
119	3692	2675	2137	1754	1429	1086	545	715	631	246	394	140
120	3728	2721	2181	1817	1466	1063	548	688	658	285	406	140
121	3682	2748	2205	1779	1446	1107	579	737	661	275	403	143
122	3707	2696	2210	1796	1399	1119	575	725	695	294	418	152
123	3753	2717	2245	1816	1491	1146	582	776	726	296	455	158
124	3728	2739	2242	1787	1481	1144	592	739	705	305	455	171
125	3770	2796	2324	1923	1522	1172	580	767	726	305	480	169
126	3784	2773	2286	1890	1531	1174	578	786	762	332	470	176
127	3802	2779	2332	1915	1578	1198	613	808	780	347	504	186
128	3794	2813	2233	1932	1531	1219	615	792	818	371	496	189
129	3864	2846	2257	1968	1552	1165	642	817	822	370	521	198
130	3836	2838	2328	2037	1534	1213	631	811	843	374	545	223
131	3880	2905	2349	1977	1570	1205	608	849	853	393	560	199
132	3887	2821	2295	2003	1525	1212	642	872	885	398	575	227
133	3842	2846	2449	2042	1543	1229	655	834	873	425	581	239
134	3923	2829	2414	2093	1650	1245	660	857	895	435	618	231
135	3906	2855	2345	2077	1658	1274	685	855	902	438	635	248
136	3948	2915	2420	2068	1621	1302	675	895	998	469	613	256
137	3935	2895	2421	2073	1708	1333	684	888	997	486	642	272
138	3923	2937	2407	2085	1675	1306	680	896	1016	503	699	286
139	3930	2967	2461	2112	1694	1389	729	895	1051	531	708	293
140	3959	2965	2417	2163	1696	1320	720	960	1076	539	732	304
141	3983	2870	2469	2182	1755	1351	739	959	1082	561	751	297
142	4020	2925	2470	2159	1721	1366	767	968	1076	579	777	316
143	3993	2998	2498	2220	1743	1343	741	942	1149	630	807	329
144	4041	2980	2505	2226	1750	1368	771	1005	1171	643	839	346
145	4103	3004	2586	2262	1789	1411	749	998	1203	664	827	369
146	4088	3041	2498	2275	1766	1375	781	1011	1260	699	865	352
147	4091	2989	2545	2285	1771	1406	788	1043	1293	715	900	358
148	4133	3095	2511	2267	1797	1422	816	1056	1301	750	937	390
149	4133	3014	2579	2381	1781	1428	808	1023	1323	782	961	403
150	4143	3064	2587	2363	1834	1437	847	1068	1369	815	975	414
151	4148	3085	2620	2449	1865	1424	846	1084	1354	840	1009	425
152	4175	3109	2649	2454	1833	1485	834	1104	1422	865	1034	428
153	4143	3075	2650	2418	1873	1517	863	1075	1443	871	1049	444
154	4191	3147	2693	2473	1867	1482	832	1069	1449	963	1090	491
155	4280	3070	2657	2470	1910	1471	895	1100	1520	971	1086	515
156	4198	3161	2703	2448	1919	1507	883	1133	1576	1001	1146	530
157	4230	3111	2719	2503	1929	1511	909	1148	1559	1050	1170	546
158	4215	3112	2659	2589	1942	1526	905	1164	1635	1071	1194	528
159	4314	3158	2732	2564	1949	1556	937	1194	1614	1104	1202	559
160	4296	3162	2762	2632	2012	1593	922	1228	1704	1121	1171	574
161	4328	3170	2755	2654	1992	1613	933	1209	1739	1182	1243	611
162	4286	3145	2738	2693	2046	1570	947	1219	1705	1213	1271	629
163	4335	3148	2805	2673	2021	1627	963	1224	1765	1221	1279	651
164	4383	3250	2749	2687	2045	1649	949	1244	1798	1305	1318	658
165	4408	3233	2803	2679	2072	1623	1003	1235	1804	1372	1346	721
166	4413	3265	2790	2765	2145	1702	1001	1234	1821	1362	1368	715
167	4344	3239	2840	2738	2066	1682	1032	1328	1927	1389	1407	729
168	4392	3212	2849	2820	2159	1663	1027	1310	1939	1421	1453	779
169	4445	3299	2854	2803	2143	1699	1063	1340	1981	1506	1402	780
170	4421	3293	2867	2812	2157	1711	1048	1297	1970	1534	1489	792
171	4440	3326	2904	2878	2183	1756	1048	1352	2035	1567	1460	832
172	4479	3281	2891	2911	2198	1682	1047	1378	2042	1560	1535	845
173	4490	3320	2864	2882	2198	1739	1043	1331	2090	1611	1566	864
174	4535	3327	2927	2973	2238	1758	1097	1370	2106	1620	1594	897
175	4499	3363	2944	2995	2227	1819	1087	1379	2219	1644	1592	914
176	4467	3345	2935	3091	2271	1874	1114	1393	2182	1673	1616	941
177	4507	3408	2930	2990	2294	1801	1104	1381	2250	1680	1653	1026
178	4556	3427	2986	3036	2306	1854	1108	1429	2285	1750	1711	1026
179	4541	3459	3009	3044	2347	1858	1163	1439	2297	1823	1690	1003
180	4577	3389	3005	3059	2260	1883	1188	1460	2288	1738	1732	1058
181	4605	3427	3008	3095	2309	1877	1174	1494	2332	1823	1742	1075
182	4606	3408	3020	3196	2316	1859	1203	1464	2412	1865	1810	1095
183	4618	3416	3095	3108	2342	1927	1208	1492	2390	1881	1800	1151
184	4543	3457	3072	3175	2400	1964	1211	1511	2439	1912	1851	1154
185	4629	3486	3090	3212	2393	1979	1242	1544	2476	1978	1839	1166
186	4711	3546	3138	3323	2437	2003	1280	1573	2529	1942	1880	1201
187	4738	3544	3117	3191	2492	2009	1303	1568	2542	1979	1922	1205
188	4735	3562	3124	3310	2361	1954	1271	1622	2550	2011	1945	1257
189	4656	3469	3138	3346	2470	2009	1283	1582	2649	2085	1954	1272
190	4687	3475	3203	3279	2465	1989	1317	1643	2607	2122	2026	1311
191	4738	3514	3124	3349	2481	2017	1333	1637	2634	2087	2026	1380
192	4690	3564	3132	3295	2524	2087	1344	1667	2671	2096	1990	1377
193	4721	3538	3176	3381	2529	2105	1349	1644	2678	2150	2040	1351
194	4851	3580	3221	3453	2507	2063	1341	1667	2680	2222	2115	1425
195	4797	3628	3173	3379	2513	2072	1375	1681	2787	2190	2148	1459
196	4830	3630	3261	3446	2558	2132	1398	1725	2777	2250	2116	1452
197	4704	3623	3228	3417	2607	2124	1385	1692	2785	2253	2147	1481
198	4793	3625	3259	3545	2685	2235	1439	1717	2797	2289	2187	1502
199	4812	3701	3240	3526	2581	2193	1467	1700	2828	2301	2157	1520
200	4823	3651	3342	3515	2662	2216	1441	1754	2850	2357	2164	1562
201	4818	3675	3299	3548	2696	2181	1495	1763	2886	2389	2216	1559
202	4870	3669	3330	3563	2667	2303	1442	1776	2914	2418	2282	1619
203	4845	3626	3334	3553	2723	2255	1476	1746	2983	2398	2199	1611
204	4816	3686	3294	3595	2698	2256	1494	1825	3008	2467	2280	1621
205	4920	3676	3401	3613	2744	2293	1540	1831	2905	2479	2324	1618
206	4934	3737	3370	3579	2674	2277	1544	1857	2967	2498	2290	1690
207	4915	3674	3364	3607	2775	2329	1561	1882	3004	2549	2320	1695
208	4973	3676	3409	3689	2788	2364	1568	1874	3011	2608	2365	1718
209	4959	3757	3422	3690	2812	2319	1607	1895	3017	2562	2354	1730
210	4970	3791	3394	3767	2843	2364	1611	1900	3143	2593	2325	1787
211	4999	3809	3436	3704	2801	2359	1585	1942	3152	2597	2390	1774
212	4981	3823	3455	3622	2760	2382	1654	1896	3060	2724	2354	1827
213	4978	3762	3475	3753	2851	2486	1670	1952	3130	2698	2394	1814
214	5051	3858	3431	3753	2788	2445	1649	1972	3045	2713	2402	1847
215	4968	3816	3496	3802	2847	2486	1657	1991	3206	2714	2419	1897
216	4979	3746	3494	3793	2918	2459	1668	1998	3220	2709	2411	1913
217	5014	3855	3581	3824	2907	2490	1722	2047	3122	2813	2477	1909
218	4955	3738	3497	3880	2931	2488	1707	2072	3161	2786	2495	1951
219	5062	3850	3506	3779	2922	2495	1778	2085	3255	2798	2505	1933
220	4979	3904	3582	3882	2966	2577	1743	2076	3279	2833	2505	1947
221	5035	3895	3607	3829	2896	2530	1775	2095	3251	2906	2547	1981
222	5117	3819	3574	3850	2936	2535	1807	2096	3268	2838	2536	1988
223	5096	3918	3571	3912	2999	2586	1829	2132	3203	2901	2549	2015
224	4985	3838	3505	3946	3015	2640	1840	2131	3278	2867	2572	2014
225	5045	3902	3624	3964	3029	2553	1879	2152	3291	2893	2640	1989
226	5090	3885	3585	3977	3079	2658	1846	2183	3279	2891	2607	2013
227	5137	3910	3632	3925	3042	2609	1889	2200	3228	2916	2593	2046
228	5164	3966	3665	3967	3044	2658	1878	2173	3358	2953	2659	2092
229	5163	3901	3616	4001	3093	2694	1920	2190	3372	2941	2660	2136
230	5173	3903	3636	3985	3089	2639	1972	2207	3347	2984	2648	2119
231	5210	3951	3588	4115	3120	2694	1983	2244	3260	2985	2673	2147
232	5165	3919	3670	4056	3204	2765	1941	2253	3310	3013	2651	2188
233	5186	3944	3661	4063	3181	2805	2067	2248	3313	2940	2677	2176
234	5260	3951	3660	4044	3073	2786	1969	2334	3408	3012	2723	2178
235	5246	4001	3705	4119	3141	2706	2002	2299	3389	3011	2681	2233
236	5242	4052	3709	4150	3143	2808	2043	2361	3469	3059	2744	2186
237	5233	4000	3692	4088	3114	2811	2046	2352	3488	3069	2659	2242
238	5262	4025	3674	4120	3226	2848	2053	2313	3409	3051	2706	2249
239	5262	4041	3693	4164	3230	2852	2051	2368	3407	3033	2697	2237
240	5256	4051	3790	4106	3254	2927	2074	2370	3478	3065	2695	2277
241	5332	4071	3686	4097	3326	2938	2106	2408	3485	3053	2771	2272
242	5245	4072	3747	4184	3316	2948	2130	2465	3523	3113	2755	2288
243	5341	4110	3727	4150	3331	2934	2126	2456	3533	3043	2714	2333
244	5315	4132	3749	4186	3382	3037	2169	2485	3522	3149	2781	2327
245	5302	4110	3735	4283	3402	3083	2179	2481	3481	3075	2787	2345
246	5378	4164	3831	4240	3351	3021	2198	2496	3486	3152	2749	2308
247	5291	4050	3774	4183	3400	3019	2223	2574	3574	3167	2766	2304
248	5293	4145	3779	4283	3382	3051	2219	2517	3519	3140	2786	2305
249	5419	4152	3850	4255	3390	3160	2225	2535	3596	3157	2804	2376
250	5382	4178	3850	4291	3373	3104	2294	2597	3594	3154	2811	2386
251	5412	4199	3933	4260	3404	3149	2256	2555	3598	3138	2809	2332
252	5371	4176	3825	4339	3392	3107	2258	2575	3610	3200	2820	2333
253	5331	4197	3886	4282	3368	3199	2281	2546	3547	3146	2821	2376
254	5435	4231	3905	4271	3400	3147	2336	2620	3649	3156	2840	2404
255	5408	4127	3923	4336	3507	3223	2282	2609	3700	3202	2828	2359
256	5476	4267	3919	4334	3480	3193	2324	2621	3679	3258	2833	2398
257	5408	4273	3834	4336	3441	3183	2326	2639	3541	3224	2828	2373
258	5383	4145	3816	4341	3489	3230	2412	2686	3644	3221	2878	2401
259	5366	4190	3934	4370	3502	3271	2390	2716	3645	3229	2857	2379
260	5450	4227	3852	4402	3525	3296	2430	2695	3652	3227	2900	2377
261	5463	4280	3889	4349	3525	3308	2403	2750	3667	3243	2867	2416
262	5400	4230	3980	4418	3514	3309	2430	2795	3786	3270	2881	2405
263	5417	4163	3912	4388	3558	3365	2463	2812	3649	3270	2833	2453
264	5489	4300	3968	4508	3542	3322	2480	2754	3685	3197	2888	2417
265	5537	4274	3977	4404	3560	3350	2530	2868	3730	3306	2910	2409
266	5530	4323	3971	4384	3548	3375	2547	2822	3724	3246	2879	2423
267	5517	4302	3967	4440	3600	3428	2542	2868	3675	3206	2915	2399
268	5548	4259	4013	4484	3608	3381	2584	2941	3759	3315	2900	2457
269	5557	4349	4030	4449	3619	3472	2635	2917	3661	3413	2906	2511
270	5527	4263	3992	4459	3693	3493	2634	2966	3698	3351	2978	2498
271	5492	4400	4017	4480	3616	3472	2593	2982	3753	3318	2912	2502
272	5577	4350	4006	4509	3752	3443	2653	3003	3742	3262	2909	2495
273	5530	4376	3983	4520	3695	3480	2627	3042	3749	3352	2976	2483
274	5571	4405	4056	4472	3799	3471	2734	3052	3766	3353	2984	2467
275	5580	4349	4044	4549	3752	3483	2814	3057	3770	3356	2936	2511
276	5639	4381	4056	4526	3697	3540	2780	3098	3818	3427	2917	2505
277	5604	4515	4086	4555	3762	3602	2745	3054	3854	3381	2897	2506
278	5612	4427	4088	4476	3697	3562	2770	3094	3767	3444	2972	2527
279	5649	4403	4030	4622	3800	3615	2770	3193	3832	3395	3006	2604
280	5610	4406	4024	4547	3812	3580	2811	3206	3823	3407	2914	2561
281	5623	4369	4037	4577	3774	3551	2815	3210	3876	3391	2946	2564
282	5636	4395	4142	4586	3723	3681	2873	3218	3870	3429	2927	2559
283	5696	4472	4110	4547	3785	3680	2861	3209	3832	3461	2973	2549
284	5743	4470	4137	4646	3869	3691	2930	3259	3881	3421	2938	2570
285	5669	4509	4078	4631	3855	3688	2924	3322	3843	3439	2978	2522
286	5611	4441	4179	4650	3843	3671	2927	3299	3941	3451	2967	2590
287	5752	4439	4224	4683	3880	3687	2960	3389	3892	3483	2963	2540
288	5669	4414	4128	4717	3893	3812	2945	3329	3878	3394	2941	2571
289	5673	4476	4156	4696	3944	3695	2957	3335	3950	3453	3016	2602
290	5746	4506	4119	4654	3823	3772	2949	3305	3899	3425	2956	2602
291	5698	4512	4078	4685	3956	3743	3028	3380	3791	3530	2947	2554
292	5701	4600	4172	4775	3935	3817	3105	3398	3881	3455	3009	2602
293	5788	4668	4271	4789	3944	3820	3073	3462	3929	3523	2932	2595
294	5766	4564	4196	4662	3933	3744	2980	3482	3991	3521	3075	2585
295	5730	4559	4169	4697	3932	3821	3032	3485	3942	3459	2933	2624
296	5806	4580	4215	4686	3938	3837	3083	3516	4035	3499	2915	2636
297	5766	4574	4259	4713	3897	3809	3088	3473	3980	3442	3023	2633
298	5742	4633	4208	4818	3976	3778	3079	3503	3990	3516	3023	2637
299	5888	4606	4262	4833	3970	3824	3155	3460	4071	3556	3037	2624
300	5878	4607	4188	4741	3981	3834	3120	3579	4021	3559	3005	2632
301	5825	4587	4243	4797	4014	3907	3170	3539	3971	3550	3028	2639
302	5824	4686	4266	4703	3985	3884	3127	3520	4055	3507	3014	2694
303	5869	4577	4261	4700	3982	3903	3147	3518	3984	3528	2976	2612
304	5798	4649	4219	4790	3945	3865	3233	3577	4049	3483	3000	2668
305	5770	4637	4263	4817	4026	3918	3158	3571	3967	3583	3054	2664
306	5792	4700	4300	4744	4055	3897	3222	3560	4172	3534	3009	2661
307	5875	4646	4278	4754	4024	3907	3334	3662	4111	3594	2990	2649
308	5890	4695	4313	4909	4095	3964	3302	3695	4072	3619	3019	2658
309	5852	4726	4265	4835	3991	3939	3293	3648	4065	3517	3038	2666
310	5912	4641	4212	4721	4124	4042	3344	3634	4105	3554	3032	2681
311	5827	4729	4249	4771	4140	3988	3300	3704	4134	3539	3021	2621
312	5847	4682	4244	4890	4095	3945	3264	3722	4159	3566	3032	2624
313	5881	4697	4274	4821	4111	3895	3252	3659	4105	3523	3038	2632
314	5812	4693	4307	4761	4146	3880	3257	3665	4109	3540	3063	2624
315	5843	4699	4271	4792	4092	4039	3255	3684	4110	3533	3124	2681
316	5870	4725	4268	4768	4071	3962	3250	3707	4075	3556	3034	2663
317	5967	4742	4282	4869	4132	3994	3346	3762	4163	3572	3012	2607
318	5930	4762	4270	4837	4127	3989	3363	3753	4228	3542	3006	2657
319	5923	4779	4268	4856	4167	4021	3365	3745	4141	3590	3003	2614
320	5906	4719	4298	4813	4106	4016	3403	3779	4172	3572	3055	2636
321	6004	4848	4213	4857	4154	3975	3438	3818	4154	3564	2985	2676
322	5985	4852	4359	4932	4222	4071	3442	3733	4054	3608	3034	2680
323	5957	4811	4327	4890	4108	4069	3468	3807	4195	3608	3013	2757
324	5966	4853	4316	4913	4187	4104	3491	3752	4121	3559	2979	2762
325	5947	4907	4347	4928	4232	4056	3445	3724	4262	3570	3013	2645
326	5987	4886	4361	4871	4182	4119	3457	3867	4172	3631	3060	2741
327	6008	4897	4358	4929	4179	4120	3498	3892	4171	3553	3016	2708
328	6077	4915	4352	4914	4110	4093	3541	3863	4209	3628	3097	2719
329	6000	4873	4356	4950	4238	4159	3577	3902	4277	3582	3033	2681
330	5989	4865	4382	4908	4208	4072	3497	3937	4223	3632	3046	2696
331	6055	4893	4294	4852	4216	4137	3563	3885	4148	3607	3047	2687
332	6076	4806	4348	4899	4191	4201	3496	3870	4162	3561	3062	2638
333	5992	4906	4412	4968	4215	4157	3583	3885	4288	3636	3069	2668
334	6011	4950	4411	4923	4273	4178	3563	3916	4279	3651	3038	2725
335	6028	4951	4426	4975	4287	4198	3528	3917	4180	3583	3046	2691
336	6041	4959	4394	4957	4283	4148	3637	3958	4207	3632	3017	2705
337	6100	4907	4361	4934	4281	4168	3584	3945	4226	3559	2986	2648
338	6021	4907	4519	4930	4241	4201	3644	3965	4184	3636	2988	2701
339	6069	4858	4355	4952	4269	4153	3648	3961	4265	3663	3023	2664
340	6080	4930	4402	4948	4306	4147	3586	3926	4189	3574	3024	2646
341	6128	5009	4477	4991	4337	4116	3683	3983	4189	3561	3048	2683
342	6109	4860	4412	5037	4312	4213	3743	4026	4184	3646	3022	2694
343	6147	5013	4464	5023	4360	4183	3657	4014	4293	3646	3090	2731
344	6133	5023	4435	5081	4312	4216	3664	4038	4284	3588	3044	2688
345	6102	4985	4515	5022	4315	4233	3724	4026	4228	3706	3074	2738
346	6129	5082	4479	4954	4288	4218	3744	4073	4213	3587	3117	2767
347	6056	5034	4568	5100	4328	4226	3782	4045	4283	3662	3039	2705
348	6110	5060	4442	5017	4297	4247	3758	4094	4170	3625	3048	2749
349	6139	5066	4499	5057	4290	4211	3891	4105	4218	3639	3090	2723
350	6150	5011	4527	5092	4317	4290	3773	4080	4289	3616	3063	2724
351	6168	5003	4356	5040	4286	4264	3785	4168	4238	3596	3029	2718
352	6076	5039	4464	4997	4385	4195	3826	4129	4284	3636	3076	2662
353	6234	5063	4534	5061	4359	4311	3831	4121	4240	3660	3132	2756
354	6222	5091	4567	5053	4352	4316	3906	4246	4370	3625	3118	2713
355	6125	4995	4460	5017	4326	4213	3798	4113	4232	3611	3111	2738
356	6190	5106	4480	5110	4355	4303	3805	4145	4280	3653	3089	2752
357	6246	5044	4552	5097	4385	4278	3775	4142	4292	3717	3072	2773
358	6177	5013	4513	5018	4336	4254	3836	4199	4304	3675	3043	2732
359	6126	4984	4519	5137	4300	4286	3891	4124	4305	3660	3162	2750
360	6136	5015	4475	5018	4371	4309	3849	4159	4277	3664	3093	2710
361	6158	5074	4502	5074	4410	4258	3881	4191	4303	3663	3071	2669
362	6164	5077	4483	5079	4385	4311	3891	4148	4302	3645	3104	2726
363	6189	5065	4544	5159	4353	4301	3900	4212	4359	3645	3082	2697
364	6193	5050	4579	5089	4386	4344	4038	4258	4278	3683	3087	2756
365	6258	5107	4524	5149	4391	4334	3956	4255	4321	3692	3107	2721
366	6294	5111	4651	5182	4486	4344	3932	4201	4346	3690	3081	2783
367	6285	5130	4501	5095	4407	4323	3967	4269	4367	3655	3112	2703
368	6254	5134	4512	5132	4365	4376	3877	4279	4394	3666	3107	2738
369	6205	5064	4619	5178	4303	4303	4018	4250	4451	3592	3117	2710
370	6267	5076	4505	5209	4409	4295	3884	4199	4338	3625	3078	2714
371	6262	5088	4553	5169	4361	4342	4016	4213	4395	3620	3118	2690
372	6280	5101	4569	5194	4390	4381	4063	4270	4337	3666	3058	2695
373	6303	5083	4593	5115	4389	4373	3980	4143	4389	3679	3131	2774
374	6173	5120	4546	5204	4411	4319	4033	4223	4398	3614	3118	2685
375	6292	5238	4614	5155	4407	4313	4016	4268	4338	3604	3051	2700
376	6261	5215	4550	5233	4378	4401	4031	4233	4454	3645	3155	2726
377	6271	5233	4596	5166	4442	4432	4068	4277	4352	3608	3066	2753
378	6323	5166	4679	5116	4436	4357	3983	4284	4376	3630	3102	2780
379	6314	5206	4565	5198	4417	4307	4117	4326	4438	3631	3136	2695
380	6260	5175	4692	5185	4375	4408	4087	4235	4327	3678	3151	2724
381	6298	5171	4675	5189	4453	4412	4010	4327	4363	3697	3113	2702
382	6413	5201	4685	5160	4437	4382	4080	4273	4393	3633	3187	2709
383	6382	5215	4738	5207	4489	4446	4089	4395	4310	3683	3111	2804
384	6342	5194	4697	5190	4464	4418	4127	4377	4365	3697	3127	2761
385	6361	5209	4698	5200	4516	4413	4133	4335	4345	3653	3136	2741
386	6498	5306	4781	5246	4569	4484	4087	4334	4397	3630	3130	2793
387	6370	5272	4753	5290	4456	4439	4136	4351	4378	3651	3144	2733
388	6462	5255	4699	5277	4484	4399	4211	4420	4476	3728	3150	2774
389	6497	5298	4772	5129	4513	4432	4183	4367	4412	3661	3118	2785
390	6386	5277	4743	5242	4515	4425	4186	4348	4433	3738	3214	2746
391	6401	5232	4789	5266	4525	4364	4215	4356	4302	3700	3156	2757
392	6483	5171	4700	5249	4455	4420	4251	4342	4452	3679	3087	2793
393	6471	5301	4744	5287	4573	4534	4122	4399	4312	3698	3106	2797
394	6353	5322	4748	5237	4558	4435	4182	4391	4490	3669	3181	2775
395	6432	5294	4713	5214	4512	4470	4160	4418	4409	3724	3138	2737
396	6356	5204	4724	5237	4517	4493	4193	4441	4339	3716	3115	2795
397	6363	5286	4783	5163	4472	4502	4316	4417	4390	3702	3131	2729
398	6408	5334	4808	5178	4505	4492	4235	4438	4411	3644	3220	2734
399	6496	5437	4782	5280	4567	4503	4180	4391	4379	3735	3105	2769
400	6467	5350	4719	5170	4554	4489	4285	4415	4438	3686	3147	2683
401	6515	5381	4788	5306	4555	4520	4279	4481	4418	3625	3162	2732
402	6464	5328	4709	5250	4600	4513	4256	4424	4456	3726	3118	2762
403	6426	5388	4759	5351	4587	4547	4260	4502	4432	3716	3139	2773
404	6342	5313	4780	5239	4610	4514	4266	4499	4433	3672	3104	2734
405	6410	5329	4788	5375	4614	4525	4276	4482	4437	3653	3156	2711
406	6488	5388	4857	5228	4572	4492	4341	4479	4373	3662	3172	2791
407	6474	5310	4819	5343	4608	4527	4351	4428	4398	3723	3115	2744
408	6408	5339	4753	5256	4692	4508	4276	4453	4425	3711	3181	2691
409	6484	5450	4836	5222	4572	4550	4287	4461	4400	3662	3110	2791
410	6526	5377	4888	5378	4550	4601	4338	4520	4401	3673	3148	2750
411	6533	5406	4911	5308	4613	4604	4387	4475	4419	3785	3073	2740
412	6521	5358	4874	5296	4557	4621	4349	4485	4404	3703	3100	2790
413	6476	5342	4852	5319	4615	4548	4319	4521	4325	3683	3145	2742
414	6497	5411	4774	5392	4622	4645	4329	4506	4388	3735	3088	2784
415	6545	5367	4857	5328	4637	4626	4396	4494	4290	3686	3140	2835
416	6604	5451	4915	5400	4667	4592	4319	4513	4430	3727	3153	2739
417	6576	5368	4845	5345	4616	4634	4356	4557	4428	3755	3132	2761
418	6509	5399	4904	5299	4686	4608	4371	4533	4400	3689	3132	2726
419	6527	5398	4847	5310	4540	4671	4437	4457	4399	3691	3160	2737
420	6506	5457	4875	5366	4717	4656	4379	4481	4399	3727	3156	2760
421	6509	5429	4907	5287	4668	4641	4352	4479	4386	3756	3172	2719
422	6605	5531	4916	5427	4610	4669	4353	4540	4419	3790	3170	2743
423	6511	5430	4867	5433	4596	4584	4437	4556	4456	3772	3150	2735
424	6614	5439	4880	5278	4704	4700	4497	4672	4399	3765	3128	2797
425	6546	5461	4881	5376	4705	4614	4403	4561	4404	3752	3097	2762
426	6618	5436	4879	5414	4681	4658	4514	4589	4427	3732	3165	2775
427	6587	5555	4923	5318	4610	4692	4404	4490	4415	3804	3147	2803
428	6500	5537	4924	5397	4691	4667	4401	4558	4367	3696	3152	2741
429	6641	5502	4889	5329	4622	4675	4426	4545	4461	3772	3149	2773
430	6444	5440	4966	5403	4658	4630	4325	4537	4457	3730	3066	2807
431	6648	5498	5042	5387	4745	4701	4455	4609	4479	3738	3077	2745
432	6517	5399	4958	5388	4668	4622	4356	4547	4358	3751	3111	2767
433	6590	5414	4896	5447	4761	4623	4518	4571	4341	3754	3109	2712
434	6574	5413	4909	5406	4658	4594	4424	4570	4413	3648	3085	2703
435	6618	5407	4950	5418	4633	4571	4391	4532	4396	3707	3065	2735
436	6580	5471	4932	5355	4674	4584	4413	4607	4339	3701	3071	2708
437	6591	5492	4911	5457	4744	4677	4427	4584	4416	3724	3089	2675
438	6582	5556	4934	5391	4753	4661	4398	4583	4385	3700	3102	2781
439	6638	5433	4918	5402	4773	4708	4395	4585	4471	3689	3108	2703
440	6582	5488	4861	5405	4787	4667	4467	4572	4442	3756	3150	2763
441	6679	5537	4953	5448	4718	4691	4491	4616	4438	3712	3112	2662
442	6567	5402	4957	5377	4711	4732	4455	4508	4444	3803	3071	2753
443	6686	5471	4998	5387	4689	4671	4387	4536	4415	3787	3100	2784
444	6582	5551	4998	5445	4727	4652	4408	4589	4444	3718	3084	2749
445	6645	5532	4924	5370	4731	4672	4497	4564	4393	3736	3103	2718
446	6663	5557	4972	5399	4726	4772	4428	4618	4372	3739	3124	2720
447	6650	5587	4967	5443	4738	4733	4499	4524	4433	3684	3079	2757
448	6573	5485	4986	5387	4743	4691	4448	4549	4386	3730	3059	2707
449	6600	5462	5038	5453	4708	4697	4490	4519	4500	3696	3099	2735
450	6650	5514	4891	5414	4728	4768	4470	4600	4381	3748	3082	2720
451	6640	5559	4979	5448	4690	4793	4465	4549	4415	3636	3101	2778
452	6660	5514	5021	5450	4779	4796	4395	4571	4396	3654	3087	2731
453	6579	5514	5008	5495	4714	4728	4464	4574	4424	3761	3072	2773
454	6615	5550	5026	5498	4818	4825	4507	4534	4336	3771	3118	2782
455	6656	5549	4995	5462	4730	4786	4492	4545	4360	3772	3124	2686
456	6653	5572	5036	5500	4705	4795	4472	4664	4383	3693	3120	2717
457	6719	5574	5079	5488	4836	4860	4554	4618	4383	3728	3077	2692
458	6716	5655	5052	5469	4743	4778	4514	4576	4500	3748	3044	2742
459	6693	5605	5052	5471	4777	4741	4477	4673	4479	3764	3124	2708
460	6668	5471	5018	5535	4790	4660	4473	4633	4534	3717	3074	2728
461	6754	5523	5037	5524	4731	4799	4520	4644	4530	3804	3101	2746
462	6630	5551	5048	5490	4790	4748	4567	4683	4520	3766	3048	2730
463	6773	5610	5026	5518	4836	4839	4521	4702	4519	3759	3100	2769
464	6759	5566	4999	5511	4790	4784	4524	4679	4486	3750	3050	2750
465	6690	5607	5038	5460	4764	4781	4516	4649	4332	3778	3067	2756
466	6820	5674	4998	5483	4799	4770	4484	4711	4351	3732	3135	2796
467	6701	5654	4999	5512	4819	4741	4528	4584	4451	3808	3063	2748
468	6679	5557	4973	5472	4799	4706	4560	4671	4519	3686	3127	2710
469	6818	5622	5050	5482	4798	4758	4559	4698	4492	3753	3042	2714
470	6747	5581	4993	5528	4815	4784	4526	4705	4372	3736	3120	2711
471	6652	5525	5023	5520	4796	4793	4504	4686	4493	3804	3147	2698
472	6725	5648	5001	5612	4798	4803	4488	4655	4470	3823	3080	2712
473	6643	5584	5048	5467	4847	4867	4598	4638	4409	3736	3099	2743
474	6725	5628	5062	5531	4836	4815	4560	4675	4506	3745	3156	2762
475	6642	5591	5054	5612	4811	4725	4570	4726	4563	3715	3133	2729
476	6728	5600	5051	5511	4804	4779	4571	4713	4418	3723	3077	2727
477	6751	5702	5087	5617	4888	4839	4614	4643	4455	3801	3092	2750
478	6744	5691	5113	5494	4852	4789	4592	4703	4407	3762	3095	2765
479	6741	5598	5043	5592	4896	4869	4472	4728	4424	3737	3094	2739
480	6780	5619	4992	5563	4805	4794	4549	4701	4492	3746	3077	2727
481	6855	5637	5028	5589	4807	4724	4553	4677	4407	3780	3090	2721
482	6816	5686	5035	5560	4829	4765	4611	4659	4461	3741	3094	2723
483	6801	5586	5021	5564	4838	4744	4569	4684	4432	3681	3161	2691
484	6728	5612	5051	5598	4829	4806	4566	4720	4500	3718	3120	2745
485	6774	5676	4999	5583	4840	4846	4602	4714	4533	3735	3025	2751
486	6825	5590	5016	5631	4818	4790	4608	4678	4574	3679	3149	2831
487	6761	5640	4935	5595	4878	4779	4657	4687	4491	3707	3100	2726
488	6772	5576	4988	5621	4852	4838	4620	4714	4550	3803	3104	2778
489	6836	5724	5073	5539	4906	4888	4588	4736	4467	3766	3126	2740
490	6913	5728	5089	5523	4903	4871	4723	4770	4491	3777	3072	2714
491	6795	5634	5087	5550	4880	4834	4664	4733	4474	3762	3073	2739
492	6835	5665	5058	5688	4958	4920	4656	4796	4562	3800	3058	2751
493	6706	5665	5056	5684	4924	4829	4666	4707	4487	3747	3174	2775
494	6910	5715	5132	5567	4947	4799	4745	4759	4549	3707	3197	2739
495	6753	5646	5155	5668	4844	4825	4683	4814	4501	3806	3138	2793
496	6850	5676	5019	5615	4944	4833	4695	4756	4489	3752	3096	2723
497	6853	5696	5057	5678	4904	4828	4652	4828	4504	3741	3133	2785
498	6840	5700	5112	5545	4925	4883	4640	4787	4510	3728	3137	2708
499	6844	5713	5112	5613	4874	4881	4692	4813	4527	3753	3141	2735
500	6838	5699	5130	5585	4870	4897	4643	4833	4506	3767	3170	2740
501	6912	5757	5096	5665	4938	4882	4749	4789	4499	3764	3116	2770
502	6766	5636	5021	5585	4894	4880	4665	4759	4541	3730	3136	2764
503	6843	5675	5128	5683	4975	4767	4653	4799	4525	3791	3174	2753
504	6859	5756	5112	5676	4905	4826	4676	4785	4469	3740	3123	2764
505	6838	5703	5076	5643	4863	4840	4694	4808	4484	3722	3133	2729
506	6861	5651	5137	5660	4923	4834	4607	4778	4464	3764	3133	2702
507	6863	5706	5155	5654	4900	4889	4626	4829	4544	3750	3175	2764
508	6830	5712	5086	5608	4864	4772	4649	4770	4499	3720	3113	2718
509	6887	5735	5093	5676	4860	4940	4683	4826	4439	3774	3146	2667
510	6811	5727	5108	5681	4913	4841	4632	4789	4409	3729	3071	2782
511	6849	5759	5033	5739	4906	4831	4676	4769	4548	3747	3035	2767
512	6866	5757	5079	5644	4854	4867	4663	4753	4504	3759	3076	2726
513	6826	5704	5129	5674	4941	4906	4623	4725	4393	3770	3159	2732
514	6832	5627	5128	5712	4949	4895	4666	4797	4645	3773	3188	2716
515	6861	5710	5085	5714	4977	4870	4715	4758	4428	3743	3138	2719
516	6946	5764	5087	5734	4959	4903	4721	4810	4586	3763	3113	2762
517	6827	5714	5101	5641	4844	4948	4705	4822	4528	3773	3115	2670
518	6780	5651	5077	5698	4956	4930	4741	4802	4518	3754	3118	2747
519	6750	5793	5115	5681	4980	4926	4681	4845	4504	3802	3196	2775
520	6979	5698	5132	5731	5015	4923	4662	4843	4449	3791	3171	2736
521	6828	5779	5174	5608	4987	4911	4712	4787	4552	3717	3142	2714
522	6798	5675	5102	5579	4986	4878	4730	4820	4541	3722	3163	2713
523	6856	5780	5155	5644	4911	4914	4754	4772	4509	3746	3164	2774
524	6893	5760	5211	5695	4927	4894	4731	4752	4431	3730	3121	2706
525	6861	5771	5177	5760	4940	5005	4743	4869	4602	3733	3174	2717
526	6923	5771	5132	5802	4879	4922	4671	4840	4456	3736	3184	2776
527	6858	5777	5095	5750	5032	4942	4745	4826	4572	3718	3141	2725
528	6937	5753	5084	5728	4973	4977	4713	4869	4583	3756	3219	2803
529	6804	5857	5183	5720	4998	4948	4778	4769	4481	3730	3101	2722
530	6913	5821	5127	5702	4955	4952	4753	4792	4454	3729	3188	2734
531	6907	5753	5198	5717	4941	4965	4766	4897	4505	3745	3184	2788
532	6860	5743	5116	5768	4938	4960	4692	4878	4509	3750	3190	2754
533	7002	5799	5137	5717	4993	5015	4712	4816	4617	3752	3175	2701
534	7020	5803	5135	5773	4991	4949	4797	4870	4556	3766	3212	2736
535	6961	5728	5086	5719	4935	5043	4744	4814	4525	3791	3137	2731
536	6936	5809	5154	5701	5029	4945	4747	4873	4411	3714	3235	2667
537	6945	5864	5179	5704	4923	4996	4789	4759	4508	3821	3155	2737
538	6948	5891	5048	5728	4993	5027	4806	4889	4476	3835	3143	2746
539	6851	5852	5075	5702	4915	5017	4799	4925	4487	3711	3145	2739
540	6914	5811	5075	5782	4998	4990	4816	4908	4495	3731	3160	2727
541	6858	5847	5096	5811	5003	5005	4748	4798	4431	3720	3136	2687
542	6903	5813	5038	5756	5029	5032	4845	4873	4430	3744	3138	2770
543	6925	5857	5074	5793	4987	5006	4778	4886	4514	3719	3183	2781
544	6863	5879	5116	5732	4977	5028	4803	4857	4408	3820	3169	2737
545	6926	5813	5207	5737	4996	5062	4826	4841	4490	3797	3130	2736
546	6961	5850	5080	5722	5012	5052	4804	4864	4499	3788	3115	2764
547	7007	5861	5144	5695	5015	5023	4801	4900	4378	3755	3186	2765
548	6913	5848	5135	5733	4936	5029	4822	4913	4524	3741	3104	2745
549	6956	5811	5097	5747	5070	5076	4762	4883	4408	3766	3149	2729
550	6916	5780	5120	5881	4995	5042	4813	4874	4528	3765	3191	2695
551	6966	5906	5112	5762	4978	5002	4789	4914	4627	3769	3118	2732
552	6985	5903	5148	5776	4991	5040	4818	4980	4509	3782	3176	2739
553	6949	5832	5112	5719	4956	5044	4783	4912	4591	3747	3174	2716
554	6968	5825	5168	5823	5031	5073	4792	4963	4516	3778	3195	2717
555	6937	5826	5180	5805	5052	5096	4811	4911	4458	3730	3132	2711
556	7016	5923	5202	5831	5097	5123	4799	4940	4378	3808	3217	2766
557	6928	5775	5136	5751	5013	5101	4825	4900	4392	3753	3157	2744
558	7010	5790	5214	5770	5000	5062	4873	4912	4502	3722	3185	2762
559	7030	5982	5283	5806	5070	5167	4898	4908	4440	3793	3262	2775
560	6917	5909	5273	5851	4999	5108	4906	4914	4534	3761	3201	2722
561	6918	5967	5237	5787	5023	5093	4859	4972	4495	3743	3202	2717
562	7044	5893	5292	5823	5053	5116	4808	4935	4503	3730	3241	2696
563	7012	5871	5307	5848	5133	5103	4835	4994	4494	3838	3186	2794
564	7061	5851	5308	5772	5051	5138	4907	4993	4486	3835	3178	2756
565	7059	5931	5353	5824	5046	5051	4895	4947	4594	3751	3240	2774
566	7081	5811	5284	5827	5083	5139	4893	4993	4460	3755	3209	2767
567	6926	5870	5360	5859	5002	5087	4873	5000	4510	3745	3205	2752
568	7116	5854	5438	5815	5014	5089	4889	4940	4496	3779	3237	2739
569	7041	5881	5421	5821	5035	5056	4872	4969	4499	3785	3215	2737
570	6923	5973	5372	5913	4993	5122	4823	4886	4463	3808	3221	2753
571	7044	5890	5381	5816	5054	5174	4849	4986	4519	3703	3179	2693
572	7031	5927	5354	5872	5118	5147	4876	4947	4514	3775	3174	2709
573	6983	5897	5294	5897	5108	5093	4892	4917	4610	3768	3200	2777
574	7123	5946	5329	5836	5001	5127	4885	5032	4461	3781	3200	2736
575	7078	5877	5361	5867	5061	5166	4824	5020	4577	3768	3211	2750
576	6964	5887	5387	5880	5069	5138	4799	4964	4569	3771	3198	2728
577	7071	5972	5387	5780	5137	5218	4841	5035	4448	3829	3208	2750
578	7125	5994	5435	5954	5127	5228	4960	4979	4447	3849	3207	2783
579	6960	5925	5473	5808	5087	5112	4830	4963	4658	3796	3216	2777
580	7015	6005	5387	5838	5125	5209	4916	5045	4505	3725	3234	2739
581	7016	5919	5503	5898	4987	5214	4911	5036	4482	3784	3204	2768
582	7100	5933	5486	5855	5115	5271	4911	4997	4600	3751	3202	2724
583	7043	5977	5601	5955	5178	5306	4879	5017	4598	3763	3237	2832
584	7067	5880	5438	5945	5101	5168	4940	4999	4613	3822	3221	2747
585	7045	5968	5500	5919	5147	5171	4938	4965	4488	3767	3211	2773
586	7012	5937	5550	5860	5085	5118	4854	4992	4518	3758	3201	2783
587	7071	5937	5495	5903	5228	5150	4989	4994	4554	3741	3209	2760
588	7110	5931	5644	5886	5237	5215	4935	4956	4500	3770	3271	2715
589	7127	5948	5519	5926	5165	5206	4894	4991	4672	3765	3228	2746
590	7116	5921	5590	5997	5142	5232	4946	5046	4536	3850	3257	2826
591	7130	5961	5463	5861	5157	5136	4880	5067	4520	3787	3179	2736
592	7102	6116	5496	5941	5125	5246	4995	5035	4516	3818	3265	2791
593	7139	5919	5549	5932	5130	5173	4896	4996	4402	3806	3237	2743
594	7080	6032	5492	5895	5241	5231	4955	4983	4525	3820	3220	2736
595	7047	6051	5441	5871	5160	5216	4892	5016	4428	3751	3241	2736
596	7183	5936	5465	5921	5141	5235	4926	5061	4476	3844	3234	2807
597	7111	6009	5580	5940	5192	5233	4908	4973	4616	3780	3230	2788
598	7118	6016	5530	5885	5172	5176	4958	5089	4563	3808	3262	2798
599	7166	6058	5551	5903	5128	5274	4964	5107	4554	3800	3236	2813
600	7141	6021	5684	5895	5177	5277	4949	5029	4547	3794	3221	2803
601	7092	6001	5461	5957	5186	5227	4886	5062	4570	3811	3263	2793
602	7130	6022	5552	5797	5185	5266	4930	5044	4537	3808	3212	2754
603	7166	5990	5574	5986	5215	5325	4967	5030	4496	3822	3170	2757
604	7240	5909	5521	5899	5166	5245	5002	5050	4472	3760	3211	2767
605	7194	5986	5579	6002	5234	5293	5046	5033	4440	3803	3245	2712
606	7096	6043	5552	5903	5159	5169	5001	5020	4599	3657	3271	2682
607	7250	6055	5567	5909	5169	5179	4942	5022	4510	3768	3250	2756
608	7078	6043	5582	5896	5201	5230	4873	5003	4324	3761	3215	2788
609	7259	6014	5645	6055	5204	5218	4976	5037	4611	3763	3263	2770
610	7155	6036	5591	5870	5166	5211	4972	4987	4543	3834	3256	2735
611	7169	6076	5616	5934	5153	5273	4931	5024	4512	3829	3230	2762
612	7098	6090	5557	5975	5147	5317	5043	5054	4433	3800	3218	2766
613	7255	6055	5705	5996	5105	5333	4943	5003	4491	3774	3261	2795
614	7179	5999	5697	5936	5194	5317	4932	5040	4417	3796	3258	2734
615	7122	5963	5655	5983	5161	5207	4939	5027	4491	3722	3245	2725
616	7150	6067	5599	5957	5180	5187	4983	4970	4393	3828	3261	2724
617	7177	6092	5614	5957	5202	5295	4926	5049	4464	3771	3249	2717
618	7268	6019	5677	6002	5226	5218	4954	5025	4545	3860	3188	2766
619	7160	5994	5596	5904	5276	5278	4981	5015	4550	3808	3200	2789
620	7144	6056	5713	5984	5224	5239	5003	5015	4564	3827	3261	2750
621	7144	5982	5648	5909	5219	5283	4936	5042	4523	3752	3248	2720
622	7297	6074	5788	5931	5304	5197	5037	5031	4460	3818	3206	2806
623	7217	6060	5764	5988	5252	5243	5010	5090	4431	3817	3192	2777
624	7240	6044	5721	5901	5235	5266	5031	5161	4581	3825	3265	2715
625	7237	6001	5675	5930	5276	5291	4993	5056	4392	3821	3247	2722
626	7153	6128	5647	5917	5281	5239	5044	5136	4527	3833	3318	2727
627	7155	6013	5631	5877	5252	5290	5033	5051	4533	3772	3149	2730
628	7207	6078	5572	5844	5232	5261	4968	5097	4544	3819	3253	2783
629	7270	5968	5749	5889	5253	5178	4986	5035	4554	3830	3227	2719
630	7214	6041	5715	5933	5202	5330	5008	5124	4314	3807	3156	2706
631	7328	6055	5723	5943	5221	5235	5081	5083	4361	3822	3218	2733
632	7236	6059	5763	6009	5277	5208	4990	5121	4516	3804	3171	2709
633	7250	6125	5820	5971	5328	5290	5023	5169	4599	3729	3246	2743
634	7207	6000	5780	5925	5200	5131	5064	5052	4452	3812	3214	2713
635	7248	6128	5650	5886	5255	5191	5076	5093	4560	3796	3262	2738
636	7237	6041	5708	5928	5302	5256	5095	5038	4472	3771	3218	2723
637	7183	6096	5627	6003	5287	5251	5082	5078	4447	3769	3300	2752
638	7319	6051	5701	5988	5248	5340	5058	5053	4564	3823	3244	2760
639	7287	6076	5776	5953	5286	5225	5014	5111	4482	3765	3265	2740
640	7188	6097	5691	6020	5282	5273	5091	5125	4456	3804	3268	2769
641	7203	6076	5753	5889	5300	5352	5091	5097	4479	3782	3204	2735
642	7241	6184	5808	5937	5327	5249	5116	5089	4473	3761	3206	2712
643	7332	6117	5774	5974	5354	5341	5111	5089	4650	3720	3215	2794
644	7200	6036	5773	5935	5241	5258	5077	5159	4444	3741	3207	2747
645	7373	6223	5846	5921	5278	5256	5074	5118	4523	3841	3166	2756
646	7253	6133	5768	6001	5254	5256	5017	5130	4539	3813	3200	2750
647	7294	6153	5785	5975	5335	5253	5006	5144	4474	3776	3251	2773
648	7328	6061	5829	5942	5232	5242	5026	5128	4592	3834	3226	2761
649	7277	6168	5787	6026	5280	5244	5059	5146	4533	3755	3220	2777
650	7295	6051	5765	5936	5376	5318	5026	5070	4461	3754	3234	2798
651	7283	6116	5838	5917	5183	5304	5077	5064	4569	3718	3204	2725
652	7350	6085	5820	5922	5351	5265	5026	5112	4527	3836	3217	2747
653	7313	6155	5857	6046	5360	5281	5085	5162	4545	3806	3276	2738
654	7171	6102	5840	5895	5323	5207	5049	5110	4602	3783	3236	2771
655	7294	6052	5774	5952	5331	5261	5046	5153	4483	3743	3179	2718
656	7261	6130	5831	6045	5234	5232	5012	5142	4526	3749	3294	2779
657	7274	6128	5921	5976	5362	5223	4996	5132	4439	3734	3257	2761
658	7469	6136	5802	5976	5252	5254	5105	5135	4584	3751	3285	2765
659	7270	6233	5794	5973	5318	5360	4991	5122	4406	3792	3200	2726
660	7391	6218	5825	6008	5312	5287	5044	5102	4429	3769	3238	2833
661	7386	6160	5900	5949	5360	5298	5040	5134	4563	3700	3213	2759
662	7328	6159	5856	5988	5380	5290	5057	5139	4437	3768	3256	2788
663	7341	6268	5900	5963	5388	5326	5092	5177	4437	3834	3276	2801
664	7304	6267	5817	5946	5415	5309	5090	5130	4607	3780	3271	2792
665	7347	6258	5880	5958	5393	5276	5096	5137	4492	3848	3251	2782
666	7295	6161	5905	5924	5339	5312	5127	5135	4665	3793	3263	2764
667	7312	6200	5821	5913	5309	5269	5094	5167	4524	3816	3245	2790
668	7284	6205	5824	5816	5386	5305	5053	5184	4508	3841	3272	2827
669	7427	6195	5905	5964	5407	5255	5187	5230	4622	3770	3267	2739
670	7452	6145	5996	5856	5402	5288	5217	5202	4536	3792	3248	2791
671	7338	6208	5859	5948	5360	5315	5067	5213	4470	3755	3224	2775
672	7431	6241	5953	5957	5423	5332	5077	5162	4617	3838	3270	2779
673	7251	6177	5884	5926	5332	5315	5127	5173	4518	3779	3303	2739
674	7306	6287	5895	5859	5372	5317	5062	5233	4572	3842	3226	2723
675	7374	6176	5859	5873	5398	5230	5089	5201	4615	3744	3245	2757
676	7457	6178	5963	5857	5355	5250	5107	5135	4513	3790	3277	2724
677	7378	6196	5911	5945	5441	5263	5071	5226	4527	3804	3275	2744
678	7421	6326	5901	5987	5367	5366	5118	5230	4550	3798	3191	2715
679	7331	6239	5877	5854	5385	5327	5163	5179	4562	3826	3258	2803
680	7379	6295	5914	5944	5325	5365	5190	5233	4516	3793	3290	2693
681	7406	6212	5874	5910	5343	5360	5105	5185	4419	3801	3252	2779
682	7414	6280	5981	5906	5414	5424	5132	5211	4652	3853	3302	2763
683	7391	6303	5823	5930	5440	5324	5142	5173	4675	3837	3197	2748
684	7472	6367	5881	5998	5448	5334	5207	5205	4570	3855	3280	2792
685	7455	6233	5823	6002	5433	5357	5164	5264	4647	3838	3264	2761
686	7456	6319	5945	5978	5400	5384	5162	5254	4575	3790	3271	2744
687	7490	6404	5923	5996	5426	5421	5164	5294	4634	3791	3302	2835
688	7392	6322	5918	5969	5515	5429	5095	5298	4511	3866	3314	2824
689	7449	6245	5921	5961	5380	5397	5184	5216	4593	3804	3266	2772
690	7332	6254	5909	5879	5390	5431	5189	5246	4518	3790	3254	2751
691	7418	6325	5945	5945	5402	5453	5146	5213	4597	3781	3253	2758
692	7428	6361	5937	5998	5440	5385	5177	5300	4495	3807	3267	2770
693	7329	6280	5895	6061	5444	5373	5141	5266	4547	3825	3301	2811
694	7424	6300	6017	5927	5372	5435	5203	5242	4641	3801	3285	2760
695	7502	6350	6015	6009	5403	5405	5179	5243	4474	3813	3270	2758
696	7558	6268	6024	5966	5413	5343	5198	5267	4569	3801	3292	2836
697	7497	6304	5978	6006	5403	5453	5166	5308	4586	3779	3343	2708
698	7534	6225	5985	5987	5408	5403	5171	5247	4522	3875	3282	2796
699	7447	6254	5999	6004	5408	5484	5141	5230	4539	3818	3296	2800
700	7521	6287	6011	6034	5511	5432	5147	5290	4618	3826	3262	2757
701	7536	6261	5935	5938	5467	5446	5146	5218	4576	3793	3209	2779
702	7406	6284	5959	5985	5419	5434	5144	5186	4556	3845	3234	2757
703	7464	6327	6046	5969	5401	5465	5164	5210	4471	3782	3285	2735
704	7403	6366	5966	6052	5390	5347	5198	5232	4543	3784	3241	2783
705	7476	6312	5984	6002	5472	5450	5168	5206	4550	3839	3299	2770
706	7484	6355	6006	5879	5372	5363	5181	5218	4595	3775	3265	2757
707	7445	6301	6064	5985	5426	5376	5138	5289	4495	3838	3211	2809
708	7470	6386	5950	5998	5543	5418	5225	5308	4641	3844	3322	2769
709	7472	6341	6028	6031	5441	5403	5169	5213	4511	3832	3242	2773
710	7497	6307	6119	5896	5434	5433	5182	5270	4528	3857	3312	2741
711	7494	6469	6129	6007	5441	5352	5124	5251	4554	3780	3313	2723
712	7522	6394	6102	6047	5362	5346	5230	5192	4568	3836	3308	2765
713	7555	6400	6110	6014	5389	5425	5190	5287	4596	3777	3285	2739
714	7549	6313	6144	5998	5449	5461	5232	5262	4616	3825	3224	2723
715	7514	6367	6018	5979	5529	5418	5190	5217	4608	3809	3307	2699
716	7514	6348	6204	5942	5460	5402	5122	5294	4464	3759	3294	2701
717	7538	6414	6172	5991	5450	5509	5232	5237	4701	3843	3258	2788
718	7424	6414	6112	6031	5461	5506	5266	5233	4635	3848	3277	2767
719	7506	6366	6186	6020	5508	5489	5177	5280	4612	3858	3309	2742
720	7515	6374	6023	6013	5512	5436	5156	5226	4626	3831	3236	2738
721	7409	6418	6130	6030	5430	5474	5245	5259	4560	3894	3315	2769
722	7561	6478	6127	6113	5598	5443	5261	5274	4623	3748	3256	2724
723	7473	6363	6130	5963	5415	5395	5256	5256	4504	3786	3236	2731
724	7554	6376	6138	5956	5461	5407	5224	5292	4536	3802	3279	2706
725	7594	6348	6072	5989	5485	5540	5218	5274	4600	3821	3300	2750
726	7476	6432	6165	6080	5526	5520	5211	5269	4631	3758	3271	2799
727	7551	6336	6101	6074	5457	5507	5304	5291	4605	3872	3256	2777
728	7549	6332	6187	6019	5534	5457	5295	5287	4546	3871	3298	2745
729	7512	6340	6125	6033	5507	5566	5260	5261	4567	3818	3280	2790
730	7542	6342	6185	5998	5487	5432	5251	5289	4584	3813	3319	2736
731	7556	6367	6161	6087	5503	5507	5209	5277	4503	3864	3274	2768
732	7550	6395	6155	6041	5548	5474	5324	5354	4588	3828	3256	2767
733	7543	6395	6193	6006	5504	5477	5301	5357	4502	3829	3258	2797
734	7568	6462	6190	6066	5491	5491	5264	5354	4631	3818	3252	2776
735	7512	6450	6237	5991	5529	5569	5283	5303	4650	3793	3308	2847
736	7584	6480	6245	6027	5463	5484	5186	5285	4690	3812	3195	2781
737	7541	6426	6258	6031	5561	5492	5236	5330	4704	3745	3333	2783
738	7682	6453	6339	6056	5547	5573	5279	5362	4541	3895	3324	2755
739	7630	6427	6288	5986	5508	5504	5258	5322	4697	3829	3270	2794
740	7555	6447	6225	5945	5513	5501	5285	5278	4539	3853	3244	2820
741	7572	6503	6304	5960	5540	5516	5220	5270	4604	3820	3259	2758
742	7601	6547	6287	6024	5501	5559	5205	5336	4535	3724	3292	2791
743	7594	6525	6330	6012	5539	5631	5167	5298	4557	3816	3299	2815
744	7608	6491	6169	6096	5470	5553	5270	5330	4582	3750	3228	2736
745	7598	6535	6381	6019	5552	5621	5248	5382	4522	3828	3253	2802
746	7643	6418	6379	6104	5543	5614	5326	5380	4508	3864	3246	2772
747	7610	6460	6268	6042	5499	5549	5199	5342	4568	3823	3204	2773
748	7474	6413	6330	5976	5529	5564	5265	5410	4630	3824	3248	2815
749	7621	6438	6332	6050	5462	5486	5210	5350	4514	3690	3229	2793
750	7714	6456	6313	5949	5505	5610	5294	5427	4626	3785	3242	2782
751	7605	6551	6260	6031	5538	5549	5313	5297	4572	3817	3221	2757
752	7599	6490	6291	5985	5470	5591	5262	5420	4619	3755	3340	2773
753	7728	6535	6379	6100	5524	5592	5281	5447	4611	3828	3319	2759
754	7727	6450	6460	6105	5508	5552	5313	5354	4665	3837	3257	2738
755	7631	6552	6400	5961	5635	5538	5324	5372	4562	3803	3306	2734
756	7660	6506	6420	5937	5585	5615	5242	5251	4620	3844	3250	2757
757	7593	6561	6375	5996	5494	5621	5288	5347	4584	3873	3233	2785
758	7607	6531	6464	6031	5511	5558	5262	5333	4609	3774	3250	2759
759	7681	6558	6446	6098	5515	5595	5335	5378	4593	3808	3294	2736
760	7674	6587	6410	6160	5681	5724	5331	5393	4657	3826	3254	2794
761	7743	6581	6415	6106	5713	5607	5305	5445	4579	3754	3256	2779
762	7657	6540	6348	6126	5617	5546	5320	5349	4615	3849	3270	2789
763	7583	6616	6304	6014	5544	5621	5383	5425	4567	3856	3281	2793
764	7684	6493	6381	5971	5637	5574	5397	5371	4593	3854	3242	2729
765	7634	6538	6342	6067	5564	5622	5295	5393	4583	3901	3251	2767
766	7578	6544	6378	6102	5680	5640	5335	5384	4598	3797	3223	2734
767	7595	6535	6473	6164	5624	5607	5325	5474	4666	3762	3269	2751
768	7599	6562	6408	5956	5662	5637	5347	5317	4602	3836	3214	2708
769	7610	6548	6476	6065	5705	5728	5406	5381	4590	3850	3207	2747
770	7671	6647	6345	6018	5678	5609	5332	5353	4600	3866	3268	2724
771	7707	6686	6526	6019	5692	5628	5381	5439	4537	3827	3206	2760
772	7683	6563	6503	5977	5740	5689	5382	5467	4608	3838	3219	2790
773	7786	6544	6460	6106	5679	5645	5367	5523	4523	3897	3197	2734
774	7569	6520	6365	6045	5651	5611	5438	5380	4506	3840	3197	2699
775	7654	6527	6418	6061	5605	5657	5334	5396	4553	3872	3202	2768
776	7702	6552	6384	6044	5656	5619	5347	5326	4467	3802	3233	2705
777	7672	6496	6340	6089	5576	5579	5343	5457	4472	3802	3169	2769
778	7618	6562	6363	6103	5667	5623	5329	5455	4620	3799	3206	2728
779	7744	6622	6499	6066	5645	5661	5309	5423	4629	3758	3155	2740
780	7582	6521	6434	6098	5692	5635	5320	5376	4574	3740	3189	2754
781	7604	6589	6502	6118	5714	5605	5360	5441	4497	3816	3237	2795
782	7626	6559	6405	6074	5672	5586	5416	5493	4506	3831	3236	2726
783	7585	6584	6548	6110	5661	5681	5361	5403	4528	3813	3167	2758
784	7643	6603	6441	6058	5680	5644	5337	5372	4542	3828	3228	2749
785	7730	6715	6468	6048	5646	5635	5400	5436	4537	3822	3234	2777
786	7659	6520	6481	6140	5632	5625	5383	5418	4515	3898	3205	2769
787	7660	6623	6494	6030	5714	5503	5422	5441	4548	3861	3222	2764
788	7596	6556	6428	6140	5636	5592	5393	5541	4612	3818	3294	2707
789	7702	6616	6435	6020	5618	5545	5359	5439	4493	3765	3187	2749
790	7677	6568	6408	6074	5708	5490	5337	5476	4552	3795	3224	2723
791	7760	6594	6531	6048	5756	5531	5382	5388	4737	3721	3146	2786
792	7636	6633	6373	6007	5628	5521	5301	5441	4549	3814	3224	2792
793	7699	6620	6507	5976	5692	5546	5324	5465	4561	3807	3231	2775
794	7777	6636	6484	6000	5628	5558	5430	5400	4595	3850	3234	2770
795	7667	6616	6429	6097	5631	5524	5385	5384	4701	3806	3249	2782
796	7675	6602	6572	6079	5703	5518	5422	5502	4609	3812	3300	2783
797	7635	6653	6480	5980	5675	5587	5356	5439	4618	3851	3281	2778
798	7763	6691	6544	6195	5802	5589	5412	5436	4624	3798	3264	2772
799	7605	6681	6539	6062	5756	5573	5429	5502	4593	3847	3243	2735
800	7724	6658	6467	5990	5695	5458	5410	5459	4612	3839	3293	2760
801	7696	6612	6535	6165	5732	5540	5441	5534	4653	3782	3186	2806
802	7725	6600	6541	6073	5757	5568	5406	5390	4690	3816	3213	2779
803	7654	6636	6527	6103	5684	5557	5450	5433	4565	3787	3159	2727
804	7699	6589	6538	6064	5675	5717	5424	5452	4482	3820	3215	2710
805	7750	6687	6639	6080	5710	5650	5416	5530	4542	3803	3295	2762
806	7793	6687	6606	5984	5713	5659	5464	5481	4581	3741	3265	2718
807	7864	6666	6536	5922	5774	5686	5503	5517	4645	3823	3243	2757
808	7633	6633	6592	5984	5702	5559	5494	5476	4537	3779	3234	2777
809	7764	6671	6517	5975	5799	5507	5317	5489	4538	3859	3197	2758
810	7732	6693	6610	5993	5763	5536	5491	5414	4500	3782	3275	2751
811	7693	6701	6604	5975	5687	5603	5322	5475	4601	3757	3229	2759
812	7642	6759	6551	5947	5764	5663	5339	5483	4430	3756	3252	2740
813	7623	6599	6565	6010	5653	5529	5419	5534	4488	3838	3240	2770
814	7802	6642	6453	6018	5736	5564	5479	5471	4594	3791	3282	2721
815	7753	6715	6571	6020	5750	5541	5293	5549	4568	3839	3242	2808
816	7719	6746	6564	6045	5715	5587	5411	5485	4603	3754	3253	2810
817	7726	6661	6573	6049	5711	5509	5333	5430	4581	3798	3189	2755
818	7745	6708	6552	6025	5724	5555	5374	5481	4542	3809	3209	2728
819	7747	6675	6578	6177	5767	5489	5457	5511	4521	3834	3193	2772
820	7780	6671	6672	6065	5740	5576	5387	5470	4647	3805	3225	2797
821	7709	6659	6634	6100	5727	5530	5367	5498	4606	3764	3204	2771
822	7808	6791	6666	6125	5790	5583	5451	5431	4593	3812	3304	2746
823	7760	6696	6540	6071	5743	5567	5451	5537	4561	3840	3255	2733
824	7787	6664	6677	6027	5693	5603	5493	5488	4488	3872	3237	2750
825	7723	6696	6670	6102	5761	5613	5406	5400	4476	3842	3249	2746
826	7734	6674	6536	6057	5725	5554	5487	5490	4503	3885	3244	2742
827	7823	6631	6614	6068	5782	5403	5554	5466	4553	3868	3172	2692
828	7756	6728	6616	5995	5816	5451	5404	5447	4468	3851	3232	2753
829	7778	6777	6653	6118	5789	5555	5473	5576	4586	3821	3283	2719
830	7849	6739	6685	6186	5786	5534	5442	5536	4529	3856	3172	2742
831	7803	6753	6603	5996	5798	5601	5423	5525	4595	3845	3240	2813
832	7845	6756	6611	6077	5787	5622	5467	5545	4575	3795	3264	2736
833	7738	6636	6593	6095	5788	5593	5529	5457	4564	3793	3233	2734
834	7873	6698	6642	6166	5739	5584	5480	5511	4578	3859	3249	2779
835	7795	6768	6591	6150	5761	5620	5494	5529	4587	3845	3243	2787
836	7762	6743	6677	6074	5777	5548	5510	5479	4519	3864	3316	2745
837	7730	6720	6627	6080	5816	5634	5537	5559	4550	3851	3247	2722
838	7784	6723	6631	6108	5729	5621	5423	5508	4600	3810	3264	2775
839	7802	6752	6659	6131	5812	5479	5457	5586	4678	3825	3218	2761
840	7775	6703	6718	6085	5760	5631	5465	5486	4541	3818	3298	2773
841	7866	6780	6727	6116	5870	5687	5547	5536	4464	3871	3205	2783
842	7953	6847	6783	6149	5798	5640	5494	5576	4637	3862	3210	2754
843	7941	6722	6755	6155	5867	5603	5480	5583	4732	3813	3261	2755
844	7924	6813	6722	6214	5826	5585	5578	5536	4651	3847	3228	2796
845	7868	6813	6719	6107	5746	5607	5434	5562	4573	3804	3268	2742
846	7853	6773	6676	6140	5712	5542	5410	5498	4665	3739	3304	2806
847	7875	6689	6616	6231	5843	5532	5467	5531	4667	3818	3228	2723
848	7879	6714	6642	6119	5802	5593	5468	5510	4596	3784	3259	2761
849	7804	6702	6681	6103	5879	5617	5533	5560	4628	3813	3289	2775
850	7905	6763	6657	6030	5860	5675	5447	5532	4488	3825	3193	2800
851	7843	6823	6645	6126	5855	5599	5488	5492	4556	3754	3252	2717
852	7891	6713	6672	6194	5902	5568	5471	5482	4671	3883	3234	2797
853	7841	6774	6689	6242	5896	5732	5477	5539	4635	3823	3356	2771
854	7827	6834	6641	6169	5817	5683	5397	5533	4622	3839	3313	2751
855	7901	6712	6710	6259	5754	5589	5528	5495	4639	3783	3294	2753
856	7877	6794	6669	6296	5805	5602	5467	5519	4547	3841	3188	2799
857	7963	6757	6671	6224	5840	5588	5457	5500	4602	3830	3252	2746
858	7777	6727	6740	6257	5808	5571	5461	5516	4621	3839	3249	2808
859	7778	6765	6803	6172	5818	5548	5449	5486	4538	3882	3291	2749
860	7920	6776	6677	6196	5820	5689	5564	5526	4467	3850	3260	2826
861	7877	6784	6640	6257	5870	5701	5509	5474	4585	3823	3271	2744
862	7858	6780	6711	6247	5825	5764	5549	5575	4646	3858	3246	2752
863	8013	6870	6811	6288	5853	5667	5509	5570	4625	3813	3270	2746
864	7832	6788	6777	6269	5792	5614	5554	5526	4645	3805	3254	2737
865	7882	6834	6758	6235	5836	5613	5572	5570	4653	3841	3246	2783
866	8062	6893	6694	6218	5871	5558	5513	5606	4530	3831	3322	2766
867	7898	6744	6675	6103	5855	5607	5612	5577	4584	3833	3290	2702
868	7882	6818	6648	6167	5924	5673	5430	5556	4660	3831	3249	2815
869	7876	6829	6787	6158	5927	5656	5514	5595	4581	3827	3274	2788
870	7932	6859	6824	6147	5971	5681	5595	5629	4638	3876	3249	2780
871	7984	6757	6763	6153	5861	5697	5612	5615	4678	3880	3311	2705
872	7902	6841	6730	6147	5932	5637	5542	5570	4572	3843	3278	2732
873	8010	6835	6797	6171	5860	5739	5626	5639	4588	3823	3233	2737
874	7885	6844	6727	6069	5819	5627	5549	5699	4586	3845	3178	2795
875	7905	6834	6748	6212	5825	5702	5512	5492	4622	3817	3220	2764
876	7982	6854	6788	6240	5893	5736	5556	5599	4581	3905	3257	2801
877	7978	6801	6846	6274	5854	5745	5527	5626	4541	3805	3211	2761
878	8048	6878	6856	6232	5853	5731	5593	5639	4532	3867	3308	2772
879	7968	6825	6782	6207	5849	5693	5545	5563	4526	3799	3266	2780
880	7927	6866	6769	6241	5879	5562	5527	5570	4597	3866	3302	2736
881	7814	6787	6879	6218	5849	5634	5621	5608	4601	3852	3227	2723
882	8033	6835	6855	6157	5895	5655	5554	5572	4619	3881	3243	2737
883	7884	6805	6734	6154	5911	5681	5529	5561	4585	3860	3231	2718
884	7827	6840	6662	6190	5904	5660	5643	5660	4601	3843	3238	2702
885	7968	6928	6831	6244	5926	5856	5657	5611	4660	3845	3306	2722
886	7929	6947	6852	6124	5890	5769	5626	5678	4584	3843	3191	2735
887	7946	7016	6823	6150	5931	5624	5624	5624	4599	3784	3266	2733
888	7887	6794	6856	6229	5895	5635	5625	5602	4686	3839	3267	2776
889	7923	6887	6797	6204	5911	5630	5655	5613	4546	3788	3258	2721
890	8010	6896	6793	6170	5943	5799	5603	5619	4649	3848	3286	2750
891	7952	6920	6830	6212	5863	5642	5572	5614	4615	3844	3286	2788
892	8009	6888	6810	6190	5865	5701	5582	5634	4617	3820	3247	2722
893	8026	6961	6851	6163	5997	5738	5599	5639	4658	3891	3284	2740
894	7933	6872	6834	6274	5969	5717	5580	5704	4648	3799	3289	2704
895	7905	6934	6852	6220	5917	5757	5624	5645	4638	3826	3261	2790
896	8116	6907	6921	6381	5895	5668	5617	5700	4608	3947	3281	2703
897	7879	6849	6867	6282	5960	5766	5601	5613	4579	3879	3313	2719
898	7967	6838	6903	6269	6051	5730	5643	5672	4589	3767	3289	2723
899	8040	6860	6817	6282	5962	5632	5634	5620	4561	3840	3271	2753
900	7987	6839	6793	6283	5963	5591	5597	5646	4688	3820	3223	2757
901	7954	6861	6809	6310	5942	5800	5611	5613	4630	3833	3259	2705
902	8067	6916	6831	6292	5928	5652	5613	5662	4702	3791	3251	2681
903	8034	6869	6917	6276	5969	5793	5612	5539	4560	3850	3267	2703
904	8060	6957	6831	6264	5963	5684	5581	5650	4571	3869	3284	2819
905	8004	6852	6903	6194	5936	5545	5568	5591	4595	3850	3327	2741
906	7944	6911	6892	6268	5992	5810	5608	5663	4651	3823	3249	2735
907	8091	7056	6887	6311	6012	5563	5678	5677	4648	3891	3259	2799
908	7945	6848	6956	6241	5962	5632	5622	5582	4655	3859	3279	2744
909	8032	6895	6959	6205	5894	5678	5669	5589	4539	3823	3271	2697
910	8026	6867	6836	6276	5899	5549	5582	5580	4606	3839	3230	2744
911	7920	6915	6917	6200	5936	5709	5638	5625	4569	3918	3225	2728
912	8006	6928	6899	6197	5985	5752	5679	5660	4561	3887	3322	2720
913	8059	6855	6854	6359	5959	5577	5706	5621	4683	3812	3201	2721
914	7992	6950	6865	6340	5905	5727	5651	5645	4529	3822	3242	2750
915	8034	6921	6988	6305	5920	5644	5690	5655	4545	3834	3293	2693
916	7980	6897	6916	6338	5883	5680	5656	5580	4527	3860	3281	2683
917	8037	6853	6987	6277	5961	5703	5637	5697	4697	3854	3334	2734
918	8043	6909	6911	6348	5966	5665	5627	5581	4519	3806	3235	2757
919	8030	6944	6967	6323	5961	5599	5619	5656	4575	3857	3219	2736
920	7989	6910	6875	6253	5941	5682	5616	5656	4508	3885	3311	2749
921	8006	6885	6916	6247	5937	5706	5656	5581	4598	3873	3239	2748
922	7952	6922	6963	6296	6013	5758	5567	5603	4614	3892	3207	2731
923	7957	6914	7003	6229	5987	5588	5642	5615	4416	3877	3251	2708
924	7997	7023	6908	6254	6014	5744	5649	5699	4642	3898	3259	2689
925	7980	6923	6965	6374	6017	5599	5622	5664	4612	3816	3275	2767
926	7923	6902	6958	6226	5947	5656	5722	5609	4610	3830	3240	2711
927	7970	6946	6907	6291	5967	5721	5737	5672	4526	3846	3322	2762
928	8044	6950	6874	6368	6034	5656	5705	5638	4550	3854	3254	2742
929	8027	6960	7008	6326	5989	5751	5750	5696	4593	3915	3324	2702
930	7993	6955	6962	6349	5961	5694	5647	5669	4582	3851	3217	2778
931	7927	6851	7014	6361	5985	5820	5702	5718	4541	3888	3246	2773
932	8034	6894	6875	6324	5983	5677	5698	5655	4585	3870	3259	2691
933	7956	6922	6954	6388	5941	5653	5599	5666	4547	3886	3277	2755
934	7999	6976	7004	6311	6047	5842	5569	5657	4576	3868	3191	2715
935	8087	6904	6901	6377	5998	5741	5634	5699	4682	3781	3245	2730
936	8018	6912	6924	6328	5933	5678	5659	5615	4595	3833	3240	2766
937	8108	6943	6935	6236	5983	5732	5659	5627	4563	3878	3267	2712
938	8062	6968	6955	6342	5987	5787	5675	5737	4549	3821	3317	2737
939	8032	6886	6988	6283	6031	5793	5649	5647	4635	3838	3230	2761
940	8184	6947	6953	6392	6098	5881	5708	5649	4518	3874	3300	2781
941	8168	6911	6968	6315	5998	5845	5677	5739	4477	3824	3243	2767
942	8076	6868	6942	6356	6040	5843	5642	5677	4588	3840	3283	2729
943	8075	6922	6945	6273	5885	5699	5696	5728	4582	3901	3265	2742
944	8077	6931	6970	6348	5936	5609	5661	5666	4560	3895	3200	2684
945	8187	6985	6923	6375	6057	5904	5678	5754	4560	3873	3281	2768
946	8130	6896	6914	6324	6006	5736	5684	5671	4594	3797	3266	2705
947	8151	6912	6894	6379	5950	5695	5718	5652	4546	3824	3293	2715
948	7967	6837	6881	6303	6010	5814	5678	5726	4586	3809	3293	2760
949	8149	6955	6790	6391	6033	5785	5670	5660	4623	3861	3228	2711
950	8129	6970	6753	6411	6006	5692	5652	5759	4610	3880	3283	2724
951	8030	6978	6820	6417	5973	5855	5711	5716	4578	3848	3247	2715
952	8141	6975	6712	6347	6016	5776	5681	5727	4542	3825	3311	2758
953	8045	7015	6754	6398	6090	5746	5704	5646	4593	3873	3235	2740
954	8164	7005	6845	6362	5960	5694	5683	5637	4581	3831	3204	2745
955	8114	6960	6622	6388	6046	5594	5705	5708	4596	3843	3250	2750
956	8019	6962	6541	6365	5992	5679	5698	5669	4573	3823	3304	2717
957	8070	6974	6624	6422	6058	5689	5711	5717	4592	3814	3239	2769
958	8115	6985	6628	6396	6041	5781	5821	5755	4620	3809	3261	2739
959	8304	7028	6617	6462	6057	5708	5692	5763	4565	3884	3255	2723
960	8191	6994	6661	6423	6082	5782	5775	5776	4645	3847	3234	2739
961	8187	6983	6617	6372	6038	5730	5710	5702	4557	3814	3302	2715
962	8042	6915	6679	6355	6052	5732	5732	5667	4571	3796	3299	2756
963	8095	6954	6548	6280	6069	5627	5732	5685	4644	3814	3269	2764
964	8029	7057	6650	6254	6071	5534	5703	5752	4687	3868	3278	2717
965	8100	7051	6625	6391	6098	5623	5621	5713	4531	3896	3299	2739
966	8175	7011	6716	6367	6050	5810	5768	5754	4588	3809	3349	2717
967	8202	6972	6662	6427	5995	5827	5714	5817	4614	3858	3304	2749
968	8106	7008	6628	6239	6020	5816	5674	5694	4567	3813	3258	2686
969	8217	7007	6591	6298	6019	5876	5809	5707	4556	3823	3272	2719
970	8085	7014	6573	6311	6117	5617	5718	5797	4529	3872	3274	2702
971	8214	7102	6655	6317	6038	5561	5782	5770	4585	3884	3282	2698
972	8184	6985	6607	6442	6099	5711	5668	5742	4584	3834	3249	2740
973	8145	6943	6557	6381	6102	5559	5753	5669	4499	3778	3261	2749
974	8147	7070	6555	6285	6066	5879	5670	5713	4578	3824	3277	2732
975	8028	7028	6562	6390	6027	5815	5687	5782	4513	3819	3316	2751
976	8183	7034	6622	6360	6067	5682	5750	5801	4539	3910	3222	2719
977	8139	7001	6720	6413	6135	5790	5763	5758	4526	3828	3258	2725
978	8171	7073	6652	6445	6018	5678	5725	5775	4597	3854	3321	2765
979	8177	7013	6652	6434	6064	5785	5777	5713	4631	3802	3276	2730
980	8154	7000	6730	6494	6077	5781	5765	5747	4636	3837	3322	2727
981	8129	7047	6607	6540	5951	5770	5740	5719	4619	3827	3275	2728
982	8209	7087	6614	6497	6117	5709	5767	5710	4655	3798	3289	2693
983	8099	7114	6670	6484	6144	5697	5742	5780	4587	3889	3243	2751
984	8276	7032	6744	6403	6052	5843	5812	5698	4543	3806	3257	2758
985	8163	6998	6669	6538	6057	5791	5769	5800	4543	3881	3258	2734
986	8392	7111	6745	6565	6037	5773	5761	5729	4581	3819	3263	2695
987	8126	7064	6748	6393	6030	5795	5724	5759	4580	3848	3256	2780
988	8161	6982	6723	6529	5927	5712	5726	5727	4608	3854	3244	2767
989	8199	7073	6730	6528	5995	5567	5750	5833	4605	3818	3298	2737
990	8246	7146	6741	6474	6007	5656	5748	5703	4623	3837	3234	2788
991	8239	7021	6685	6439	6050	5563	5641	5792	4544	3879	3254	2688
992	8151	7009	6777	6498	5935	5626	5704	5714	4586	3864	3273	2682
993	8173	7168	6752	6554	5999	5545	5678	5750	4530	3868	3270	2654
994	8215	7089	6871	6565	6037	5696	5744	5803	4609	3820	3202	2717
995	8243	6974	6746	6467	6021	5832	5806	5794	4629	3856	3304	2741
996	8090	6999	6723	6529	6040	5665	5756	5729	4637	3832	3275	2722
997	8165	7063	6702	6532	5941	5758	5782	5771	4540	3848	3290	2701
998	8213	7130	6790	6461	6001	5861	5715	5792	4595	3891	3258	2668
999	8194	7026	6728	6583	5960	5724	5732	5730	4536	3810	3233	2751
1000	8116	7135	6787	6582	6054	5801	5742	5787	4649	3846	3264	2687
1001	8308	7150	6783	6526	5987	5916	5775	5814	4578	3823	3263	2750
1002	8240	7096	6864	6699	6127	5661	5831	5734	4649	3852	3248	2719
1003	8190	7104	6877	6597	5997	5843	5790	5763	4576	3853	3309	2731
1004	8216	7113	6878	6607	5942	5758	5748	5695	4560	3932	3267	2701
