time	200	160	128	102.4	81.92	65.536	52.4288	41.94304	33.554432	26.8435456	21.47483648	17.179869184
0	92	70	54	54	43	43	38	39	47	48	43	45
1	90	72	56	56	49	44	42	48	42	44	48	48
2	86	71	59	56	46	44	47	44	47	43	52	42
3	88	66	61	60	47	45	44	37	44	49	46	48
4	79	67	59	52	50	48	49	39	44	37	47	43
5	90	72	59	48	40	45	46	46	52	44	48	40
6	84	71	59	47	42	47	46	42	42	46	46	42
7	79	73	52	50	43	49	43	42	39	43	37	45
8	88	65	52	50	46	45	44	42	40	47	47	42
9	85	71	63	48	51	50	42	43	43	40	48	47
10	84	75	54	51	44	52	44	42	45	43	41	42
11	84	66	53	52	47	43	45	44	43	41	41	41
12	91	65	53	45	45	45	45	47	40	41	41	41
13	82	67	51	44	48	47	44	45	38	47	45	42
14	86	61	56	52	47	46	43	41	41	44	48	45
15	75	63	58	52	45	41	45	43	43	41	45	43
16	88	65	56	49	44	41	47	43	39	44	44	38
17	82	73	66	52	43	43	53	51	45	43	50	45
18	81	74	61	48	47	44	41	43	46	47	44	47
19	85	89	70	51	48	41	45	42	40	42	44	45
20	93	96	80	59	47	44	47	48	40	51	42	46
21	89	104	76	51	45	47	49	40	41	40	41	43
22	91	95	89	62	49	48	46	46	47	44	40	43
23	99	125	107	59	49	43	42	43	42	42	41	42
24	95	141	108	67	55	43	45	39	48	45	44	43
25	109	154	130	77	50	41	42	45	40	43	39	40
26	107	178	144	86	55	42	47	41	42	45	44	43
27	117	203	176	92	59	51	46	45	40	43	45	46
28	123	205	172	100	59	46	44	43	40	45	44	46
29	133	248	215	113	60	41	45	42	47	49	37	45
30	159	268	254	132	57	48	42	40	49	45	45	43
31	154	294	272	154	71	45	55	47	44	47	43	47
32	173	327	300	167	70	49	52	48	41	42	44	44
33	195	374	336	194	79	49	50	38	50	41	42	47
34	220	420	374	205	94	49	49	43	46	48	45	43
35	235	468	404	236	91	50	45	40	43	46	43	47
36	274	520	461	250	101	51	50	45	42	42	45	44
37	281	538	494	281	113	52	42	46	43	46	46	47
38	322	608	528	303	129	53	45	45	40	40	41	51
39	357	651	591	340	139	56	49	47	43	41	42	42
40	410	679	653	373	145	51	45	42	41	45	39	41
41	427	736	707	423	156	60	43	44	44	39	39	44
42	486	809	753	446	164	56	47	46	46	45	41	43
43	526	870	811	468	180	60	48	45	48	45	46	45
44	584	915	864	521	199	66	47	45	41	48	44	50
45	653	994	884	553	198	70	45	45	41	43	43	42
46	687	1017	972	573	236	67	46	46	48	41	44	45
47	729	1120	994	653	250	78	45	46	41	47	44	45
48	775	1144	1030	639	247	70	49	44	46	46	43	40
49	843	1209	1109	706	290	69	52	46	42	43	45	42
50	860	1210	1154	722	290	81	52	42	45	48	40	44
51	959	1297	1225	779	325	84	52	46	47	45	44	46
52	1010	1365	1259	807	336	91	53	41	42	42	47	39
53	1068	1385	1267	807	361	100	52	45	47	44	41	43
54	1105	1405	1313	870	384	98	54	46	44	43	43	43
55	1154	1482	1352	919	424	103	53	40	41	49	43	40
56	1199	1528	1421	890	403	109	51	48	44	46	44	47
57	1217	1588	1411	953	438	120	56	47	43	44	42	44
58	1286	1599	1427	989	471	126	61	43	41	40	41	48
59	1304	1653	1493	1025	501	129	56	45	46	42	41	45
60	1356	1647	1486	1047	515	131	56	47	48	46	42	42
61	1431	1752	1567	1042	541	147	58	43	42	48	43	34
62	1491	1799	1538	1071	536	143	64	47	44	45	39	42
63	1600	1799	1623	1102	590	157	58	45	41	40	43	53
64	1599	1785	1615	1123	605	156	68	51	40	45	44	37
65	1671	1835	1650	1137	596	187	60	48	44	42	41	43
66	1619	1864	1607	1142	639	174	69	48	46	42	41	43
67	1760	1881	1744	1168	659	193	71	50	43	43	46	43
68	1741	1933	1638	1194	686	206	75	48	46	41	43	45
69	1825	1925	1728	1265	686	207	78	47	46	44	42	47
70	1826	1988	1782	1243	726	219	73	46	44	47	41	43
71	1881	2034	1764	1312	788	233	85	47	42	41	44	44
72	1850	2010	1757	1288	764	230	82	50	48	46	44	51
73	1893	1999	1767	1299	816	258	98	52	45	46	39	46
74	1949	2032	1774	1348	798	264	94	54	49	48	43	46
75	1971	2129	1839	1367	855	279	90	53	43	41	48	45
76	2040	2118	1817	1366	852	283	95	52	43	43	44	42
77	2034	2104	1813	1405	900	314	104	50	46	44	43	41
78	2114	2131	1800	1401	897	303	106	57	43	42	43	45
79	2095	2250	1875	1404	952	321	99	61	46	39	46	44
80	2150	2183	1887	1454	941	319	104	57	46	38	47	46
81	2175	2195	1906	1478	991	347	110	55	44	46	53	41
82	2250	2247	1930	1479	1004	369	112	64	46	45	43	41
83	2172	2220	1959	1485	1006	353	110	67	45	44	52	43
84	2257	2232	1944	1525	1039	379	127	60	46	45	46	41
85	2281	2258	1946	1513	1088	382	126	60	47	43	54	46
86	2314	2278	1978	1556	1080	409	140	58	46	45	57	42
87	2355	2399	1984	1610	1111	405	149	68	49	43	57	42
88	2325	2385	2073	1682	1163	429	154	64	40	48	55	47
89	2440	2347	1982	1642	1161	439	158	73	41	46	50	45
90	2430	2386	2010	1646	1171	458	170	74	44	40	52	47
91	2418	2428	2171	1704	1246	478	174	71	48	44	54	40
92	2550	2485	2122	1729	1257	501	173	69	50	41	51	46
93	2526	2475	2049	1723	1282	486	187	77	44	40	48	43
94	2580	2520	2239	1826	1286	534	196	78	42	43	54	42
95	2584	2436	2103	1750	1360	544	197	78	53	40	56	44
96	2653	2511	2169	1861	1402	554	189	87	45	42	51	45
97	2644	2574	2211	1827	1394	536	200	81	41	44	55	42
98	2635	2567	2209	1915	1424	568	213	95	46	45	56	40
99	2636	2540	2139	1851	1376	591	228	87	51	38	52	48
100	2677	2526	2150	1893	1468	598	234	95	49	45	56	41
101	2744	2677	2280	1962	1508	628	251	95	48	37	56	47
102	2725	2607	2224	1887	1508	642	257	95	55	49	56	48
103	2758	2662	2258	1918	1584	656	265	103	53	42	56	41
104	2817	2702	2295	2014	1574	682	268	102	51	43	53	45
105	2821	2657	2328	2017	1575	683	301	111	54	44	63	42
106	2868	2785	2333	2058	1630	694	302	110	51	44	59	45
107	2854	2725	2271	2068	1628	724	318	114	54	58	60	44
108	2907	2743	2339	2117	1672	734	327	116	62	49	57	38
109	2788	2747	2373	2137	1715	767	323	111	65	52	64	49
110	2905	2775	2364	2122	1737	765	350	128	56	48	65	46
111	2960	2764	2337	2134	1762	782	353	122	67	48	61	47
112	2985	2800	2394	2220	1766	831	378	124	73	54	67	46
113	3039	2810	2473	2195	1849	840	367	137	64	51	59	45
114	2990	2863	2494	2273	1815	843	393	148	73	55	67	45
115	3056	2896	2452	2252	1922	875	423	146	69	56	63	53
116	3058	2871	2466	2257	1929	877	424	135	68	63	71	47
117	3096	2827	2499	2312	1948	919	449	155	80	61	74	51
118	3062	2933	2470	2368	1968	927	461	151	73	64	76	53
119	3205	2908	2570	2345	2013	958	479	162	85	61	83	50
120	3111	2999	2593	2404	2057	977	487	179	96	70	75	49
121	3146	2991	2622	2425	2079	1002	512	167	96	70	83	49
122	3195	3053	2603	2454	2058	1036	527	173	98	67	84	50
123	3222	3039	2677	2491	2210	1007	541	181	109	68	97	45
124	3303	2999	2596	2459	2154	1028	565	202	112	77	102	50
125	3285	3161	2706	2510	2228	1052	582	189	109	72	108	52
126	3336	3108	2682	2493	2248	1112	610	193	118	90	119	57
127	3302	3084	2682	2625	2311	1083	649	197	119	93	109	67
128	3403	3116	2730	2607	2288	1144	633	207	130	100	121	63
129	3402	3218	2743	2611	2390	1183	670	220	142	103	135	68
130	3416	3139	2735	2606	2403	1165	708	239	135	111	138	69
131	3520	3274	2768	2661	2454	1212	692	227	157	115	151	76
132	3390	3168	2777	2701	2424	1233	713	234	165	123	158	79
133	3396	3220	2780	2716	2517	1253	746	235	178	142	170	90
134	3508	3297	2844	2716	2523	1253	752	248	171	144	181	86
135	3575	3254	2845	2756	2490	1286	803	259	191	156	191	87
136	3557	3317	2895	2744	2538	1336	794	259	200	150	205	97
137	3519	3289	2859	2835	2602	1402	820	287	218	175	212	99
138	3589	3319	2870	2816	2641	1367	856	290	236	170	235	97
139	3711	3373	2900	2848	2692	1421	883	291	238	192	247	109
140	3673	3413	2961	2838	2662	1368	894	301	255	205	249	112
141	3695	3453	2950	2897	2633	1416	906	319	268	221	272	122
142	3787	3509	3103	3095	2788	1498	1007	315	299	229	304	134
143	3763	3447	3101	2980	2826	1492	981	311	325	265	312	133
144	3776	3458	3053	3008	2823	1513	1023	321	326	268	341	157
145	3723	3465	3069	3030	2835	1557	1018	349	339	290	353	173
146	3844	3558	3067	3057	2917	1596	1036	345	378	295	386	179
147	3882	3553	3131	3028	2929	1607	1064	362	379	333	414	185
148	3972	3562	3122	2997	2912	1609	1140	389	414	356	424	182
149	3825	3621	3188	3093	2956	1643	1148	396	445	379	460	211
150	3960	3638	3143	3132	3015	1679	1144	392	482	382	487	233
151	4014	3642	3198	3160	3043	1676	1189	400	502	418	501	238
152	3979	3650	3251	3129	3059	1721	1206	425	563	450	518	257
153	3897	3678	3181	3249	3145	1769	1228	442	569	476	570	262
154	4019	3694	3224	3203	3097	1854	1274	445	589	507	600	281
155	4014	3693	3205	3187	3155	1814	1309	468	656	557	647	316
156	4052	3668	3267	3359	3209	1844	1367	468	671	568	672	318
157	4106	3764	3257	3428	3310	1981	1402	509	738	637	707	348
158	4052	3675	3278	3379	3183	1934	1404	503	759	677	726	378
159	4191	3839	3299	3324	3241	1935	1394	506	788	713	771	405
160	4221	3818	3390	3316	3297	1982	1525	551	800	762	819	416
161	4209	3890	3513	3451	3390	2037	1572	556	909	794	841	404
162	4176	3881	3454	3401	3275	1998	1528	532	948	814	901	454
163	4289	3883	3427	3416	3367	2053	1562	591	973	852	938	482
164	4252	4001	3486	3355	3397	2153	1634	586	1057	929	963	496
165	4343	3949	3486	3535	3388	2131	1648	601	1114	959	987	500
166	4300	3935	3475	3453	3447	2174	1695	633	1126	1014	1038	528
167	4443	3983	3534	3474	3469	2179	1661	671	1229	1076	1070	581
168	4580	4026	3524	3576	3538	2235	1784	683	1258	1144	1163	618
169	4412	3960	3587	3677	3554	2316	1779	725	1326	1169	1136	624
170	4295	3914	3532	3629	3573	2260	1843	714	1391	1188	1189	642
171	4332	3947	3608	3701	3687	2317	1848	737	1438	1248	1223	688
172	4466	4000	3635	3624	3623	2348	1901	765	1496	1318	1270	696
173	4537	4130	3659	3620	3580	2390	1918	794	1557	1367	1308	735
174	4559	3970	3610	3716	3720	2329	1963	800	1615	1439	1400	759
175	4505	4047	3600	3779	3717	2411	2002	845	1668	1461	1408	792
176	4610	4101	3715	3762	3693	2432	2040	850	1725	1549	1402	843
177	4541	4089	3685	3775	3821	2490	2089	913	1805	1549	1467	872
178	4573	4130	3647	3735	3801	2503	2118	891	1864	1655	1512	880
179	4540	4129	3650	3782	3859	2535	2087	895	1966	1696	1573	933
180	4562	4210	3658	3787	3850	2537	2211	944	1935	1737	1551	909
181	4600	4196	3710	3853	3761	2544	2209	941	1994	1775	1613	953
182	4610	4185	3708	3846	3873	2674	2200	981	2059	1845	1603	998
183	4709	4282	3741	3876	3930	2635	2220	1034	2161	1846	1666	1013
184	4762	4273	3793	3898	3932	2690	2301	1038	2247	1914	1709	1089
185	4771	4363	3832	3820	3899	2693	2321	1099	2232	1955	1739	1116
186	4743	4235	3785	3948	3976	2746	2345	1078	2363	2035	1786	1149
187	4742	4238	3839	3910	3974	2796	2349	1116	2351	2056	1792	1167
188	4792	4265	3826	4003	4087	2856	2410	1138	2441	2106	1877	1163
189	4855	4405	4011	3961	4022	2867	2439	1146	2517	2163	1845	1247
190	4987	4372	3900	3966	4157	2800	2469	1270	2549	2187	1844	1197
191	4950	4426	3908	3978	4107	2870	2600	1289	2582	2227	1895	1252
192	4883	4469	3956	3897	4051	2925	2548	1315	2619	2250	1879	1249
193	4960	4425	4027	3983	4113	2890	2604	1343	2703	2306	1967	1312
194	4985	4523	4047	4053	4171	2971	2611	1339	2719	2303	1960	1334
195	4982	4567	4086	4005	4164	2955	2659	1404	2791	2350	1998	1353
196	5107	4501	4062	4008	4144	3015	2726	1479	2805	2445	2041	1348
197	5026	4544	4048	4010	4201	3094	2702	1455	2866	2415	2039	1441
198	5048	4510	3979	4111	4224	3071	2780	1518	2900	2437	2088	1428
199	5043	4508	4028	4165	4271	3163	2817	1531	2957	2474	2079	1496
200	5111	4525	4070	4134	4266	3151	2831	1547	2998	2557	2113	1487
201	5141	4543	4135	4289	4346	3209	2855	1599	3053	2636	2099	1523
202	5209	4636	4193	4123	4334	3210	2895	1607	3038	2577	2160	1542
203	5212	4566	4125	4181	4392	3245	2995	1643	3063	2624	2113	1548
204	5203	4636	4264	4173	4419	3315	2986	1705	3083	2637	2184	1551
205	5193	4586	4134	4302	4368	3273	3003	1725	3137	2680	2189	1568
206	5123	4584	4232	4337	4520	3350	3068	1771	3147	2722	2239	1601
207	5228	4599	4147	4325	4467	3392	3060	1808	3156	2741	2200	1579
208	5277	4684	4241	4214	4409	3284	3122	1883	3219	2731	2195	1632
209	5324	4656	4197	4303	4433	3375	3165	1884	3342	2789	2210	1655
210	5373	4720	4264	4244	4408	3403	3103	1913	3287	2757	2267	1681
211	5398	4755	4293	4440	4495	3540	3223	1976	3355	2771	2268	1683
212	5499	4784	4306	4409	4617	3472	3335	2024	3308	2863	2254	1705
213	5391	4799	4390	4308	4519	3534	3230	2076	3334	2928	2344	1711
214	5426	4751	4371	4419	4628	3528	3376	2111	3322	2846	2330	1776
215	5483	4755	4360	4345	4549	3512	3357	2141	3410	2858	2339	1747
216	5460	4861	4423	4471	4597	3532	3377	2184	3458	2891	2307	1767
217	5441	4773	4348	4421	4809	3664	3496	2201	3415	2933	2328	1751
218	5378	4709	4392	4442	4670	3637	3416	2295	3437	2906	2339	1799
219	5497	4763	4282	4492	4824	3721	3652	2353	3448	2932	2343	1832
220	5598	4855	4424	4512	4701	3735	3499	2328	3471	2967	2397	1843
221	5485	4867	4428	4474	4731	3706	3520	2434	3525	2955	2390	1804
222	5552	4865	4485	4475	4680	3709	3597	2410	3505	3032	2423	1781
223	5634	4852	4489	4490	4834	3699	3580	2500	3514	2953	2357	1818
224	5692	4940	4509	4540	4866	3762	3683	2526	3517	3048	2439	1858
225	5711	4906	4539	4558	4884	3856	3717	2556	3599	3022	2416	1852
226	5708	5021	4600	4556	4789	3786	3730	2546	3598	3046	2457	1878
227	5737	4893	4493	4676	5048	3852	3862	2685	3640	3005	2471	1928
228	5722	5001	4582	4600	4881	3866	3721	2621	3620	3047	2456	1899
229	5775	5038	4624	4557	4851	3855	3792	2696	3618	3117	2452	1915
230	5786	4980	4552	4565	4907	3840	3775	2722	3691	3025	2446	1937
231	5823	4995	4551	4602	4812	3990	3923	2830	3644	3095	2457	1902
232	5833	5076	4635	4596	4813	3882	3853	2816	3682	3132	2494	1932
233	5801	5075	4629	4769	5031	4054	3921	2839	3662	3142	2461	1886
234	5892	5051	4618	4615	4939	4016	3966	2943	3687	3110	2514	1923
235	5893	5088	4699	4553	4983	3909	4036	2942	3702	3161	2466	1918
236	5861	5106	4653	4682	4930	4038	3998	2909	3689	3135	2511	1968
237	5922	5221	4648	4663	4918	4061	3909	2988	3675	3152	2546	1910
238	5912	5155	4642	4738	5148	4052	4130	2995	3666	3090	2542	1997
239	5941	5149	4697	4700	5126	4132	4113	3078	3708	3161	2565	1962
240	5946	5240	4765	4765	5175	4093	4175	3090	3744	3176	2514	1996
241	6017	5174	4660	4775	5190	4184	4135	3133	3758	3162	2559	1977
242	5987	5128	4654	4755	5217	4233	4249	3233	3806	3236	2540	1990
243	6003	5185	4793	4764	5193	4217	4172	3260	3700	3173	2533	1995
244	6022	5134	4631	4792	5246	4210	4194	3251	3764	3145	2553	1987
245	6045	5078	4792	4854	5133	4211	4211	3226	3757	3138	2528	2022
246	6140	5248	4793	4837	5146	4264	4311	3283	3764	3176	2594	1977
247	6076	5304	4791	4774	5099	4098	4246	3327	3755	3230	2594	2068
248	6143	5313	4841	4899	5196	4188	4233	3358	3827	3248	2554	1993
249	6057	5208	4775	4945	5262	4373	4288	3429	3810	3216	2510	2010
250	6125	5305	4840	4833	5179	4296	4334	3390	3838	3259	2536	2013
251	6292	5334	4937	4734	5162	4278	4342	3503	3847	3194	2564	2001
252	6186	5297	5016	4893	5319	4366	4385	3503	3811	3240	2554	2037
253	6216	5386	4887	4925	5274	4319	4385	3551	3809	3244	2584	1979
254	6223	5387	4983	4895	5334	4383	4423	3518	3845	3271	2617	2055
255	6315	5345	4982	4882	5343	4398	4469	3554	3812	3263	2528	2055
256	6189	5258	4855	4829	5444	4465	4585	3654	3931	3254	2595	2029
257	6322	5297	4956	4779	5318	4377	4468	3654	3959	3276	2614	2033
258	6352	5379	4967	4911	5462	4472	4503	3683	3863	3275	2622	2108
259	6281	5395	4997	4979	5339	4477	4450	3710	3864	3265	2638	2061
260	6316	5372	4976	4930	5432	4498	4491	3706	3885	3251	2564	2051
261	6317	5363	4989	4972	5283	4472	4534	3683	3888	3240	2641	2061
262	6316	5447	4850	4908	5569	4552	4737	3744	3955	3279	2621	2037
263	6370	5460	5069	5005	5479	4558	4634	3799	3897	3306	2565	2120
264	6326	5440	5018	5085	5575	4503	4547	3834	3865	3300	2599	2076
265	6368	5462	4962	4988	5563	4638	4673	3771	3947	3363	2639	2095
266	6421	5508	5038	5021	5499	4573	4754	3881	3915	3251	2630	2044
267	6426	5592	5057	4962	5474	4561	4657	3878	3993	3231	2652	2044
268	6441	5456	5081	4978	5504	4607	4711	3906	3927	3331	2639	2141
269	6475	5444	5043	5038	5580	4652	4798	3967	3986	3291	2626	2104
270	6454	5593	5133	4957	5481	4544	4685	3943	3880	3312	2645	2067
271	6531	5443	5145	5040	5544	4627	4712	4020	3970	3363	2706	2085
272	6496	5516	5202	5091	5594	4673	4767	3982	3926	3366	2681	2109
273	6574	5537	5150	5003	5523	4649	4615	3941	3876	3286	2657	2068
274	6543	5592	5289	4983	5456	4577	4728	4033	3925	3319	2662	2139
275	6588	5582	5255	5045	5454	4662	4841	4059	3937	3317	2624	2086
276	6552	5603	5172	5042	5520	4758	4954	4116	4019	3311	2634	2103
277	6514	5581	5075	5069	5685	4787	4804	4059	3898	3342	2631	2126
278	6627	5602	5258	4987	5415	4673	4732	4005	3988	3347	2650	2127
279	6634	5507	5078	5020	5606	4757	4822	4100	3879	3380	2567	2115
280	6671	5606	5214	4973	5539	4710	4778	4027	3955	3336	2666	2132
281	6640	5637	5092	5191	5764	4969	5073	4187	4001	3318	2703	2108
282	6729	5583	5223	5177	5741	4813	4829	4254	4018	3349	2678	2138
283	6695	5575	5223	5054	5774	4937	5062	4178	3971	3387	2644	2143
284	6714	5598	5207	5124	5763	4854	4978	4196	3992	3410	2663	2151
285	6759	5647	5334	5065	5529	4756	4930	4205	3948	3375	2606	2115
286	6746	5785	5312	5113	5594	4877	4981	4256	4024	3442	2696	2129
287	6744	5613	5259	5154	5751	4937	5066	4294	3966	3385	2601	2126
288	6783	5709	5287	5025	5600	4854	4881	4305	3997	3359	2608	2139
289	6773	5597	5204	5237	5802	4888	5021	4312	3998	3421	2691	2095
290	6841	5651	5310	5207	5762	4910	5048	4333	4038	3357	2708	2117
291	6861	5635	5388	5119	5730	4822	4984	4312	4075	3365	2688	2122
292	6802	5842	5413	5113	5642	4832	4870	4294	4003	3390	2681	2125
293	7020	5795	5522	5215	5928	5102	5237	4471	4047	3399	2689	2165
294	6938	5760	5365	5184	5562	4873	5011	4337	4082	3346	2680	2133
295	6855	5831	5428	5203	5841	5014	5121	4333	4016	3359	2666	2074
296	6886	5848	5457	5299	5896	5048	5042	4312	3986	3415	2661	2171
297	6819	5770	5389	5264	5765	4904	4944	4380	3977	3433	2667	2119
298	6947	5839	5450	5181	5654	4966	5015	4353	4029	3361	2733	2136
299	6873	5829	5455	5247	5910	4963	4986	4402	3948	3394	2725	2157
300	6926	5903	5475	5261	5863	4880	4992	4428	4009	3372	2694	2119
301	6982	5843	5431	5160	5806	4950	5049	4433	4044	3431	2712	2101
302	6971	5784	5478	5228	5847	4894	5211	4417	4040	3428	2746	2166
303	6997	5867	5314	5174	5856	4995	5147	4432	3959	3372	2660	2077
304	6932	5954	5582	5260	5977	5140	5280	4439	4049	3385	2716	2104
305	7082	5913	5566	5191	5858	4914	4983	4450	4111	3407	2724	2186
306	7033	5928	5538	5217	5891	4991	5139	4511	3978	3455	2679	2152
307	7006	5883	5468	5261	6101	5114	5183	4494	4094	3416	2729	2115
308	6966	5942	5531	5307	6075	5177	5207	4566	4119	3425	2730	2151
309	7076	5924	5539	5317	6077	5151	5222	4512	3973	3354	2692	2178
310	7052	5838	5474	5359	5861	5008	5241	4617	4025	3423	2718	2163
311	7067	5924	5559	5326	5944	5072	5256	4532	4002	3395	2741	2173
312	7100	5820	5463	5355	5989	5174	5269	4589	4078	3356	2724	2143
313	7077	5838	5419	5366	6041	5073	5328	4577	4026	3371	2722	2109
314	7099	5865	5544	5330	6167	5156	5243	4488	4044	3450	2715	2130
315	7015	5896	5693	5273	6037	5133	5207	4581	4032	3373	2709	2201
316	7160	5902	5566	5362	6144	5316	5316	4517	4066	3373	2679	2181
317	7139	5960	5620	5270	6058	5047	5190	4584	4055	3407	2742	2166
318	7042	5828	5597	5432	6118	5296	5280	4629	4058	3445	2670	2180
319	7295	5980	5473	5486	6212	5329	5663	4821	4120	3472	2774	2214
320	7154	5996	5677	5251	6033	5130	5299	4585	4043	3447	2743	2188
321	7147	5961	5681	5304	6115	5161	5351	4599	4037	3475	2674	2171
322	7119	6000	5521	5396	6188	5282	5353	4782	4068	3416	2698	2191
323	7123	6039	5526	5359	6168	5257	5378	4773	4157	3473	2708	2180
324	7232	5961	5564	5404	6218	5293	5397	4714	4059	3375	2733	2104
325	7123	6057	5589	5400	6222	5305	5269	4541	4090	3473	2769	2153
326	7264	6005	5740	5369	6154	5200	5264	4616	4076	3402	2712	2163
327	7183	5976	5690	5394	6150	5199	5425	4695	4036	3456	2727	2173
328	7153	5984	5592	5428	6144	5321	5313	4714	4138	3414	2736	2151
329	7176	6023	5566	5478	6278	5317	5420	4619	4042	3416	2689	2170
330	7290	6011	5585	5421	6212	5357	5448	4766	4125	3451	2756	2169
331	7172	5941	5624	5474	6279	5372	5372	4677	4057	3475	2718	2161
332	7226	6060	5592	5432	6298	5214	5370	4741	4117	3436	2690	2177
333	7193	6039	5642	5462	6303	5357	5426	4698	4119	3417	2735	2135
334	7290	6073	5564	5412	6294	5436	5466	4714	4084	3448	2713	2178
335	7308	6033	5775	5328	6207	5227	5278	4670	4069	3420	2728	2186
336	7324	6097	5794	5428	6249	5249	5384	4767	4107	3445	2710	2206
337	7230	6145	5689	5384	6286	5374	5514	4728	4144	3472	2761	2206
338	7284	6096	5681	5502	6336	5443	5584	4785	4114	3446	2744	2222
339	7260	6031	5691	5560	6298	5413	5638	4831	4165	3460	2727	2149
340	7409	6171	5736	5391	6253	5237	5564	4832	4166	3495	2772	2166
341	7331	6111	5674	5378	6308	5375	5580	4791	4029	3408	2732	2167
342	7377	6208	5849	5465	6211	5314	5522	4742	4051	3444	2746	2206
343	7313	6096	5817	5451	6314	5406	5497	4732	4041	3452	2707	2214
344	7316	6120	5766	5442	6238	5299	5417	4791	4136	3485	2774	2186
345	7435	6187	5803	5521	6432	5411	5467	4821	4066	3443	2754	2205
346	7355	6194	5678	5509	6339	5425	5625	4792	4138	3484	2793	2133
347	7488	6165	5798	5532	6318	5372	5533	4861	4120	3423	2763	2173
348	7482	6159	5742	5522	6283	5480	5713	4811	4188	3375	2730	2159
349	7364	6146	5695	5495	6374	5460	5624	4823	4138	3394	2703	2196
350	7400	6243	5799	5476	6293	5431	5672	4846	4134	3461	2725	2170
351	7487	6181	5752	5423	6426	5501	5620	4880	4093	3466	2709	2214
352	7432	6209	5752	5571	6339	5547	5602	4860	4142	3447	2771	2121
353	7427	6368	5898	5561	6415	5458	5551	4793	4136	3500	2763	2173
354	7462	6327	5830	5450	6473	5389	5592	4840	4096	3392	2765	2209
355	7439	6200	5848	5548	6469	5477	5557	4845	4114	3478	2731	2211
356	7515	6239	5769	5529	6406	5506	5595	4902	4037	3440	2723	2211
357	7521	6232	5848	5480	6449	5530	5495	4895	4193	3456	2754	2213
358	7610	6353	5858	5473	6360	5512	5712	4895	4181	3451	2731	2223
359	7527	6304	5816	5535	6470	5596	5734	4973	4099	3479	2734	2204
360	7506	6217	5743	5511	6515	5595	5729	4924	4088	3403	2745	2228
361	7522	6387	5795	5483	6379	5419	5543	4870	4129	3402	2706	2218
362	7511	6375	5903	5468	6359	5298	5362	4871	4065	3354	2700	2212
363	7525	6302	5819	5532	6551	5431	5653	4935	4140	3441	2781	2227
364	7598	6349	5883	5614	6506	5423	5669	4984	4141	3456	2743	2211
365	7609	6498	5898	5508	6496	5446	5582	4960	4156	3485	2746	2200
366	7563	6289	5916	5514	6517	5470	5619	4948	4130	3521	2817	2219
367	7603	6357	5902	5478	6481	5500	5641	4974	4160	3499	2729	2200
368	7589	6306	5934	5574	6499	5427	5610	4967	4143	3501	2781	2222
369	7626	6335	5962	5573	6532	5531	5762	4944	4188	3520	2746	2198
370	7603	6373	5965	5542	6546	5666	5889	5007	4082	3441	2705	2156
371	7591	6366	5938	5454	6429	5346	5617	4889	4162	3478	2771	2179
372	7555	6403	5970	5485	6619	5595	5715	5035	4146	3380	2814	2184
373	7614	6350	5980	5530	6527	5543	5797	4975	4171	3447	2723	2166
374	7633	6340	6009	5539	6515	5491	5685	4922	4209	3433	2787	2194
375	7604	6434	6071	5534	6598	5652	5775	5056	4242	3485	2768	2240
376	7601	6460	6002	5630	6531	5459	5754	5078	4159	3411	2700	2253
377	7570	6428	5965	5571	6549	5611	5867	4980	4150	3523	2740	2170
378	7623	6496	5931	5553	6530	5430	5667	5023	4169	3482	2769	2206
379	7620	6436	6074	5643	6628	5508	5655	4981	4150	3403	2736	2243
380	7579	6451	6040	5608	6632	5577	5818	5100	4180	3450	2726	2254
381	7670	6528	6048	5627	6590	5666	5833	5004	4147	3505	2732	2165
382	7739	6492	6086	5588	6519	5553	5605	5087	4207	3417	2737	2199
383	7682	6448	6019	5515	6603	5549	5699	5006	4133	3452	2803	2249
384	7691	6520	6102	5616	6624	5735	5892	5079	4173	3509	2692	2191
385	7711	6515	6056	5676	6639	5735	5879	4985	4173	3497	2760	2193
386	7685	6485	6104	5662	6636	5622	5814	5053	4171	3404	2769	2228
387	7714	6501	6074	5647	6659	5692	5904	5049	4139	3465	2745	2231
388	7706	6515	6010	5639	6609	5771	5871	5036	4197	3461	2763	2247
389	7695	6426	6020	5634	6625	5770	5913	5089	4183	3464	2720	2177
390	7687	6483	5971	5672	6647	5744	5908	5081	4147	3417	2756	2186
391	7753	6462	6036	5559	6636	5757	5899	5055	4110	3434	2798	2210
392	7812	6606	5991	5657	6614	5753	5811	5040	4038	3431	2791	2246
393	7732	6493	6100	5619	6596	5658	5805	5107	4140	3466	2700	2187
394	7724	6570	6096	5664	6692	5637	5852	5051	4176	3461	2767	2223
395	7682	6467	6028	5685	6676	5720	5976	5129	4211	3489	2791	2222
396	7765	6477	6011	5650	6670	5780	6003	5057	4159	3444	2746	2236
397	7720	6566	6090	5689	6670	5619	5831	5042	4156	3488	2730	2218
398	7801	6538	6026	5750	6704	5887	6217	5205	4150	3461	2835	2183
399	7722	6587	6101	5587	6643	5727	5934	5032	4249	3453	2769	2227
400	7729	6460	6074	5698	6796	5660	5948	5153	4089	3494	2810	2210
401	7692	6562	6030	5601	6669	5577	5824	5122	4180	3425	2745	2201
402	7797	6560	6136	5556	6632	5622	5864	5087	4222	3479	2769	2232
403	7756	6568	6095	5594	6643	5754	5915	5199	4218	3454	2777	2235
404	7848	6533	6072	5609	6749	5800	5906	5140	4104	3430	2784	2202
405	7818	6651	6057	5656	6764	5795	5873	5076	4073	3441	2741	2223
406	7840	6606	6089	5762	6680	5657	5820	5135	4180	3456	2768	2188
407	7777	6534	6136	5661	6779	5757	6076	5164	4230	3434	2779	2192
408	7825	6583	6129	5745	6761	5862	6037	5141	4153	3461	2794	2201
409	7877	6684	6083	5622	6739	5742	5992	5084	4204	3464	2756	2263
410	7784	6570	6054	5588	6644	5660	5908	5161	4194	3448	2777	2188
411	7874	6581	5935	5637	6770	5924	6108	5180	4222	3440	2758	2265
412	7808	6583	6070	5682	6844	5983	6207	5189	4203	3506	2695	2200
413	7874	6587	6138	5765	6733	5752	5893	5182	4125	3448	2748	2195
414	7889	6680	6057	5718	6776	5880	6085	5204	4144	3523	2780	2176
415	7799	6628	6169	5740	6815	5765	5989	5144	4149	3487	2734	2249
416	7809	6595	6222	5675	6802	5696	5952	5084	4191	3454	2732	2208
417	7838	6650	6136	5650	6734	5795	5877	5215	4205	3441	2794	2210
418	7807	6518	6094	5696	6697	5878	6020	5229	4179	3449	2747	2208
419	7830	6548	6118	5679	6778	5764	5997	5219	4113	3418	2767	2239
420	7904	6593	6126	5657	6805	5784	5896	5144	4236	3506	2774	2289
421	7914	6613	6109	5725	6841	5886	6090	5128	4131	3520	2781	2244
422	7953	6656	6205	5656	6838	5764	5984	5094	4097	3455	2830	2226
423	7775	6552	6155	5752	6851	5858	6133	5235	4207	3470	2752	2268
424	7900	6651	6009	5822	6818	5937	6324	5327	4214	3451	2803	2253
425	7848	6629	6041	5801	6794	5915	6165	5235	4160	3446	2809	2271
426	7913	6655	6092	5746	6820	5876	6126	5272	4157	3394	2717	2225
427	7847	6624	6256	5728	6847	5914	6052	5160	4212	3429	2785	2208
428	7897	6640	6103	5722	6756	5956	6209	5293	4149	3453	2785	2178
429	7876	6656	6126	5588	6837	5903	6059	5208	4159	3452	2755	2259
430	7871	6670	6157	5656	6761	5934	6049	5132	4192	3525	2722	2207
431	7992	6706	6165	5770	6802	5832	6183	5209	4184	3454	2728	2244
432	7863	6612	6188	5737	6792	6012	6138	5191	4132	3416	2730	2195
433	7819	6632	6170	5727	6762	5834	6046	5196	4140	3461	2739	2236
434	7924	6705	6289	5668	6772	5790	5963	5145	4252	3444	2767	2250
435	7974	6593	6210	5777	6895	5931	6019	5302	4136	3467	2803	2205
436	7987	6658	6142	5755	6876	5887	5962	5326	4257	3468	2752	2213
437	7921	6642	6232	5767	6916	5830	6053	5226	4171	3447	2782	2234
438	8016	6574	6224	5805	6904	5889	6077	5207	4184	3463	2773	2243
439	7891	6694	6269	5809	6885	5899	6175	5220	4219	3449	2768	2197
440	8138	6870	6345	5861	7061	6069	6276	5384	4246	3599	2832	2278
441	7960	6658	6336	5756	6804	5724	5981	5197	4184	3506	2760	2245
442	7923	6678	6239	5741	6867	6017	6187	5402	4185	3518	2780	2211
443	7995	6610	6224	5811	6802	6032	6226	5280	4206	3461	2768	2214
444	7960	6645	6277	5826	6815	5864	6232	5360	4233	3446	2794	2245
445	8078	6742	6367	5775	6907	5964	6322	5341	4198	3472	2811	2192
446	7988	6799	6290	5793	6905	5946	6231	5290	4174	3534	2751	2211
447	8021	6645	6333	5795	6900	5903	6173	5323	4157	3534	2733	2264
448	7989	6771	6308	5830	6883	5844	6161	5264	4122	3483	2766	2237
449	8123	6721	6295	5824	6984	5986	6166	5321	4219	3455	2801	2205
450	7935	6771	6220	5818	6864	6032	6295	5419	4165	3494	2764	2210
451	7939	6661	6342	5799	6961	5873	6167	5254	4197	3520	2796	2198
452	7981	6716	6268	5812	6872	5995	6275	5307	4181	3516	2730	2263
453	7962	6780	6317	5724	6866	5976	6206	5275	4279	3521	2790	2327
454	8094	6830	6233	5765	6973	6058	6226	5350	4173	3469	2757	2243
455	7969	6760	6320	5707	6908	5838	6151	5287	4233	3491	2740	2207
456	8035	6751	6307	5698	6886	5895	6064	5282	4167	3469	2777	2230
457	7932	6787	6415	5797	6873	6048	6208	5368	4242	3499	2787	2245
458	8109	6721	6313	5794	6924	5958	6269	5225	4247	3513	2701	2274
459	8061	6854	6357	5820	6873	6048	6287	5355	4222	3513	2776	2264
460	8112	6835	6341	5793	6948	5939	6225	5310	4282	3501	2747	2244
461	8055	6783	6263	5858	6889	6024	6272	5389	4203	3525	2746	2236
462	8070	6768	6292	5794	6952	6097	6293	5314	4216	3480	2769	2274
463	8100	6742	6388	5764	7100	6043	6351	5322	4169	3425	2778	2226
464	8147	6756	6395	5853	7071	5958	6151	5273	4246	3452	2754	2273
465	8045	6778	6306	5877	6972	6126	6316	5282	4148	3443	2793	2244
466	8116	6853	6389	5926	7039	6020	6273	5333	4275	3495	2794	2239
467	8114	6833	6376	5926	7014	5983	6253	5339	4269	3488	2820	2277
468	8054	6826	6354	5835	7052	6121	6265	5399	4231	3460	2774	2248
469	8102	6801	6330	5889	6940	6072	6394	5443	4165	3488	2734	2265
470	8052	6747	6343	5934	6930	5983	6359	5363	4241	3461	2770	2201
471	8256	6802	6362	5962	6931	5841	6293	5354	4284	3532	2767	2219
472	8122	6864	6417	5797	7060	5948	6306	5377	4236	3487	2766	2209
473	8110	6823	6386	5796	7030	6155	6393	5397	4180	3527	2718	2263
474	8076	6783	6380	5856	6989	6082	6356	5425	4180	3504	2798	2268
475	8021	6830	6418	5924	6958	6066	6291	5353	4216	3556	2712	2224
476	8074	6874	6490	6040	7112	5947	6451	5362	4190	3536	2741	2189
477	8034	6819	6369	5936	7012	6240	6446	5392	4231	3463	2774	2237
478	8181	6878	6370	5917	7032	5914	6197	5398	4170	3504	2761	2237
479	8056	6833	6415	5928	6961	6106	6370	5400	4211	3442	2756	2254
480	8138	6945	6414	5812	7066	6070	6361	5422	4178	3498	2734	2240
481	8118	6939	6375	5869	6989	6131	6398	5357	4217	3466	2776	2255
482	8165	6839	6529	5890	7082	6003	6306	5345	4228	3460	2759	2244
483	8160	6937	6441	5834	6950	6024	6304	5285	4201	3505	2743	2268
484	8174	6944	6456	5851	6941	5988	6317	5445	4226	3572	2768	2187
485	8195	6910	6439	5851	7101	5968	6343	5406	4181	3500	2780	2281
486	8206	6922	6358	5851	7033	6188	6515	5455	4133	3493	2779	2238
487	8203	6903	6390	5898	7053	6240	6534	5457	4234	3523	2768	2266
488	8164	6826	6450	5898	7187	6196	6458	5442	4251	3472	2735	2270
489	8198	6866	6429	5867	7080	6043	6320	5412	4172	3470	2774	2273
490	8174	6917	6509	5919	7060	5982	6334	5389	4252	3487	2766	2223
491	8166	6966	6379	5888	7150	6105	6406	5359	4190	3527	2787	2227
492	8228	6964	6435	5874	7067	6288	6435	5380	4249	3512	2769	2275
493	8216	6893	6417	5846	7080	6162	6426	5378	4205	3499	2744	2252
494	8105	7011	6424	5967	7116	6260	6412	5464	4261	3462	2807	2227
495	8217	6968	6421	5920	6960	6241	6353	5390	4312	3472	2773	2233
496	8197	6964	6439	5903	7084	6088	6285	5313	4279	3534	2776	2258
497	8149	6944	6360	5892	7016	6228	6556	5457	4244	3468	2771	2255
498	8213	6962	6410	5973	7200	5999	6410	5341	4196	3538	2802	2281
499	8245	6988	6435	5927	7077	6175	6468	5384	4221	3518	2749	2239
500	8213	7048	6511	5987	7181	6228	6519	5414	4216	3443	2807	2264
501	8256	7002	6456	5931	7161	6177	6290	5395	4247	3512	2740	2289
502	8179	6976	6479	6041	7215	6221	6543	5426	4198	3513	2772	2262
503	8255	6933	6496	5977	7247	6213	6446	5350	4225	3489	2760	2254
504	8193	6865	6505	5993	7258	6305	6529	5417	4229	3479	2791	2282
505	8274	6871	6489	6004	7092	6256	6491	5398	4234	3447	2696	2246
506	8275	6980	6486	5999	7234	6180	6478	5490	4213	3483	2778	2199
507	8336	7060	6537	5952	7245	6209	6484	5443	4265	3506	2754	2289
508	8290	6933	6552	6071	7127	6354	6480	5502	4193	3496	2773	2282
509	8219	6957	6501	5972	7147	6332	6632	5363	4229	3506	2734	2228
510	8274	6985	6453	5955	7205	6125	6405	5390	4228	3540	2834	2263
511	8262	6877	6431	5916	6950	6219	6633	5604	4283	3522	2758	2260
512	8259	6973	6464	6010	7039	6206	6491	5502	4237	3543	2770	2211
513	8257	6978	6414	5980	7000	6231	6589	5573	4212	3461	2805	2254
514	8293	6961	6489	6095	7062	6198	6378	5432	4185	3463	2745	2265
515	8264	6977	6588	5976	7204	5971	6386	5359	4170	3532	2758	2232
516	8250	6907	6634	6018	7202	6197	6276	5461	4191	3491	2791	2243
517	8269	7028	6558	6125	7135	6173	6421	5448	4236	3493	2819	2267
518	8261	7050	6597	5934	7074	6237	6407	5508	4272	3524	2768	2261
519	8221	6962	6506	6067	7089	6317	6573	5498	4266	3532	2767	2261
520	8194	6996	6556	5969	7052	6206	6469	5448	4248	3464	2756	2233
521	8237	6935	6559	6154	6993	6080	6406	5542	4193	3487	2806	2278
522	8314	6957	6622	5936	7110	6183	6435	5472	4177	3500	2737	2276
523	8312	7096	6561	6010	7081	6293	6429	5535	4215	3509	2783	2241
524	8388	7051	6553	5911	7152	6302	6427	5505	4181	3503	2786	2276
525	8256	6989	6456	6096	7066	6354	6537	5457	4237	3441	2723	2283
526	8290	6999	6624	5995	7043	6242	6478	5529	4181	3480	2763	2269
527	8318	7061	6645	5992	7034	6214	6594	5434	4281	3507	2775	2222
528	8362	7036	6709	6055	7070	6308	6526	5452	4164	3493	2782	2236
529	8326	7005	6582	6082	7240	6253	6476	5517	4195	3515	2782	2230
530	8341	6996	6619	5923	7060	6267	6626	5500	4186	3511	2772	2262
531	8299	6960	6604	5939	7125	6193	6470	5378	4246	3509	2741	2259
532	8282	7017	6679	6030	7042	6149	6432	5447	4219	3518	2733	2233
533	8287	7056	6600	6017	7171	6147	6413	5640	4165	3466	2714	2246
534	8335	7085	6653	5966	7241	6209	6444	5518	4261	3483	2790	2229
535	8431	7159	6735	6219	7344	6465	6607	5624	4329	3642	2783	2311
536	8412	7051	6609	6016	7137	6173	6420	5487	4231	3587	2752	2268
537	8318	7040	6651	6090	7217	6187	6398	5546	4210	3480	2734	2194
538	8369	7057	6653	5961	7189	6278	6555	5592	4211	3531	2764	2189
539	8221	7074	6667	6020	7069	6317	6650	5440	4144	3593	2840	2209
540	8449	7029	6665	6128	7239	6254	6544	5498	4230	3450	2764	2250
541	8347	7139	6674	6141	7165	6236	6503	5539	4246	3617	2785	2254
542	8358	6996	6620	6145	6968	6409	6641	5668	4271	3458	2745	2275
543	8298	7073	6599	6031	7103	6252	6617	5481	4173	3496	2720	2246
544	8367	7101	6709	6092	7172	6327	6432	5472	4161	3535	2741	2290
545	8331	7068	6671	6079	7131	6343	6592	5552	4265	3483	2769	2288
546	8360	6996	6556	6085	6959	6371	6762	5515	4193	3508	2738	2215
547	8319	7070	6531	6075	6953	6433	6680	5515	4268	3478	2761	2255
548	8353	7024	6784	5983	6980	6376	6524	5513	4216	3509	2727	2189
549	8336	7013	6701	6114	7095	6164	6450	5370	4187	3493	2788	2275
550	8445	7098	6668	6076	7092	6306	6519	5549	4235	3545	2746	2233
551	8448	7061	6569	6043	7040	6155	6364	5558	4227	3540	2743	2279
552	8463	7204	6726	6071	7165	6350	6542	5555	4301	3536	2800	2294
553	8450	6999	6804	6049	7134	6317	6475	5625	4256	3535	2783	2273
554	8417	7071	6710	6048	7096	6231	6500	5542	4260	3539	2817	2262
555	8460	7108	6823	6068	7071	6299	6651	5462	4225	3493	2770	2266
556	8474	7067	6723	6080	7057	6452	6664	5602	4240	3490	2777	2248
557	8383	7234	6731	6060	7068	6434	6502	5548	4261	3520	2775	2240
558	8423	7196	6762	6026	7088	6321	6518	5470	4245	3512	2777	2284
559	8405	7126	6720	6097	7130	6273	6458	5512	4196	3546	2785	2260
560	8442	7141	6786	6128	7155	6434	6716	5592	4211	3583	2748	2270
561	8489	7166	6724	6094	7128	6504	6669	5577	4282	3544	2779	2246
562	8559	7085	6789	6127	7182	6412	6647	5590	4220	3531	2789	2267
563	8445	7091	6823	6052	7158	6381	6613	5579	4304	3516	2759	2282
564	8432	7133	6726	6094	7054	6419	6821	5657	4239	3500	2804	2240
565	8421	7060	6843	6079	7198	6407	6636	5616	4275	3504	2805	2241
566	8498	7082	6616	6090	7101	6425	6693	5557	4205	3520	2781	2271
567	8448	7238	6744	6135	7267	6462	6733	5611	4237	3530	2766	2241
568	8489	7151	6751	6128	7187	6460	6623	5576	4262	3591	2792	2229
569	8464	7116	6821	6033	7192	6519	6646	5571	4243	3456	2792	2242
570	8608	7236	6891	6228	7337	6604	6809	5662	4314	3590	2837	2310
571	8489	7086	6772	6204	7243	6483	6515	5552	4135	3500	2824	2215
572	8422	7180	6753	6151	7226	6357	6680	5612	4242	3547	2787	2307
573	8501	7075	6836	6062	7193	6658	6661	5654	4205	3511	2785	2224
574	8541	7071	6768	6083	7141	6565	6700	5627	4239	3553	2778	2305
575	8499	7116	6690	6177	7166	6519	6771	5547	4171	3631	2790	2262
576	8560	7098	6722	6189	7231	6415	6723	5547	4203	3496	2744	2252
577	8515	7127	6801	6195	7189	6281	6601	5575	4277	3518	2733	2293
578	8457	7157	6749	6201	7380	6235	6463	5536	4246	3527	2813	2256
579	8468	7094	6788	6124	7180	6424	6556	5515	4283	3568	2765	2299
580	8613	7103	6761	6130	7144	6426	6574	5546	4191	3515	2776	2248
581	8570	7191	6740	6178	7162	6366	6493	5547	4256	3541	2765	2261
582	8454	7207	6771	6187	7242	6352	6617	5561	4221	3563	2759	2287
583	8587	7194	6848	6099	7262	6453	6640	5632	4353	3615	2753	2269
584	8425	7155	6822	6231	7267	6497	6708	5547	4256	3508	2749	2196
585	8540	7148	6819	6239	7319	6414	6678	5590	4238	3524	2773	2279
586	8602	7070	6746	6176	7233	6408	6615	5628	4253	3501	2749	2219
587	8521	7160	6794	6057	7242	6374	6565	5560	4288	3517	2770	2301
588	8530	7128	6802	6223	7148	6346	6663	5575	4272	3482	2850	2246
589	8556	7118	6784	6171	7216	6396	6678	5624	4222	3550	2806	2281
590	8661	7124	6858	6188	7289	6511	6670	5671	4259	3514	2819	2300
591	8490	7122	6868	6142	7310	6475	6611	5600	4302	3452	2738	2260
592	8559	7185	6867	6161	7347	6438	6558	5547	4222	3522	2712	2269
593	8533	7051	6759	6217	7328	6436	6593	5576	4240	3544	2752	2276
594	8517	7187	6778	6236	7410	6362	6623	5647	4279	3585	2799	2278
595	8559	7140	6843	6188	7375	6385	6583	5589	4217	3565	2776	2303
596	8529	7122	6816	6198	7321	6506	6725	5591	4210	3554	2821	2277
597	8634	7164	6716	6228	7255	6565	6703	5578	4264	3535	2763	2262
598	8581	7165	6815	6259	7184	6377	6600	5648	4237	3545	2774	2251
599	8650	7152	6823	6180	7160	6347	6623	5504	4306	3495	2792	2278
600	8686	7101	6794	6226	7309	6490	6624	5562	4289	3520	2812	2251
601	8673	7176	6795	6262	7288	6690	6975	5754	4224	3529	2751	2263
602	8641	7158	6829	6225	7355	6582	6815	5582	4272	3589	2786	2250
603	8551	7196	6779	6219	7316	6397	6733	5599	4260	3538	2760	2304
604	8517	7127	6780	6271	7243	6644	6767	5620	4307	3503	2772	2274
605	8607	7147	6716	6246	7230	6553	6868	5590	4274	3577	2807	2279
606	8644	7137	6855	6191	7224	6609	6832	5573	4200	3549	2753	2265
607	8594	7163	6837	6328	7229	6615	6677	5556	4226	3549	2773	2259
608	8646	7235	6890	6259	7237	6499	6862	5543	4262	3530	2749	2276
609	8614	7179	6822	6358	7286	6465	6798	5569	4217	3519	2813	2235
610	8615	7189	6874	6372	7403	6596	6869	5646	4238	3527	2798	2202
611	8615	7219	6809	6220	7324	6485	6733	5573	4239	3528	2751	2208
612	8668	7268	6766	6307	7380	6644	6798	5600	4268	3523	2757	2228
613	8620	7188	6842	6363	7312	6665	6742	5685	4222	3534	2817	2220
614	8576	7190	6864	6347	7276	6587	6774	5607	4253	3498	2766	2294
615	8630	7181	6907	6297	7204	6410	6554	5576	4259	3512	2744	2302
616	8584	7186	6854	6266	7187	6472	6533	5603	4262	3533	2780	2256
617	8651	7271	6872	6304	7370	6477	6558	5657	4275	3459	2815	2269
618	8656	7267	6765	6280	7305	6498	6724	5590	4282	3536	2847	2296
619	8627	7227	6818	6270	7403	6579	6726	5493	4325	3534	2767	2260
620	8686	7158	6706	6291	7268	6556	6706	5564	4179	3552	2754	2278
621	8677	7258	6788	6292	7350	6695	6917	5590	4238	3520	2806	2289
622	8594	7248	6841	6355	7256	6656	6847	5598	4297	3465	2799	2259
623	8764	7452	6872	6465	7273	6703	6873	5697	4331	3574	2816	2301
624	8542	7221	6771	6330	7295	6456	6781	5650	4264	3565	2847	2288
625	8867	7460	6967	6510	7440	6591	6880	5797	4433	3605	2854	2272
626	8719	7182	6838	6442	7322	6532	6692	5593	4283	3524	2746	2280
627	8768	7282	6839	6405	7258	6550	6748	5498	4289	3545	2781	2315
628	8708	7270	6884	6363	7237	6520	6749	5559	4214	3516	2752	2222
629	8610	7249	6805	6369	7401	6535	6835	5615	4261	3557	2811	2300
630	8796	7260	6900	6374	7247	6681	6801	5594	4279	3528	2791	2305
631	8720	7248	6755	6323	7234	6469	6740	5597	4231	3530	2784	2257
632	8770	7358	7052	6466	7348	6626	6696	5740	4317	3568	2819	2321
633	8718	7345	6875	6463	7261	6589	6722	5659	4264	3522	2780	2312
634	8601	7197	6878	6344	7401	6656	6724	5636	4357	3567	2804	2251
635	8672	7263	6884	6324	7486	6685	6808	5547	4328	3538	2778	2289
636	8821	7387	6975	6497	7506	6788	6956	5699	4347	3637	2789	2286
637	8632	7269	6980	6434	7356	6626	6764	5688	4288	3557	2778	2258
638	8616	7251	6831	6511	7407	6746	6840	5690	4222	3546	2755	2252
639	8659	7344	6835	6451	7284	6807	6989	5638	4310	3523	2766	2251
640	8628	7305	6849	6428	7413	6577	6838	5566	4284	3521	2800	2225
641	8693	7322	6890	6413	7238	6419	6795	5589	4299	3541	2776	2272
642	8768	7243	6886	6435	7267	6632	6763	5601	4288	3551	2837	2271
643	8935	7460	6981	6520	7263	6742	6945	5799	4350	3633	2867	2285
644	8811	7296	6927	6400	7139	6765	6800	5630	4273	3534	2794	2290
645	8700	7244	6935	6503	7366	6612	6717	5635	4270	3515	2779	2239
646	8773	7305	6884	6498	7128	6755	6768	5657	4313	3599	2792	2245
647	8701	7348	6965	6561	7192	6638	6809	5662	4248	3526	2770	2228
648	8782	7195	6850	6466	7308	6739	6826	5609	4294	3546	2778	2250
649	8686	7259	6956	6462	7364	6726	6920	5620	4256	3643	2776	2287
650	8828	7354	6968	6484	7289	6773	6974	5657	4263	3544	2777	2219
651	8750	7310	6928	6431	7488	6741	6892	5580	4310	3597	2759	2322
652	8711	7242	7079	6493	7292	6672	6894	5647	4379	3583	2745	2271
653	8764	7314	6936	6475	7284	6719	6841	5598	4248	3555	2787	2306
654	8867	7252	6937	6524	7349	6712	6904	5601	4314	3562	2741	2277
655	9008	7482	7083	6614	7418	6751	7057	5793	4460	3622	2815	2332
656	8746	7202	6946	6503	7385	6739	6902	5605	4275	3491	2811	2243
657	8774	7288	6974	6506	7453	6769	6922	5677	4225	3465	2733	2271
658	8712	7387	6945	6519	7390	6736	6977	5775	4297	3497	2801	2200
659	8687	7382	6986	6541	7331	6805	6992	5887	4305	3522	2759	2258
660	8966	7433	7023	6554	7516	6818	7115	5873	4447	3545	2825	2271
661	8774	7335	6999	6547	7399	6643	6920	5663	4302	3548	2827	2300
662	8783	7309	6991	6544	7343	6737	6866	5540	4205	3522	2785	2286
663	8722	7303	7019	6567	7435	6741	6912	5731	4297	3478	2722	2259
664	8823	7194	7007	6581	7458	6788	6882	5690	4230	3433	2733	2298
665	8819	7362	7129	6532	7403	6826	7021	5726	4277	3527	2774	2274
666	8795	7345	6988	6557	7526	6684	6857	5683	4251	3542	2754	2287
667	8816	7345	6922	6494	7523	6709	6814	5729	4316	3559	2781	2317
668	8885	7304	7060	6541	7455	6753	6758	5654	4211	3527	2774	2287
669	8803	7386	7017	6493	7463	6758	6861	5684	4216	3557	2826	2257
670	8859	7416	7037	6464	7500	6651	6742	5594	4255	3511	2737	2243
671	8832	7278	7069	6504	7328	6633	6684	5690	4247	3498	2826	2262
672	8781	7357	7027	6550	7456	6744	6784	5703	4235	3539	2746	2297
673	8781	7318	7099	6577	7433	6803	6882	5693	4282	3563	2817	2313
674	8752	7428	7033	6586	7426	6783	6833	5620	4270	3491	2795	2295
675	8934	7556	7287	6796	7656	6711	6864	5765	4332	3653	2846	2322
676	8850	7461	7088	6568	7368	6701	6827	5670	4292	3556	2752	2267
677	8839	7402	7098	6543	7539	6760	6725	5715	4300	3546	2831	2262
678	8780	7402	7099	6620	7464	6771	6805	5696	4275	3550	2787	2308
679	8849	7421	7153	6587	7402	6679	6857	5626	4260	3507	2762	2266
680	8842	7393	7167	6621	7525	6732	6819	5563	4195	3566	2788	2314
681	8791	7372	7039	6559	7400	6732	6837	5593	4298	3539	2767	2228
682	8941	7582	7270	6702	7646	6879	6950	5770	4409	3614	2819	2304
683	8970	7392	7149	6641	7471	6749	6806	5492	4237	3540	2835	2302
684	8827	7378	7072	6641	7450	6800	6810	5774	4272	3526	2799	2271
685	8819	7413	7262	6618	7573	6669	6903	5620	4299	3567	2747	2292
686	9000	7632	7157	6855	7711	6778	6961	5742	4428	3559	2793	2285
687	8842	7439	7209	6602	7466	6640	6736	5667	4318	3543	2773	2284
688	8925	7411	7138	6664	7456	6686	6752	5703	4291	3552	2776	2247
689	8816	7416	7154	6659	7479	6903	6936	5698	4254	3588	2775	2301
690	8870	7437	7084	6713	7466	6836	6830	5625	4271	3580	2781	2349
691	8803	7485	7190	6699	7537	6702	6810	5650	4343	3551	2762	2260
692	8886	7419	7186	6711	7509	6804	6884	5655	4227	3621	2787	2335
693	8917	7512	7189	6636	7480	6894	6994	5735	4251	3495	2762	2290
694	8884	7511	7174	6684	7520	6902	6986	5592	4219	3477	2746	2224
695	9002	7328	7265	6708	7483	6851	7061	5810	4263	3501	2828	2309
696	8836	7459	7150	6653	7566	6807	6962	5646	4300	3589	2794	2296
697	8833	7441	7242	6711	7478	6874	7093	5845	4239	3474	2849	2294
698	8838	7420	7215	6681	7563	6817	6948	5606	4240	3532	2757	2270
699	8829	7354	7173	6612	7534	6767	7003	5747	4292	3524	2807	2275
700	8934	7412	7170	6719	7454	6876	6960	5685	4269	3538	2762	2235
701	8906	7429	7112	6728	7493	6687	6696	5721	4265	3552	2772	2305
702	8938	7365	7144	6785	7574	6736	6863	5675	4223	3544	2788	2293
703	8873	7448	7236	6774	7544	6892	6919	5739	4255	3463	2782	2320
704	8936	7476	7062	6818	7707	6748	6913	5651	4301	3553	2787	2279
705	8915	7415	7201	6732	7575	6861	6870	5639	4233	3557	2780	2299
706	9048	7493	7202	6704	7456	6802	6955	5664	4248	3485	2771	2324
707	8961	7407	7181	6713	7583	6720	6953	5690	4244	3534	2806	2294
708	9064	7396	7191	6770	7568	6949	6943	5687	4248	3592	2761	2273
709	8949	7510	7305	6802	7555	6924	6917	5660	4227	3526	2785	2252
710	8892	7408	7265	6723	7560	6773	6839	5613	4353	3532	2808	2328
711	8989	7441	7046	6765	7733	6796	6866	5717	4217	3494	2787	2261
712	8945	7525	7150	6722	7657	6762	6983	5751	4265	3512	2726	2288
713	9131	7465	7147	6754	7551	6677	6783	5641	4197	3503	2769	2299
714	8945	7450	7114	6786	7695	6839	6967	5713	4308	3593	2797	2286
715	8969	7437	7179	6837	7531	6815	7015	5707	4256	3522	2774	2259
716	8845	7330	7214	6784	7618	7062	6884	5813	4276	3616	2787	2271
717	9015	7413	7237	6825	7657	6822	6927	5628	4252	3480	2771	2275
718	8985	7485	7118	6808	7751	6841	6919	5768	4293	3534	2830	2269
719	9044	7489	7129	6838	7765	6820	6940	5638	4269	3535	2811	2285
720	8972	7439	7151	6828	7740	6870	7026	5744	4220	3540	2779	2290
721	9008	7434	7204	6710	7725	6864	7042	5740	4252	3501	2782	2253
722	8993	7407	7118	6784	7531	6933	6994	5724	4227	3582	2769	2296
723	9118	7386	7107	6810	7657	6905	6990	5667	4248	3483	2750	2312
724	9006	7551	7141	6861	7605	6951	6788	5692	4340	3489	2831	2272
725	8995	7489	7136	6794	7580	6919	6919	5750	4235	3560	2741	2285
726	9104	7440	7138	6884	7723	6835	6877	5682	4264	3564	2850	2253
727	9045	7397	7209	6722	7801	6997	7028	5675	4290	3561	2768	2294
728	9083	7530	7162	6785	7616	6856	6917	5650	4284	3584	2761	2274
729	8975	7562	7170	6778	7704	6982	7022	5721	4284	3565	2790	2258
730	9065	7435	7114	6814	7669	6966	7045	5759	4298	3508	2797	2262
731	8937	7549	7198	6835	7576	6931	6941	5634	4305	3497	2796	2259
732	9191	7717	7295	6950	7782	7155	7124	5835	4388	3605	2776	2355
733	9145	7495	7089	6794	7700	6757	7000	5709	4260	3563	2818	2266
734	9192	7689	7219	6933	7962	7031	7131	5744	4352	3584	2793	2316
735	9069	7480	7205	6909	7602	6889	6988	5704	4342	3609	2816	2266
736	9079	7537	7087	6766	7646	6834	6904	5640	4276	3450	2725	2325
737	9102	7558	7166	6834	7584	6923	6901	5625	4302	3537	2815	2313
738	9023	7387	7070	6789	7668	7011	6983	5693	4263	3508	2761	2252
739	9016	7432	7121	6885	7708	6938	7005	5653	4321	3514	2751	2244
740	9036	7547	7316	6828	7561	6858	7016	5627	4244	3516	2749	2297
741	9058	7535	7144	6896	7709	6902	6905	5665	4229	3472	2824	2254
742	9130	7546	7214	6869	7614	6924	6910	5629	4299	3510	2838	2239
743	9041	7530	7225	6893	7802	7039	6953	5704	4320	3555	2773	2288
744	8959	7604	7189	6814	7748	6952	7105	5693	4298	3587	2733	2268
745	9080	7526	7180	6841	7668	6950	7112	5695	4335	3544	2807	2255
746	9068	7574	7276	6795	7713	6948	6974	5572	4213	3491	2761	2307
747	9148	7495	7274	6889	7837	6880	7101	5699	4322	3489	2769	2288
748	9106	7577	7139	6873	7781	7046	7068	5700	4296	3468	2766	2277
749	9094	7508	7204	6920	7676	7064	7083	5608	4240	3552	2748	2268
750	9123	7514	7336	6944	7706	6974	6882	5781	4329	3499	2780	2274
751	9087	7555	7281	6912	7824	6972	6829	5680	4286	3477	2752	2316
752	9144	7514	7200	6945	7763	6866	6870	5679	4300	3525	2784	2285
753	9090	7546	7295	6951	7787	6987	7029	5708	4273	3544	2752	2321
754	8978	7491	7339	6996	7733	6986	7226	5777	4268	3528	2809	2241
755	9066	7471	7244	6877	7692	7087	7193	5743	4300	3528	2785	2271
756	9132	7481	7305	6973	7787	7064	7117	5669	4265	3493	2764	2267
757	9077	7510	7342	6940	7720	7092	6998	5635	4210	3518	2739	2337
758	9180	7569	7321	6905	7754	7051	6973	5729	4282	3503	2762	2330
759	9056	7623	7276	6956	7693	7002	7088	5671	4159	3502	2758	2307
760	9147	7586	7265	6840	7827	6919	7068	5727	4292	3468	2757	2256
761	9125	7526	7339	6948	7768	7140	7143	5717	4215	3539	2772	2284
762	9238	7601	7275	6982	7740	6998	6892	5711	4279	3460	2747	2299
763	9102	7582	7293	6981	7842	7068	6980	5669	4309	3613	2781	2299
764	9159	7661	7349	7068	7749	7041	7096	5786	4303	3471	2803	2292
765	9111	7563	7288	6981	7796	6937	7084	5703	4300	3513	2752	2262
766	9179	7494	7391	7007	7890	7070	7116	5690	4263	3570	2736	2255
767	9178	7598	7292	6911	7706	7008	6921	5707	4246	3499	2778	2285
768	9064	7620	7311	6967	7750	7079	6964	5709	4279	3575	2777	2290
769	9071	7561	7373	7013	7728	6957	6952	5643	4312	3517	2781	2319
770	9156	7597	7398	6940	7768	6903	6963	5755	4227	3545	2769	2291
771	9282	7759	7567	7249	8090	7109	7189	5822	4358	3563	2826	2331
772	9113	7496	7442	7057	7888	7020	6874	5697	4261	3531	2800	2259
773	9191	7668	7414	7062	7854	7010	7164	5743	4294	3537	2814	2289
774	9357	7807	7603	7191	7941	7322	7367	5818	4378	3586	2808	2317
775	9124	7520	7414	6967	7711	7005	6994	5650	4248	3514	2799	2280
776	9365	7828	7544	7179	7949	7268	7094	5849	4391	3626	2760	2256
777	9176	7558	7523	7039	7740	7178	6990	5736	4252	3559	2770	2285
778	9175	7569	7466	7062	7866	6938	7027	5689	4323	3491	2780	2244
779	9322	7730	7492	7116	8031	7192	7167	5832	4330	3562	2825	2292
780	9150	7626	7333	6961	7810	7060	6939	5698	4253	3479	2772	2296
781	9146	7631	7471	7063	7779	6972	7017	5658	4309	3487	2792	2245
782	9158	7623	7393	6942	7867	7047	7035	5692	4357	3580	2790	2311
783	9135	7562	7443	7011	7792	7120	7109	5721	4271	3546	2806	2298
784	9152	7628	7426	7075	7675	7113	7081	5741	4273	3516	2725	2247
785	9248	7622	7364	7010	7740	7233	7028	5682	4295	3511	2752	2296
786	9188	7606	7448	7038	7801	7105	7155	5762	4323	3446	2788	2271
787	9204	7674	7528	7115	7751	7089	7142	5631	4312	3473	2752	2311
788	9251	7789	7609	7118	7912	7213	7254	5905	4273	3577	2816	2285
789	9359	7782	7529	7139	7926	7309	7230	5749	4394	3577	2734	2357
790	9192	7615	7363	7059	7813	7140	6977	5671	4253	3490	2775	2286
791	9253	7563	7479	7017	7847	7116	7022	5647	4204	3525	2759	2278
792	9176	7571	7410	7061	7979	7118	7069	5653	4199	3557	2762	2272
793	9234	7621	7496	7071	7891	7236	7136	5793	4201	3534	2794	2260
794	9149	7633	7468	7091	7767	7197	7047	5589	4290	3564	2783	2255
795	9193	7658	7482	6975	7719	7252	7112	5758	4265	3514	2756	2317
796	9224	7669	7513	7198	7707	7217	7051	5659	4286	3565	2768	2327
797	9137	7625	7524	7173	7936	7140	7121	5805	4227	3511	2747	2251
798	9426	7742	7597	7249	8052	7243	7120	5811	4283	3610	2818	2332
799	9368	7829	7596	7218	7925	7134	7078	5886	4297	3626	2839	2329
800	9231	7597	7417	7069	7836	7054	7063	5782	4246	3501	2734	2277
801	9226	7642	7383	7154	7794	7068	6933	5668	4197	3566	2764	2293
802	9215	7717	7447	7118	7981	7055	7031	5651	4283	3529	2793	2244
803	9213	7665	7463	7182	7821	7249	7081	5691	4234	3516	2763	2262
804	9306	7780	7541	7108	7812	7066	7174	5711	4340	3540	2824	2231
805	9205	7746	7448	7188	8073	7306	7153	5708	4357	3525	2811	2300
806	9413	7881	7707	7352	7966	7341	7238	5857	4314	3560	2844	2336
807	9237	7716	7500	7247	7812	7207	7155	5820	4287	3586	2767	2273
808	9218	7702	7394	7259	7847	7092	6868	5751	4311	3641	2819	2301
809	9250	7692	7499	7122	7976	7015	7007	5608	4285	3571	2814	2323
810	9422	7935	7587	7257	8005	7199	7147	5829	4435	3616	2787	2343
811	9370	7722	7566	7114	7868	7057	7045	5773	4308	3544	2774	2272
812	9333	7715	7474	7212	7907	7038	7073	5757	4312	3604	2779	2306
813	9176	7698	7531	7106	7922	7130	7026	5712	4278	3579	2772	2261
814	9288	7638	7458	7147	7911	7049	7102	5767	4281	3520	2798	2302
815	9162	7720	7440	7174	7909	7127	7151	5769	4310	3556	2749	2268
816	9228	7785	7478	7292	7892	7174	7134	5728	4290	3554	2799	2294
817	9253	7639	7557	7263	7926	7158	7156	5792	4293	3540	2766	2287
818	9299	7782	7500	7163	7908	7211	7136	5703	4329	3571	2779	2299
819	9177	7740	7563	7235	7818	7213	7383	5992	4330	3550	2778	2253
820	9231	7701	7559	7143	7939	7191	7029	5770	4304	3492	2804	2261
821	9305	7706	7430	7144	7916	7049	7153	5764	4316	3592	2798	2307
822	9211	7693	7473	7201	7906	7076	7049	5777	4208	3558	2790	2288
823	9252	7731	7536	7175	7913	7128	7085	5819	4342	3508	2787	2304
824	9271	7733	7498	7219	7800	7282	7117	5744	4300	3583	2782	2269
825	9217	7751	7516	7201	7919	7193	7085	5707	4266	3505	2797	2239
826	9418	7956	7668	7355	8066	7311	7123	5872	4390	3580	2823	2306
827	9303	7740	7461	7250	7925	7333	7165	5791	4289	3537	2720	2253
828	9204	7777	7509	7193	7975	7136	7105	5792	4344	3540	2763	2315
829	9338	7809	7457	7301	7923	7290	6962	5700	4306	3428	2799	2292
830	9363	7727	7518	7329	7865	7149	7119	5658	4254	3493	2771	2248
831	9323	7708	7572	7192	7979	7059	7110	5765	4309	3520	2726	2285
832	9287	7751	7566	7194	7934	7145	7172	5701	4301	3594	2777	2231
833	9370	7741	7486	7252	7850	7258	7145	5769	4302	3538	2787	2242
834	9338	7720	7524	7305	8012	7192	7076	5785	4307	3552	2800	2246
835	9229	7715	7517	7239	7985	7269	7125	5668	4273	3551	2794	2318
836	9398	7923	7657	7391	8189	7347	7195	5832	4420	3582	2853	2323
837	9364	7684	7652	7213	7942	7352	7199	5830	4270	3489	2814	2288
838	9291	7662	7501	7223	7945	7245	7023	5731	4316	3529	2783	2218
839	9319	7758	7628	7299	8053	7229	7067	5716	4258	3495	2807	2292
840	9352	7797	7455	7341	7921	7153	7085	5691	4262	3548	2760	2319
841	9510	7884	7736	7343	8130	7289	7253	5782	4314	3571	2816	2328
842	9365	7665	7488	7299	7937	7252	6957	5698	4360	3548	2790	2300
843	9407	7744	7544	7239	8001	7125	7002	5631	4293	3601	2781	2311
844	9413	7738	7465	7261	8010	7258	6945	5689	4291	3504	2762	2332
845	9263	7808	7531	7321	7917	7168	7060	5690	4278	3465	2830	2270
846	9463	7893	7627	7443	8139	7373	7191	5816	4347	3544	2828	2354
847	9379	7785	7517	7396	8053	7198	7015	5654	4261	3537	2791	2303
848	9567	7917	7719	7418	8065	7283	7171	5862	4349	3635	2857	2336
849	9451	7707	7535	7334	7992	7193	7104	5649	4302	3499	2755	2276
850	9338	7850	7445	7334	7980	7168	7074	5787	4247	3542	2765	2287
851	9586	7971	7783	7554	8108	7378	7143	5797	4416	3594	2828	2302
852	9370	7790	7525	7348	7976	7197	7075	5745	4335	3510	2818	2310
853	9308	7747	7509	7410	7955	7298	7091	5623	4310	3553	2790	2249
854	9302	7826	7431	7250	7975	7166	6951	5622	4287	3478	2763	2285
855	9528	7959	7626	7586	8122	7176	7172	5941	4302	3602	2757	2346
856	9445	7839	7539	7452	7945	7329	7240	5611	4260	3570	2717	2278
857	9330	7782	7578	7426	7973	7401	7130	5731	4253	3538	2803	2285
858	9340	7858	7624	7372	8032	7150	7056	5624	4320	3536	2774	2255
859	9364	7790	7658	7315	8020	7255	7194	5723	4253	3512	2777	2273
860	9390	7813	7594	7399	7993	7330	7088	5760	4327	3556	2785	2285
861	9435	7768	7628	7369	7995	7294	7093	5633	4281	3529	2735	2286
862	9373	7804	7522	7316	7971	7244	7239	5780	4218	3469	2844	2245
863	9391	7651	7558	7433	8010	7278	7219	5819	4321	3502	2800	2252
864	9290	7735	7595	7464	8059	7269	7006	5601	4303	3490	2762	2274
865	9406	7827	7688	7378	8133	7327	6996	5750	4279	3513	2793	2250
866	9494	8055	7649	7567	8193	7323	7175	5863	4396	3547	2796	2329
867	9372	7813	7519	7428	7957	7197	7191	5711	4304	3637	2797	2265
868	9324	7816	7671	7417	7928	7100	6996	5737	4288	3501	2697	2281
869	9559	7990	7698	7531	8090	7425	7441	5796	4338	3584	2824	2255
870	9462	7848	7570	7424	7942	7148	7274	5772	4257	3517	2798	2265
871	9453	7849	7641	7450	8020	7289	7226	5712	4281	3461	2777	2285
872	9412	7757	7585	7427	8140	7285	7138	5725	4255	3505	2792	2294
873	9515	7846	7575	7360	8063	7325	7104	5681	4275	3459	2755	2301
874	9440	7828	7532	7369	8012	7268	7055	5671	4238	3579	2788	2237
875	9397	7886	7564	7425	8135	7329	7062	5815	4267	3522	2791	2246
876	9427	7813	7506	7370	8162	7430	7251	5728	4276	3541	2815	2292
877	9504	7980	7728	7511	8156	7451	7206	5799	4379	3587	2824	2246
878	9540	7977	7690	7585	8264	7468	7229	5745	4386	3519	2860	2289
879	9371	7807	7566	7455	8097	7245	6987	5741	4239	3565	2740	2242
880	9488	7829	7598	7472	8061	7194	6985	5757	4297	3571	2799	2237
881	9564	7959	7692	7672	8188	7377	7277	5816	4360	3527	2800	2292
882	9503	7762	7461	7453	8029	7236	7151	5801	4260	3454	2737	2280
883	9478	7847	7613	7476	8038	7283	7177	5686	4278	3465	2755	2288
884	9406	7823	7547	7364	8112	7389	7236	5702	4224	3489	2768	2261
885	9553	7964	7765	7494	8209	7474	7260	5902	4320	3570	2784	2301
886	9579	7904	7611	7413	8113	7340	7142	5632	4265	3544	2802	2285
887	9529	7976	7688	7593	8354	7387	7428	5820	4444	3532	2849	2292
888	9639	8032	7765	7670	8349	7415	7203	5895	4428	3639	2784	2355
889	9598	8084	7748	7653	8220	7363	7200	5872	4410	3608	2783	2239
890	9666	8016	7716	7615	8296	7433	7260	5860	4309	3593	2870	2308
891	9560	7905	7690	7539	8074	7397	7183	5711	4175	3493	2821	2297
892	9456	7872	7613	7459	8041	7338	7123	5708	4259	3572	2819	2272
893	9494	7881	7666	7386	8208	7373	7182	5665	4279	3499	2768	2253
894	9652	8064	7762	7622	8320	7493	7315	5823	4350	3571	2814	2253
895	9421	7821	7628	7556	8144	7279	7100	5795	4375	3541	2778	2237
896	9395	7772	7628	7583	8139	7231	7129	5669	4345	3517	2838	2274
897	9488	7849	7618	7488	8076	7359	7085	5751	4300	3535	2777	2296
898	9404	7822	7590	7471	8109	7341	7140	5713	4319	3550	2818	2247
899	9547	7874	7668	7550	8148	7360	7243	5738	4206	3507	2762	2232
900	9422	7815	7649	7510	8094	7265	7027	5699	4292	3512	2773	2273
901	9485	7959	7658	7456	8246	7370	7141	5725	4306	3501	2776	2306
902	9724	8047	7802	7644	8354	7362	7247	5819	4400	3607	2851	2327
903	9603	7992	7821	7670	8334	7347	7075	5782	4398	3558	2872	2290
904	9627	7788	7607	7593	8102	7301	7152	5678	4258	3586	2806	2292
905	9505	7971	7715	7617	8228	7303	7166	5729	4262	3545	2815	2266
906	9674	8070	7694	7696	8341	7482	7102	5896	4383	3542	2834	2365
907	9572	7877	7615	7657	8090	7318	7035	5676	4296	3509	2799	2264
908	9648	7937	7647	7631	8250	7372	7142	5854	4256	3514	2795	2282
909	9459	7958	7784	7594	8141	7345	7012	5809	4327	3498	2815	2280
910	9528	7857	7602	7739	8151	7291	7147	5944	4324	3592	2795	2308
911	9698	8049	7834	7763	8328	7526	7274	5828	4409	3539	2806	2318
912	9419	7733	7612	7510	8164	7373	7034	5787	4288	3512	2803	2290
913	9675	8115	7801	7659	8331	7361	7201	5705	4376	3584	2837	2279
914	9493	7839	7673	7631	8185	7228	6949	5729	4299	3543	2775	2270
915	9632	7987	7721	7585	8197	7292	7129	5706	4309	3469	2756	2265
916	9692	8098	7846	7740	8299	7447	7233	5982	4395	3564	2853	2290
917	9521	7920	7652	7582	8241	7384	7119	5749	4291	3513	2820	2277
918	9681	8088	7943	7771	8347	7458	7189	5795	4400	3586	2878	2307
919	9748	8063	7754	7885	8365	7542	7311	5962	4350	3510	2826	2279
920	9703	8075	7746	7827	8478	7448	7175	5823	4391	3622	2785	2330
921	9585	7859	7628	7542	8147	7362	7075	5700	4361	3523	2736	2295
922	9542	7859	7780	7636	8227	7350	7153	5737	4204	3575	2870	2311
923	9704	7938	7646	7618	8253	7395	7188	5668	4258	3546	2784	2229
924	9513	7878	7751	7586	8246	7422	7135	5731	4263	3506	2774	2315
925	9784	8053	7798	7693	8343	7396	7232	5851	4346	3570	2799	2338
926	9645	7910	7664	7655	8114	7301	7108	5708	4312	3499	2742	2265
927	9643	7874	7622	7662	8174	7332	7106	5835	4255	3575	2788	2264
928	9738	8089	7827	7798	8406	7363	7405	5981	4464	3549	2851	2356
929	9655	7852	7755	7609	8279	7245	7154	5766	4340	3508	2729	2248
930	9599	7880	7749	7574	8264	7321	7196	5712	4288	3482	2822	2262
931	9598	7916	7812	7724	8198	7224	7097	5751	4248	3534	2854	2241
932	9570	7873	7746	7720	8272	7299	7118	5813	4332	3552	2783	2260
933	9562	7908	7753	7732	8231	7316	7270	5744	4320	3524	2798	2267
934	9666	7968	7680	7677	8223	7245	7231	5774	4286	3555	2773	2295
935	9740	8120	7967	7859	8480	7456	7308	5881	4330	3596	2823	2303
936	9574	7920	7787	7696	8230	7436	7302	5688	4308	3560	2768	2256
937	9665	7885	7796	7718	8228	7394	7217	5770	4237	3566	2773	2256
938	9578	7871	7793	7657	8115	7383	7222	5720	4257	3522	2756	2240
939	9629	7858	7770	7663	8250	7378	7254	5734	4337	3546	2822	2234
940	9595	7970	7824	7764	8254	7336	7202	5766	4295	3492	2800	2229
941	9647	7950	7859	7754	8256	7354	7289	5809	4233	3536	2799	2273
942	9694	7875	7799	7738	8314	7499	7288	5705	4272	3574	2831	2244
943	9578	7907	7804	7713	8256	7264	7158	5773	4299	3530	2807	2262
944	9503	7877	7734	7714	8296	7385	7249	5764	4280	3542	2768	2267
945	9609	7971	7812	7720	8299	7304	7134	5644	4289	3583	2753	2270
946	9660	7901	7870	7649	8256	7392	6891	5750	4291	3538	2827	2239
947	9672	7925	7807	7848	8119	7374	7156	5714	4272	3486	2785	2253
948	9766	8062	7933	7825	8469	7507	7181	5898	4366	3601	2894	2322
949	9824	8113	8013	7845	8484	7422	7193	5862	4353	3521	2775	2296
950	9516	7988	7764	7889	8290	7362	7061	5681	4306	3549	2820	2226
951	9636	7958	7807	7871	8305	7402	7048	5733	4244	3541	2836	2237
952	9855	8113	7850	7984	8387	7459	7375	5837	4354	3585	2811	2327
953	9821	8083	7983	7857	8385	7476	7429	6036	4313	3603	2885	2292
954	9655	7853	7824	7798	8238	7318	7088	5709	4270	3525	2749	2287
955	9566	8007	7706	7776	8268	7431	7160	5646	4227	3481	2829	2290
956	9703	8113	7909	7793	8419	7496	7199	5806	4395	3620	2922	2291
957	9678	8278	7958	7904	8400	7506	7269	5791	4335	3591	2848	2298
958	9614	7918	7778	7729	8249	7380	7157	5744	4313	3564	2795	2271
959	9809	8062	7932	7855	8361	7477	7072	5770	4371	3599	2807	2312
960	9804	8040	8006	7897	8312	7495	7244	5856	4453	3640	2897	2255
961	9608	7916	7865	7906	8363	7439	7279	5792	4362	3531	2851	2289
962	9795	8041	7979	7930	8469	7512	7309	5864	4395	3655	2784	2304
963	9694	8033	7854	7800	8245	7440	7219	5766	4307	3598	2794	2290
964	9615	7868	7873	7893	8368	7438	7331	5788	4233	3584	2806	2274
965	9596	7902	7818	7830	8311	7385	7227	5712	4369	3533	2752	2326
966	9637	8041	7963	7757	8342	7376	7320	5748	4312	3555	2834	2293
967	9645	7989	7928	7861	8281	7325	7360	5671	4305	3541	2807	2274
968	9613	7914	7816	7794	8324	7443	7354	5777	4348	3502	2845	2311
969	9646	7911	7845	7817	8260	7391	7210	5745	4401	3605	2786	2310
970	9612	7892	7995	7831	8321	7398	7249	5787	4342	3557	2847	2306
971	9578	7882	7868	7835	8210	7475	7294	5720	4329	3544	2855	2276
972	9821	8133	8055	7883	8445	7570	7390	5784	4357	3629	2903	2292
973	9625	7957	7956	7834	8355	7370	7213	5730	4357	3516	2850	2238
974	9648	7946	7902	7876	8324	7528	7218	5677	4360	3604	2824	2281
975	9781	8086	7872	7792	8328	7366	7320	5890	4315	3595	2773	2285
976	9720	7912	7862	7907	8358	7378	7360	5840	4310	3494	2780	2298
977	9721	7982	7908	7845	8345	7386	7296	5864	4317	3587	2878	2297
978	9613	7917	7946	7804	8395	7522	7299	5836	4250	3511	2727	2315
979	9632	8017	7816	7896	8248	7353	7194	5846	4336	3545	2822	2253
980	9670	7939	7882	7937	8259	7552	7361	5897	4256	3540	2812	2253
981	9784	8050	7934	7870	8317	7471	7285	5796	4319	3543	2788	2241
982	9588	8090	8009	7870	8248	7299	7140	5652	4285	3511	2853	2245
983	9535	7897	7855	7907	8216	7367	7134	5817	4324	3569	2778	2309
984	9609	7963	7982	7929	8307	7386	7229	5821	4374	3590	2802	2292
985	9592	7925	7896	7917	8351	7536	7267	5687	4307	3549	2840	2254
986	9678	8009	8017	7828	8290	7373	7314	5748	4256	3523	2816	2296
987	9654	7971	7837	7952	8407	7454	7219	5694	4299	3505	2827	2241
988	9770	8170	7967	8102	8509	7657	7414	5821	4357	3595	2871	2305
989	9655	7931	7898	7947	8261	7420	7210	5764	4212	3568	2802	2323
990	9752	7918	8029	7939	8378	7468	7348	5770	4318	3578	2915	2295
991	9690	8006	7984	7887	8413	7490	7134	5705	4331	3543	2790	2302
992	9663	7925	8019	7882	8467	7529	7227	5678	4320	3601	2776	2303
993	9619	8044	7956	7941	8426	7397	7319	5739	4243	3542	2875	2300
994	9617	8067	7923	7902	8334	7391	7177	5620	4241	3538	2840	2296
995	9667	7947	7984	7947	8378	7387	7259	5732	4348	3483	2842	2246
996	9857	8080	8081	8086	8522	7570	7501	5897	4297	3632	2862	2380
997	9746	7915	8029	7939	8458	7369	7285	5650	4243	3536	2852	2306
998	9744	7950	7935	7907	8423	7504	7443	5725	4372	3564	2821	2314
999	9687	8089	7943	7969	8397	7366	7142	5671	4293	3564	2836	2278
