time	200	150	100	60	50	40	25	10	5
5	52	51	46	48	52	46	50	52	48
6	58	52	46	45	44	45	46	42	44
7	53	49	49	45	52	46	48	47	43
8	66	51	49	49	49	51	46	46	52
9	74	54	51	54	49	41	43	40	47
10	93	51	51	48	49	50	49	50	52
11	104	56	50	56	56	52	52	46	45
12	133	53	50	47	52	48	51	48	51
13	149	71	53	54	55	48	49	43	49
14	166	71	52	56	45	49	45	47	55
15	208	82	52	52	47	47	50	43	44
16	239	108	63	58	50	50	51	48	49
17	312	126	55	65	61	45	49	44	46
18	365	168	66	72	50	47	46	44	46
19	432	192	73	71	47	46	51	50	54
20	493	224	75	81	47	44	48	44	47
21	633	269	83	83	49	46	53	49	50
22	743	318	93	88	50	51	54	49	50
23	821	366	106	97	56	46	47	47	48
24	930	432	137	101	57	49	50	50	46
25	1080	511	151	118	54	49	48	41	52
26	1185	581	182	134	62	53	50	52	51
27	1345	656	210	133	55	45	51	48	50
28	1412	720	238	147	68	52	54	48	54
29	1550	790	313	175	61	56	51	49	52
30	1674	852	342	199	66	53	50	46	51
31	1745	935	387	200	69	54	56	55	44
32	1885	987	439	212	71	57	52	48	45
33	1966	1052	481	234	79	58	56	47	48
34	2121	1139	567	242	88	56	57	44	56
35	2214	1217	618	276	85	62	63	50	50
36	2270	1292	663	313	95	68	57	54	49
37	2433	1338	746	310	98	68	56	48	48
38	2537	1368	842	355	114	77	59	54	51
39	2632	1430	871	372	132	75	57	54	46
40	2663	1504	934	385	139	77	65	54	56
41	2771	1562	1000	430	141	87	67	56	53
42	2889	1621	1063	466	147	80	62	53	44
43	2988	1662	1131	503	158	91	73	54	48
44	3050	1735	1220	510	164	96	74	63	54
45	3128	1785	1209	556	199	101	83	56	54
46	3216	1811	1259	561	189	96	74	54	48
47	3336	1868	1340	592	204	116	90	61	55
48	3345	1913	1362	637	229	116	90	61	51
49	3482	1998	1443	694	249	125	86	65	59
50	3655	1999	1464	678	270	134	101	73	47
51	3581	2104	1543	696	280	136	98	69	52
52	3636	2153	1515	724	286	144	103	73	48
53	3671	2170	1576	801	307	154	113	78	47
54	3709	2213	1606	782	319	160	103	70	54
55	3874	2204	1663	828	334	187	117	77	59
56	3787	2288	1715	865	373	180	128	79	49
57	3858	2262	1727	873	374	195	132	83	51
58	3879	2358	1737	941	414	212	121	85	61
59	3907	2332	1776	916	412	212	138	94	52
60	3978	2468	1797	977	434	218	137	85	63
61	3945	2464	1820	940	455	229	151	85	62
62	4014	2463	1867	996	472	254	149	90	52
63	4083	2484	1887	1025	493	257	166	94	61
64	4019	2540	1848	1023	501	251	162	98	61
65	4086	2537	1921	1061	511	272	178	104	52
66	4096	2521	1987	1055	525	264	178	98	67
67	4129	2584	2016	1076	572	294	183	108	59
68	4131	2564	1979	1127	567	298	169	109	66
69	4108	2619	2024	1133	590	315	183	100	62
70	4080	2581	2034	1164	606	329	195	122	67
71	4164	2624	2053	1156	645	319	213	127	66
72	4137	2652	2035	1184	651	341	205	135	67
73	4237	2699	2055	1194	688	358	212	143	66
74	4131	2637	2076	1187	696	371	218	130	62
75	4177	2722	2101	1193	736	421	249	143	70
76	4142	2737	2128	1219	706	392	244	130	74
77	4159	2729	2102	1260	744	406	246	144	69
78	4145	2728	2106	1230	746	414	245	153	73
79	4189	2779	2132	1290	769	438	262	148	76
80	4141	2818	2188	1299	806	424	287	156	71
81	4187	2741	2142	1267	826	427	269	158	82
82	4111	2770	2150	1316	815	464	289	169	82
83	4096	2820	2181	1338	866	456	291	152	88
84	4196	2828	2237	1338	877	507	304	174	87
85	4219	2817	2215	1346	896	508	296	178	83
86	4147	2876	2193	1349	922	514	304	177	98
87	4229	2855	2282	1356	929	538	314	194	91
88	4331	2865	2205	1394	951	518	320	185	94
89	4225	2882	2233	1398	969	534	315	187	93
90	4284	2858	2289	1395	950	586	313	194	93
91	4194	2874	2242	1358	952	593	347	185	91
92	4179	2912	2248	1393	975	562	342	203	92
93	4247	2886	2279	1447	1020	599	357	201	113
94	4120	2854	2304	1415	1017	608	338	212	92
95	4180	2876	2207	1403	1020	592	350	220	100
96	4215	2877	2256	1377	1045	600	367	217	99
97	4180	2917	2248	1427	1005	599	373	220	112
98	4230	2916	2231	1460	1056	653	365	233	112
99	4308	2901	2270	1510	1060	626	390	221	103
100	4188	2854	2245	1444	1096	679	381	228	109
101	4269	2905	2272	1468	1108	661	403	240	117
102	4208	2894	2277	1395	1110	675	417	251	112
103	4252	2916	2280	1454	1104	708	443	244	122
104	4293	2973	2266	1504	1148	706	407	257	122
105	4279	2905	2333	1463	1122	714	410	270	120
106	4246	2913	2314	1460	1127	691	447	258	121
107	4184	2971	2317	1511	1145	728	454	271	123
108	4292	2871	2345	1471	1125	735	448	276	134
109	4198	2896	2285	1440	1146	734	455	279	127
110	4300	2972	2307	1454	1142	776	478	282	147
111	4177	2953	2306	1460	1129	731	448	276	135
112	4201	2925	2277	1491	1149	765	455	286	129
113	4207	2899	2244	1465	1174	787	468	279	136
114	4229	3005	2330	1510	1193	771	475	301	148
115	4242	2922	2249	1473	1169	793	461	292	155
116	4231	2989	2290	1449	1178	806	482	297	149
117	4216	2944	2296	1488	1206	784	472	303	155
118	4223	2950	2284	1503	1191	810	503	291	135
119	4273	2992	2269	1512	1202	793	488	307	148
120	4228	2959	2286	1522	1180	844	487	328	155
121	4302	2940	2285	1499	1217	802	506	316	150
122	4290	2973	2311	1487	1230	864	528	327	159
123	4211	2968	2295	1474	1211	818	522	327	160
124	4253	2941	2272	1506	1180	851	534	327	164
125	4203	2976	2285	1494	1242	855	540	340	172
126	4269	2991	2254	1485	1235	866	556	338	176
127	4293	2953	2273	1491	1229	864	557	331	179
128	4234	2967	2305	1523	1191	873	548	346	176
129	4203	2909	2303	1486	1240	865	546	356	177
130	4248	3035	2330	1480	1200	877	550	356	184
131	4208	2988	2269	1481	1230	879	575	358	181
132	4204	3011	2295	1515	1221	890	552	366	191
133	4234	3018	2313	1532	1240	926	560	369	174
134	4232	3031	2282	1508	1215	918	568	354	182
135	4379	3012	2291	1544	1236	897	585	386	191
136	4211	2995	2332	1492	1212	899	584	375	192
137	4326	2931	2305	1513	1234	915	598	353	190
138	4163	2989	2283	1489	1233	934	587	383	195
139	4200	2970	2281	1535	1269	932	622	386	215
140	4220	3014	2303	1522	1231	937	600	385	203
141	4247	2992	2304	1536	1238	941	590	384	210
142	4254	2998	2291	1479	1223	952	600	396	206
143	4307	2965	2369	1493	1231	911	600	401	217
144	4273	2973	2289	1523	1240	964	603	395	214
145	4361	3047	2340	1523	1261	988	619	393	231
146	4216	2954	2316	1487	1215	939	602	399	207
147	4188	2992	2304	1500	1196	966	634	405	208
148	4195	2987	2325	1518	1251	943	634	392	223
149	4200	2966	2338	1528	1207	964	624	400	221
150	4286	2964	2335	1507	1246	964	634	413	211
151	4371	3087	2267	1473	1233	993	627	433	224
152	4223	2984	2266	1549	1247	959	636	432	239
153	4238	3006	2255	1495	1225	995	648	424	229
154	4323	3033	2309	1538	1248	960	669	422	245
155	4308	2973	2247	1526	1223	966	663	418	223
156	4320	2998	2343	1539	1241	971	625	432	225
157	4314	3020	2333	1522	1245	976	655	430	242
158	4267	3001	2293	1534	1224	1010	664	414	248
159	4441	3093	2358	1541	1236	1011	671	448	254
160	4339	3057	2286	1510	1270	998	649	433	239
161	4400	3026	2343	1542	1278	1033	643	458	257
162	4433	2958	2331	1512	1265	998	648	442	248
163	4404	3061	2323	1514	1230	1010	676	442	242
164	4512	3034	2288	1513	1260	1021	657	443	247
165	4477	3028	2323	1517	1242	993	641	459	237
166	4535	3077	2291	1511	1257	1007	693	459	268
167	4450	3097	2319	1550	1238	1026	659	455	269
168	4409	3022	2274	1533	1258	1015	665	441	243
169	4225	3015	2298	1539	1268	1008	694	455	263
170	4263	3027	2263	1519	1232	1018	699	453	253
171	4181	3048	2347	1529	1240	995	685	455	278
172	4178	3060	2307	1506	1247	1027	663	458	265
173	4267	3040	2291	1555	1247	999	678	470	265
174	4301	3041	2351	1529	1249	1000	687	436	271
175	4293	3029	2357	1516	1215	1024	700	454	267
176	4326	3043	2299	1538	1277	990	685	479	252
177	4326	3090	2319	1546	1250	1023	700	461	271
178	4438	3030	2365	1556	1235	1030	675	459	262
179	4512	3076	2353	1520	1261	998	672	465	259
180	4424	3076	2319	1512	1252	1045	681	462	278
181	4370	3040	2304	1533	1208	1035	705	461	274
182	4276	3031	2313	1522	1234	1030	692	445	273
183	4215	3118	2337	1516	1208	994	666	468	280
184	4286	3148	2388	1557	1236	1013	688	464	273
185	4374	3075	2262	1517	1261	999	673	461	299
186	4206	3099	2265	1519	1235	1047	716	479	274
187	4390	3128	2343	1527	1300	1050	705	503	253
188	4334	3053	2356	1516	1284	1005	707	482	273
189	4367	3068	2316	1538	1244	1028	689	480	279
190	4347	3052	2287	1548	1216	1025	701	477	273
191	4282	3104	2350	1525	1289	1070	692	486	285
192	4422	3088	2346	1540	1260	1059	699	493	275
193	4350	3051	2297	1528	1249	1041	666	488	287
194	4339	3101	2350	1535	1276	1039	701	488	283
195	4417	3048	2388	1524	1251	1047	676	496	302
196	4405	3032	2361	1493	1275	1003	693	468	288
197	4244	3064	2307	1530	1212	1045	701	491	290
198	4269	3045	2377	1515	1267	1027	714	506	276
199	4347	3100	2345	1548	1314	1060	730	483	289
200	4314	3077	2354	1531	1236	1064	719	500	292
201	4407	3103	2379	1544	1292	1121	705	506	298
202	4342	3121	2354	1513	1312	1057	717	473	296
203	4241	3073	2325	1501	1247	1054	694	468	286
204	4317	3037	2361	1533	1231	1065	693	517	291
205	4377	3120	2373	1529	1301	1055	705	504	287
206	4443	3088	2370	1544	1240	1041	729	494	307
207	4452	3071	2305	1577	1288	1041	713	498	290
208	4463	3114	2364	1567	1288	1042	716	511	294
209	4387	3113	2364	1584	1244	1055	729	500	297
210	4329	3164	2332	1503	1256	1034	710	500	306
211	4335	3018	2379	1530	1263	1041	732	494	298
212	4316	3081	2315	1503	1260	1054	714	479	297
213	4223	3011	2314	1561	1273	1027	711	499	295
214	4250	3104	2354	1545	1255	1045	745	489	312
215	4365	3105	2364	1545	1248	1066	730	509	293
216	4310	3073	2332	1527	1259	1036	702	535	304
217	4319	3096	2313	1522	1279	1060	732	502	278
218	4298	3081	2332	1552	1253	1024	715	489	317
219	4345	3034	2309	1552	1281	1044	728	521	314
220	4329	3071	2287	1556	1270	1048	712	489	282
221	4330	3099	2326	1570	1273	1039	741	505	298
222	4338	3038	2310	1534	1272	1020	697	496	291
223	4418	3032	2335	1549	1260	1044	733	512	315
224	4396	3104	2341	1541	1235	1055	719	525	302
225	4322	3076	2359	1529	1273	1059	736	505	313
226	4351	3110	2381	1537	1223	1053	692	505	294
227	4352	3098	2348	1579	1254	1036	708	514	309
228	4334	3028	2362	1500	1276	1028	713	472	298
229	4323	3119	2313	1541	1307	1033	713	492	315
230	4349	3186	2382	1521	1240	1051	716	515	322
231	4414	3148	2352	1560	1265	1056	750	495	307
232	4352	3119	2303	1496	1279	1052	736	487	297
233	4310	3093	2364	1597	1255	1068	693	488	303
234	4238	3152	2366	1563	1212	1050	718	512	306
235	4262	3057	2303	1537	1273	1055	702	526	323
236	4299	3078	2334	1540	1277	1026	699	524	305
237	4335	3166	2388	1575	1268	1066	738	505	305
238	4327	3121	2362	1545	1258	1069	705	501	292
239	4268	3115	2330	1629	1248	1042	726	513	311
240	4227	3132	2325	1544	1265	1009	709	514	304
241	4293	3155	2338	1541	1250	1053	720	536	316
242	4389	3115	2370	1537	1265	1056	688	493	310
243	4344	3137	2378	1558	1240	1042	710	517	300
244	4363	3061	2322	1583	1250	1041	738	505	291
245	4268	3160	2336	1561	1253	1032	703	489	308
246	4265	3081	2386	1584	1232	1072	722	502	310
247	4236	3111	2338	1532	1248	1047	724	499	307
248	4230	3207	2367	1536	1274	1047	736	519	305
249	4237	3131	2364	1536	1260	1031	718	497	304
250	4405	3145	2385	1561	1245	1054	723	511	323
251	4492	3141	2319	1603	1272	1019	716	508	322
252	4301	3110	2351	1570	1274	1071	750	511	324
253	4316	3168	2351	1558	1227	1047	724	497	312
254	4192	3066	2375	1560	1269	1034	727	500	303
255	4333	3067	2394	1575	1255	1047	713	502	311
256	4230	3080	2353	1572	1295	1044	731	518	316
257	4302	3149	2358	1558	1270	1078	708	518	327
258	4522	3120	2388	1575	1281	1055	702	513	308
259	4463	3181	2424	1582	1294	1059	739	492	310
260	4387	3099	2413	1570	1247	1073	734	499	304
261	4421	3114	2392	1562	1258	1089	716	514	306
262	4313	3142	2332	1587	1226	1047	707	515	316
263	4244	3091	2365	1563	1268	1071	735	514	310
264	4287	3131	2385	1545	1256	1073	714	510	301
265	4258	3117	2369	1553	1259	1066	705	525	318
266	4324	3112	2371	1591	1261	1038	735	514	298
267	4384	3095	2378	1553	1271	1049	726	502	315
268	4365	3102	2336	1556	1254	1084	739	489	301
269	4377	3144	2335	1525	1275	1005	727	532	301
270	4500	3135	2353	1554	1263	1035	711	524	308
271	4484	3123	2387	1606	1326	1047	751	518	320
272	4407	3091	2390	1614	1260	1057	746	518	298
273	4364	3070	2379	1511	1230	1079	738	523	302
274	4389	3101	2387	1561	1274	1030	728	523	297
275	4385	3156	2370	1594	1267	1066	739	514	313
276	4373	3065	2415	1609	1263	1042	718	506	306
277	4370	3160	2388	1585	1254	1056	734	512	305
278	4335	3097	2337	1568	1256	1045	730	515	320
279	4307	3100	2359	1578	1259	1065	719	500	301
280	4372	3114	2319	1585	1227	1065	724	542	309
281	4453	3193	2324	1545	1256	1024	744	511	313
282	4418	3129	2366	1554	1273	1053	727	513	302
283	4420	3085	2433	1594	1289	1045	727	523	311
284	4333	3106	2350	1561	1268	1052	726	525	305
285	4358	3085	2360	1583	1274	1034	755	494	318
286	4325	3090	2368	1577	1237	1076	727	512	326
287	4299	3124	2372	1571	1266	1026	708	514	312
288	4282	3148	2418	1601	1290	1059	717	505	286
289	4256	3113	2349	1536	1280	1033	706	536	323
290	4259	3098	2385	1583	1286	1032	745	495	303
291	4404	3139	2353	1594	1245	1028	736	533	317
292	4576	3135	2417	1577	1259	1088	724	516	314
293	4639	3110	2413	1526	1287	1044	730	502	305
294	4565	3123	2400	1554	1244	1038	723	500	318
295	4470	3102	2370	1557	1268	1025	725	523	288
296	4459	3107	2410	1547	1250	999	727	514	312
297	4486	3124	2368	1581	1266	1057	743	530	326
298	4510	3133	2354	1573	1282	1018	721	490	300
299	4387	3096	2332	1569	1213	1032	732	526	322
300	4467	3161	2361	1581	1250	1034	713	513	322
301	4486	3095	2348	1558	1251	1022	729	508	322
302	4577	3133	2364	1551	1299	1024	720	506	307
303	4472	3111	2367	1603	1265	1034	718	530	303
304	4465	3108	2357	1579	1253	1039	712	498	311
305	4418	3117	2400	1584	1270	1060	717	536	325
306	4294	3121	2340	1579	1253	1059	713	530	305
307	4308	3167	2361	1554	1229	1025	707	507	310
308	4365	3121	2341	1618	1250	1054	710	498	288
309	4421	3109	2333	1577	1239	1029	715	491	304
310	4298	3174	2321	1597	1241	1035	718	518	319
311	4349	3117	2377	1543	1241	1041	699	520	306
312	4379	3082	2389	1589	1236	993	746	530	304
313	4435	3115	2393	1581	1264	1061	735	515	308
314	4400	3093	2377	1598	1250	1053	742	512	319
315	4432	3137	2384	1596	1253	1033	700	490	300
316	4415	3131	2367	1561	1275	1026	738	502	309
317	4427	3094	2404	1600	1262	1048	726	518	312
318	4494	3143	2406	1582	1292	1048	764	529	300
319	4445	3141	2361	1573	1272	1042	718	511	318
320	4462	3094	2375	1576	1293	1061	733	485	323
321	4454	3104	2337	1555	1296	1037	733	541	312
322	4498	3137	2390	1559	1272	1046	728	542	310
323	4453	3113	2396	1595	1261	1018	716	517	310
324	4493	3131	2399	1585	1256	1042	722	527	311
325	4484	3157	2398	1579	1271	1069	707	519	334
326	4489	3122	2414	1592	1284	1057	731	504	322
327	4550	3173	2403	1547	1248	1040	723	502	311
328	4552	3157	2419	1575	1225	1042	735	514	301
329	4474	3138	2319	1625	1264	1008	713	523	299
330	4553	3146	2370	1565	1256	1058	743	511	300
331	4551	3213	2427	1597	1297	1025	726	529	309
332	4342	3163	2376	1603	1266	1065	714	511	312
333	4285	3137	2437	1575	1273	1011	727	523	307
334	4283	3174	2400	1591	1248	1007	732	527	329
335	4239	3117	2399	1610	1241	1043	735	509	316
336	4377	3068	2333	1607	1274	1049	707	527	301
337	4359	3184	2396	1572	1246	1050	743	509	312
338	4374	3134	2379	1573	1270	1008	736	543	316
339	4404	3201	2381	1576	1270	1060	718	516	318
340	4428	3171	2398	1615	1300	1041	741	527	294
341	4349	3239	2337	1558	1244	1015	738	509	308
342	4374	3168	2438	1573	1259	1081	730	504	313
343	4332	3175	2352	1615	1259	1063	722	498	295
344	4393	3111	2407	1592	1232	1055	727	520	310
345	4396	3137	2366	1569	1235	1053	704	515	316
346	4437	3106	2372	1580	1286	1052	724	520	303
347	4459	3150	2388	1579	1245	1069	709	502	301
348	4531	3185	2420	1621	1265	1059	729	536	319
349	4439	3165	2374	1581	1273	1051	721	509	320
350	4462	3138	2344	1595	1265	1060	742	499	299
351	4417	3151	2377	1588	1285	1039	730	533	322
352	4508	3204	2371	1580	1262	1045	744	506	304
353	4523	3142	2374	1595	1241	1036	719	501	320
354	4448	3199	2411	1622	1260	1026	726	504	305
355	4382	3214	2399	1606	1277	1008	743	524	328
356	4421	3146	2368	1598	1276	1055	692	522	318
357	4439	3187	2411	1607	1268	1072	728	512	312
358	4398	3159	2413	1600	1241	1051	731	516	304
359	4419	3164	2354	1635	1297	1020	718	494	303
360	4434	3168	2376	1633	1256	1017	729	501	317
361	4469	3187	2424	1633	1261	1015	749	529	310
362	4460	3228	2373	1600	1256	1015	747	504	311
363	4436	3204	2426	1607	1313	1043	720	513	314
364	4423	3180	2449	1596	1290	1034	705	522	315
365	4349	3175	2383	1586	1267	1003	728	495	315
366	4446	3287	2407	1624	1288	1051	734	491	306
367	4420	3173	2446	1533	1265	1023	703	509	327
368	4471	3212	2407	1617	1263	1043	734	529	310
369	4387	3225	2405	1584	1303	1022	738	516	312
370	4361	3160	2370	1625	1281	1059	739	516	329
371	4455	3149	2416	1591	1271	1040	723	507	304
372	4393	3199	2432	1647	1297	1060	730	506	328
373	4429	3174	2397	1621	1259	1035	741	512	317
374	4422	3118	2388	1616	1258	1032	706	501	328
375	4449	3166	2404	1596	1229	1014	739	508	319
376	4352	3211	2395	1638	1256	1027	712	508	318
377	4393	3159	2394	1570	1260	1021	724	504	307
378	4413	3191	2404	1587	1283	1021	722	494	315
379	4372	3183	2379	1607	1250	1033	734	499	302
380	4434	3207	2441	1604	1251	1042	722	486	311
381	4511	3140	2424	1612	1271	1053	713	505	315
382	4439	3211	2337	1598	1248	1020	722	494	305
383	4398	3169	2401	1584	1253	1043	727	508	297
384	4431	3156	2405	1614	1250	1007	726	511	305
385	4479	3115	2436	1582	1264	1033	736	523	308
386	4485	3198	2420	1632	1295	1016	752	498	325
387	4434	3163	2414	1617	1312	1038	712	520	310
388	4496	3146	2370	1604	1272	1030	742	514	311
389	4482	3133	2422	1588	1263	1004	729	523	311
390	4444	3142	2364	1575	1244	1028	717	506	323
391	4576	3233	2401	1601	1271	1010	734	515	305
392	4537	3213	2384	1631	1265	1033	719	503	302
393	4506	3189	2458	1631	1266	1040	730	515	307
394	4507	3203	2395	1637	1251	1039	692	524	312
395	4400	3156	2400	1624	1255	1026	748	516	308
396	4573	3221	2407	1613	1290	1046	728	522	301
397	4488	3185	2343	1609	1233	1028	727	491	313
398	4424	3141	2381	1569	1250	1033	748	508	317
399	4500	3191	2394	1594	1281	1070	703	523	293
400	4474	3224	2384	1591	1268	1026	710	506	326
401	4477	3233	2376	1645	1259	1027	723	506	311
402	4412	3246	2427	1643	1303	1056	741	519	315
403	4453	3179	2425	1587	1265	1010	711	509	310
404	4512	3188	2358	1597	1279	1036	726	533	301
405	4505	3222	2376	1641	1222	1030	731	532	310
406	4519	3210	2421	1628	1280	1016	725	491	300
407	4409	3212	2426	1614	1278	1018	718	515	311
408	4505	3167	2378	1639	1251	1028	745	520	307
409	4450	3253	2365	1641	1248	1015	713	529	320
410	4416	3161	2352	1643	1279	1046	754	497	324
411	4471	3202	2352	1601	1279	1030	741	498	312
412	4470	3185	2418	1621	1223	1015	703	519	307
413	4480	3164	2400	1615	1260	1037	720	527	317
414	4488	3173	2416	1621	1269	1037	724	509	296
415	4474	3211	2422	1625	1304	1066	723	501	314
416	4401	3194	2354	1617	1258	1022	702	510	323
417	4400	3193	2354	1611	1255	1023	735	526	304
418	4397	3205	2435	1638	1255	1023	727	503	323
419	4379	3178	2416	1599	1284	1033	694	486	317
420	4363	3215	2380	1612	1271	1036	723	500	315
421	4393	3210	2392	1599	1258	1021	738	499	300
422	4383	3211	2405	1610	1280	1019	708	506	295
423	4408	3230	2423	1577	1277	1036	730	509	316
424	4429	3115	2396	1634	1319	999	726	498	300
425	4371	3205	2415	1623	1274	1036	705	535	327
426	4361	3173	2399	1630	1278	1037	732	514	297
427	4515	3146	2442	1645	1254	1056	746	497	324
428	4543	3208	2435	1661	1305	1060	730	489	313
429	4468	3144	2426	1613	1267	1019	751	526	320
430	4456	3157	2384	1626	1282	1004	717	489	288
431	4392	3216	2376	1612	1271	1056	717	512	310
432	4442	3204	2438	1640	1281	1010	731	518	307
433	4401	3198	2390	1626	1276	1024	696	511	312
434	4414	3176	2421	1605	1248	1051	694	488	328
435	4406	3171	2402	1600	1282	1033	726	515	300
436	4354	3158	2422	1640	1279	1028	721	498	321
437	4404	3201	2390	1616	1276	1029	734	494	302
438	4398	3252	2383	1613	1247	1027	721	495	318
439	4416	3119	2387	1599	1250	998	696	498	318
440	4432	3189	2392	1638	1273	1017	731	500	306
441	4439	3266	2432	1629	1262	1045	703	507	315
442	4446	3254	2343	1604	1261	1051	733	511	309
443	4397	3216	2432	1597	1260	993	718	509	299
444	4460	3248	2379	1640	1259	1025	730	501	303
445	4466	3235	2396	1632	1267	1023	726	508	311
446	4464	3270	2432	1664	1309	1035	734	502	321
447	4474	3180	2453	1640	1262	1012	743	499	311
448	4524	3215	2348	1639	1268	1047	741	501	301
449	4486	3197	2445	1660	1265	1024	723	497	318
450	4495	3234	2362	1636	1250	1025	722	492	295
451	4463	3199	2406	1655	1272	1034	740	499	326
452	4513	3212	2502	1663	1283	1022	744	504	306
453	4485	3251	2484	1645	1300	1030	718	506	319
454	4384	3194	2407	1675	1287	1017	714	504	321
455	4424	3242	2420	1626	1293	1005	716	524	317
456	4448	3174	2412	1638	1280	1004	725	522	308
457	4395	3205	2408	1615	1288	1036	729	513	301
458	4441	3233	2402	1643	1277	1017	713	491	316
459	4373	3256	2396	1614	1281	1031	737	492	296
460	4467	3162	2430	1673	1297	1007	714	518	315
461	4416	3182	2411	1686	1283	1036	713	524	307
462	4472	3192	2403	1678	1349	997	723	543	302
463	4348	3233	2413	1648	1272	1023	726	511	303
464	4416	3203	2425	1653	1268	1038	749	493	303
465	4336	3225	2411	1649	1273	1011	681	502	313
466	4408	3229	2425	1632	1314	1022	707	514	323
467	4341	3192	2402	1643	1290	1037	694	503	326
468	4407	3287	2386	1639	1280	1039	731	496	317
469	4419	3245	2425	1619	1301	997	721	509	315
470	4320	3283	2426	1664	1313	1036	725	504	307
471	4426	3272	2388	1624	1249	1010	706	514	298
472	4348	3205	2443	1613	1262	1024	702	502	310
473	4437	3281	2371	1629	1290	1031	735	507	318
474	4445	3180	2413	1620	1269	1040	720	486	313
475	4423	3261	2396	1656	1298	996	719	500	309
476	4374	3217	2446	1625	1288	1023	703	500	315
477	4428	3202	2444	1632	1303	1011	732	485	313
478	4535	3241	2391	1629	1312	1025	745	502	307
479	4466	3263	2431	1623	1308	1016	733	512	311
480	4569	3174	2447	1626	1276	994	715	529	299
481	4423	3177	2391	1605	1244	1045	722	505	310
482	4392	3188	2383	1618	1298	1037	713	500	308
483	4471	3246	2373	1611	1277	1026	725	507	318
484	4482	3270	2438	1628	1304	1015	724	488	318
485	4505	3217	2433	1664	1291	1025	730	494	324
486	4466	3207	2458	1586	1296	1018	726	512	303
487	4514	3218	2396	1592	1269	1002	711	501	317
488	4458	3192	2431	1620	1289	1024	722	495	300
489	4472	3213	2460	1617	1290	1032	702	507	318
490	4359	3259	2393	1628	1282	1026	681	492	310
491	4353	3252	2406	1586	1256	1012	712	511	298
492	4444	3285	2411	1617	1258	1030	706	514	296
493	4377	3249	2382	1628	1256	1016	741	501	310
494	4392	3211	2411	1596	1299	1048	722	508	324
495	4487	3302	2453	1644	1274	1021	722	493	308
496	4422	3267	2376	1669	1294	1040	729	515	310
497	4407	3176	2418	1630	1240	1032	709	502	311
498	4364	3185	2424	1619	1257	1006	725	488	312
499	4353	3247	2409	1602	1268	1061	729	504	308
500	4409	3271	2426	1653	1302	1004	717	497	328
501	4363	3238	2362	1603	1252	1033	718	515	310
502	4379	3196	2388	1652	1283	1018	722	483	315
503	4372	3189	2414	1619	1299	1023	745	514	287
504	4413	3263	2357	1592	1268	1025	726	488	307
505	4345	3254	2445	1615	1276	1006	725	479	303
506	4404	3189	2422	1623	1277	984	687	510	291
507	4416	3259	2370	1602	1285	1010	719	496	322
508	4398	3238	2411	1628	1289	984	725	492	298
509	4355	3210	2415	1649	1258	1009	703	502	306
510	4419	3210	2414	1638	1220	989	722	496	328
511	4423	3228	2410	1638	1266	1013	721	495	306
512	4380	3214	2436	1596	1257	953	707	526	297
513	4379	3191	2362	1626	1263	983	708	510	305
514	4371	3248	2438	1667	1260	984	701	486	298
515	4362	3259	2441	1650	1263	1003	694	513	318
516	4388	3245	2442	1592	1272	997	731	509	327
517	4355	3311	2346	1652	1247	980	725	499	302
518	4346	3227	2401	1602	1246	993	704	494	300
519	4366	3235	2408	1657	1257	1018	694	494	310
520	4366	3271	2421	1669	1291	989	705	490	297
521	4407	3281	2418	1632	1306	1009	723	501	299
522	4363	3217	2352	1631	1287	1042	708	484	306
523	4372	3202	2356	1638	1246	1007	692	483	310
524	4409	3151	2391	1636	1262	1025	692	502	299
525	4356	3214	2435	1633	1270	1038	722	505	319
526	4412	3212	2402	1636	1274	1033	727	482	313
527	4377	3253	2426	1647	1264	1006	705	497	305
528	4332	3298	2403	1645	1275	1001	705	483	319
529	4360	3256	2442	1588	1246	1000	709	498	291
530	4405	3191	2386	1627	1271	984	722	478	299
531	4367	3229	2418	1661	1256	1021	697	503	292
532	4363	3237	2440	1626	1258	983	727	493	315
533	4468	3215	2415	1626	1306	1021	706	472	297
534	4437	3226	2406	1628	1280	970	718	507	306
535	4376	3242	2470	1625	1265	996	708	504	301
536	4388	3209	2409	1614	1262	1036	706	489	311
537	4401	3210	2422	1618	1248	990	719	480	313
538	4318	3282	2474	1617	1219	1002	684	488	301
539	4436	3196	2423	1597	1253	1006	705	494	304
540	4398	3240	2430	1639	1255	1003	690	494	297
541	4334	3216	2425	1653	1276	986	699	513	292
542	4391	3208	2392	1638	1274	1012	701	496	297
543	4438	3195	2360	1623	1283	1002	726	492	328
544	4396	3202	2388	1643	1301	1000	728	497	307
545	4325	3226	2407	1608	1251	1009	722	497	311
546	4328	3264	2409	1621	1309	974	731	504	292
547	4384	3214	2391	1618	1279	988	723	493	310
548	4414	3249	2400	1635	1286	1006	698	480	301
549	4360	3245	2362	1629	1288	1015	700	483	309
550	4442	3205	2412	1608	1269	1024	730	499	311
551	4505	3225	2407	1636	1239	1012	711	490	309
552	4377	3219	2395	1612	1282	1018	728	504	297
553	4412	3227	2377	1648	1274	961	711	491	304
554	4350	3277	2397	1609	1302	1003	719	481	291
555	4339	3233	2398	1603	1255	1021	694	509	319
556	4417	3262	2391	1616	1246	992	719	505	290
557	4309	3254	2410	1618	1289	996	735	496	290
558	4349	3282	2400	1617	1281	986	720	513	299
559	4316	3246	2395	1625	1267	999	698	479	299
560	4406	3255	2396	1656	1248	1008	694	478	301
561	4361	3282	2398	1623	1260	969	706	492	314
562	4425	3214	2404	1628	1287	1031	710	506	295
563	4437	3245	2431	1611	1266	983	711	506	295
564	4414	3247	2426	1669	1274	972	706	507	300
565	4359	3193	2430	1582	1263	1011	722	493	313
566	4381	3305	2415	1650	1260	999	723	516	308
567	4371	3216	2418	1641	1252	1009	718	493	292
568	4306	3231	2421	1646	1285	1000	733	483	309
569	4422	3289	2396	1642	1269	1011	703	491	297
570	4407	3277	2422	1612	1275	1007	723	474	297
571	4374	3222	2383	1604	1259	998	694	515	300
572	4355	3242	2399	1648	1258	1018	730	496	296
573	4376	3286	2374	1671	1269	1017	721	485	287
574	4390	3240	2416	1608	1247	1024	716	481	297
575	4424	3297	2441	1667	1275	1034	747	473	297
576	4499	3249	2388	1679	1292	1008	725	488	300
577	4450	3233	2418	1611	1273	979	712	490	318
578	4397	3254	2390	1605	1240	1023	701	501	299
579	4464	3235	2388	1651	1277	959	697	524	297
580	4380	3221	2376	1654	1293	997	686	479	287
581	4426	3269	2399	1612	1285	1002	719	494	286
582	4380	3267	2428	1652	1285	1016	687	504	298
583	4397	3274	2442	1665	1255	1008	695	485	288
584	4339	3225	2418	1626	1252	1004	712	490	302
585	4403	3185	2408	1667	1265	1024	690	502	316
586	4363	3195	2378	1615	1273	998	705	480	284
587	4403	3289	2397	1672	1243	976	718	495	299
588	4398	3210	2365	1630	1241	1001	705	490	283
589	4446	3287	2410	1625	1248	1022	720	480	301
590	4495	3178	2424	1635	1285	1007	712	497	297
591	4515	3275	2401	1687	1277	975	731	479	313
592	4533	3212	2483	1667	1283	1021	725	471	306
593	4430	3247	2390	1650	1275	987	728	503	291
594	4569	3286	2426	1630	1273	1001	711	499	289
595	4517	3319	2393	1649	1289	1004	730	499	320
596	4448	3253	2412	1630	1273	992	699	493	304
597	4427	3252	2400	1673	1259	1004	694	492	291
598	4493	3180	2401	1642	1247	1026	728	504	323
599	4460	3298	2456	1681	1264	999	733	488	301
600	4479	3263	2467	1639	1227	967	710	475	314
601	4513	3251	2419	1651	1281	992	718	484	294
602	4490	3285	2392	1626	1277	994	737	483	293
603	4478	3310	2407	1638	1284	1022	701	490	299
604	4469	3251	2405	1646	1275	1012	698	491	294
605	4468	3304	2419	1601	1220	988	691	498	282
606	4403	3214	2384	1593	1252	970	709	482	305
607	4454	3227	2382	1616	1292	1001	731	484	300
608	4416	3259	2395	1615	1276	1019	710	494	304
609	4355	3276	2358	1641	1276	1005	724	475	300
610	4419	3282	2413	1645	1266	974	724	494	303
611	4462	3254	2412	1654	1303	994	712	473	300
612	4425	3239	2376	1625	1244	1032	702	498	301
613	4428	3306	2462	1615	1286	999	731	508	302
614	4397	3241	2400	1639	1288	949	716	497	297
615	4498	3264	2431	1641	1308	997	717	467	300
616	4419	3270	2457	1628	1283	1009	712	532	296
617	4545	3284	2395	1670	1297	986	699	487	297
618	4463	3329	2383	1642	1269	996	721	473	293
619	4391	3247	2400	1623	1250	971	694	475	297
620	4454	3292	2412	1659	1253	989	728	496	287
621	4506	3260	2359	1633	1263	1002	702	482	303
622	4430	3332	2420	1659	1243	1019	690	491	296
623	4430	3256	2416	1624	1254	991	718	478	315
624	4434	3288	2426	1612	1258	937	714	494	280
625	4551	3307	2381	1621	1262	990	716	488	301
626	4514	3367	2346	1641	1230	994	678	469	284
627	4507	3268	2441	1636	1243	978	715	490	291
628	4521	3305	2401	1652	1256	1002	700	496	285
629	4500	3218	2399	1640	1259	977	698	466	308
630	4533	3278	2394	1615	1278	985	721	482	306
631	4482	3268	2376	1691	1263	1018	721	509	299
632	4498	3208	2396	1697	1204	1011	704	496	298
633	4431	3257	2440	1661	1231	980	753	492	285
634	4477	3269	2439	1665	1244	996	711	470	295
635	4430	3276	2352	1706	1234	1038	741	481	289
636	4497	3377	2414	1657	1259	952	733	470	293
637	4504	3303	2395	1652	1277	975	701	485	290
638	4501	3257	2422	1643	1279	964	701	509	309
639	4489	3280	2431	1662	1245	979	699	495	309
640	4431	3247	2441	1706	1251	1018	704	478	300
641	4443	3258	2410	1605	1285	1020	681	496	288
642	4485	3263	2419	1664	1287	989	736	485	300
643	4480	3373	2348	1632	1259	984	690	485	290
644	4516	3303	2415	1649	1254	1002	723	480	287
645	4456	3255	2402	1659	1257	984	685	494	305
646	4484	3248	2420	1686	1241	1033	721	498	300
647	4500	3313	2438	1661	1288	1007	705	496	293
648	4536	3308	2413	1651	1260	1020	705	491	303
649	4513	3299	2462	1655	1288	994	681	499	311
650	4524	3252	2399	1667	1246	1004	699	481	284
651	4462	3235	2439	1631	1299	983	710	490	294
652	4504	3264	2418	1637	1260	988	701	486	294
653	4589	3277	2407	1640	1244	981	727	494	297
654	4558	3249	2418	1658	1233	998	709	465	292
655	4531	3247	2452	1647	1281	959	703	487	298
656	4521	3283	2397	1692	1284	975	735	478	301
657	4518	3329	2438	1639	1275	967	724	478	319
658	4572	3288	2419	1670	1257	949	721	475	291
659	4489	3333	2463	1664	1290	979	734	507	297
660	4491	3285	2428	1608	1249	993	720	504	292
661	4515	3324	2405	1654	1284	972	678	482	307
662	4490	3287	2409	1639	1246	964	694	489	279
663	4485	3362	2429	1684	1281	982	696	501	295
664	4452	3365	2443	1657	1265	1001	713	467	294
665	4511	3306	2426	1686	1263	986	738	482	301
666	4492	3260	2488	1663	1236	962	719	514	287
667	4500	3266	2411	1670	1283	999	710	493	303
668	4557	3284	2444	1659	1267	1003	710	504	298
669	4545	3353	2431	1665	1252	1010	721	489	303
670	4557	3292	2399	1653	1293	981	719	486	274
671	4565	3258	2367	1677	1297	991	733	481	295
672	4538	3329	2395	1653	1239	969	707	485	292
673	4529	3308	2363	1655	1269	967	736	495	307
674	4568	3326	2366	1669	1272	972	701	480	297
675	4603	3296	2403	1657	1295	948	716	493	297
676	4568	3286	2437	1672	1255	1010	713	500	295
677	4523	3332	2461	1682	1288	989	713	487	292
678	4508	3304	2403	1640	1254	972	715	477	304
679	4553	3243	2425	1652	1277	974	724	479	282
680	4550	3343	2372	1667	1297	993	719	471	315
681	4454	3307	2401	1666	1266	980	700	498	285
682	4504	3328	2401	1664	1276	997	735	475	303
683	4535	3299	2399	1624	1272	996	713	484	289
684	4587	3284	2412	1655	1261	1013	752	486	283
685	4612	3334	2454	1667	1297	1007	735	500	294
686	4500	3262	2404	1710	1287	991	723	500	300
687	4552	3300	2438	1684	1267	988	704	482	287
688	4553	3261	2388	1647	1300	991	715	487	310
689	4533	3295	2419	1647	1312	1015	703	486	287
690	4534	3286	2379	1670	1234	1009	693	496	288
691	4546	3327	2420	1683	1266	996	698	483	288
692	4548	3277	2430	1702	1282	987	687	454	281
693	4549	3224	2463	1650	1292	978	707	500	292
694	4513	3270	2445	1646	1297	977	686	527	292
695	4559	3260	2455	1685	1249	970	723	493	302
696	4595	3347	2452	1657	1260	1005	704	471	297
697	4463	3239	2440	1673	1235	991	706	477	282
698	4519	3250	2378	1639	1316	995	686	471	307
699	4514	3258	2375	1619	1287	1027	721	465	313
700	4433	3305	2392	1675	1256	974	699	514	292
701	4571	3325	2422	1684	1288	995	714	481	302
702	4514	3244	2420	1654	1276	986	711	475	289
703	4407	3244	2419	1650	1266	1002	710	452	298
704	4530	3281	2402	1646	1266	984	703	504	303
705	4433	3287	2388	1661	1273	962	724	487	281
706	4486	3323	2440	1708	1264	984	717	478	306
707	4468	3279	2387	1643	1329	1012	721	480	290
708	4510	3306	2373	1658	1255	980	707	476	301
709	4515	3298	2400	1652	1237	991	717	492	306
710	4404	3317	2415	1660	1261	1000	694	493	273
711	4425	3340	2451	1679	1246	963	731	503	290
712	4529	3281	2413	1672	1229	985	717	488	292
713	4459	3291	2447	1667	1283	965	725	489	290
714	4460	3330	2385	1623	1253	973	723	492	269
715	4476	3313	2426	1649	1241	994	715	483	292
716	4404	3291	2418	1666	1279	967	698	510	293
717	4504	3330	2489	1677	1265	964	706	485	292
718	4483	3328	2399	1718	1268	979	725	507	285
719	4436	3319	2432	1655	1264	977	719	480	274
720	4484	3334	2381	1691	1238	1008	714	507	280
721	4478	3339	2439	1635	1265	964	718	483	276
722	4460	3248	2396	1659	1245	1002	715	476	282
723	4458	3271	2417	1662	1267	974	724	504	285
724	4428	3285	2444	1653	1256	987	742	459	287
725	4433	3334	2383	1679	1299	999	708	493	294
726	4430	3316	2415	1668	1275	975	695	499	302
727	4529	3321	2385	1692	1273	986	728	479	300
728	4549	3275	2495	1668	1293	999	700	466	286
729	4520	3374	2430	1616	1259	963	701	480	268
730	4546	3294	2418	1652	1249	976	713	480	289
731	4481	3341	2429	1655	1253	973	717	466	282
732	4479	3320	2395	1655	1293	935	704	482	292
733	4509	3299	2416	1667	1262	974	721	482	282
734	4672	3316	2421	1649	1260	993	730	490	288
735	4537	3336	2433	1647	1287	980	711	492	274
736	4565	3295	2415	1712	1248	1005	720	478	307
737	4461	3293	2399	1696	1273	975	716	472	291
738	4557	3336	2415	1633	1245	984	714	464	297
739	4475	3361	2409	1659	1276	979	722	496	290
740	4517	3253	2404	1655	1271	999	716	470	274
741	4571	3283	2372	1655	1240	965	756	489	279
742	4500	3288	2398	1658	1234	983	740	483	304
743	4479	3289	2431	1623	1233	970	720	476	272
744	4451	3288	2438	1703	1263	949	716	463	301
745	4498	3284	2412	1633	1283	990	677	474	292
746	4458	3308	2456	1630	1238	963	726	480	296
747	4445	3309	2452	1632	1273	956	695	490	292
748	4454	3282	2410	1626	1301	976	706	487	289
749	4421	3311	2417	1667	1286	982	707	487	298
750	4463	3305	2440	1650	1247	984	708	453	281
751	4454	3237	2430	1672	1255	977	680	474	278
752	4437	3270	2442	1615	1290	989	714	490	297
753	4395	3265	2401	1705	1261	966	697	491	302
754	4442	3288	2430	1623	1286	953	714	489	288
755	4525	3332	2376	1718	1279	989	720	473	282
756	4496	3308	2435	1666	1266	957	715	491	295
757	4470	3291	2427	1688	1262	983	704	495	299
758	4491	3294	2455	1661	1255	983	743	484	293
759	4486	3341	2435	1684	1296	976	717	479	295
760	4488	3286	2375	1716	1274	994	694	475	289
761	4530	3301	2460	1676	1281	963	699	481	282
762	4449	3244	2397	1677	1263	995	703	495	294
763	4531	3349	2379	1649	1249	985	716	475	298
764	4461	3311	2429	1700	1241	966	704	483	286
765	4462	3304	2417	1634	1258	964	710	466	282
766	4530	3294	2431	1632	1273	931	703	468	284
767	4522	3334	2425	1728	1253	1007	722	483	276
768	4386	3342	2424	1655	1264	969	698	480	280
769	4439	3282	2432	1710	1285	978	711	474	288
770	4477	3279	2469	1648	1305	959	730	481	275
771	4436	3281	2427	1675	1315	972	719	490	271
772	4445	3347	2435	1676	1279	1012	720	504	288
773	4447	3258	2443	1663	1251	1002	713	455	270
774	4513	3365	2473	1653	1275	983	725	499	293
775	4533	3299	2450	1684	1264	989	695	472	282
776	4522	3356	2407	1664	1224	1012	718	479	289
777	4501	3257	2438	1657	1275	990	706	492	291
778	4523	3298	2404	1679	1262	996	722	482	290
779	4425	3385	2405	1694	1262	975	735	481	288
780	4514	3275	2378	1673	1263	983	711	475	293
781	4508	3363	2408	1701	1299	958	723	469	298
782	4424	3332	2425	1667	1268	957	703	497	283
783	4462	3266	2395	1657	1281	998	693	484	291
784	4485	3362	2467	1638	1248	994	713	471	275
785	4469	3324	2376	1711	1282	987	721	460	290
786	4526	3406	2392	1650	1270	984	723	508	295
787	4520	3364	2454	1690	1256	982	689	483	307
788	4577	3307	2413	1693	1270	966	715	481	298
789	4514	3364	2420	1671	1266	939	710	479	286
790	4457	3307	2424	1688	1283	979	681	468	301
791	4429	3290	2432	1641	1288	974	723	481	294
792	4464	3338	2417	1685	1278	991	720	485	292
793	4539	3308	2477	1686	1280	954	703	477	292
794	4531	3340	2383	1688	1264	965	730	477	273
795	4460	3310	2383	1695	1255	968	682	491	293
796	4487	3300	2444	1696	1267	1015	687	492	289
797	4478	3302	2439	1720	1256	955	713	468	285
798	4402	3317	2417	1682	1265	948	731	477	279
799	4444	3335	2425	1646	1252	960	743	474	317
800	4512	3302	2455	1650	1227	998	711	490	302
801	4500	3343	2456	1645	1258	975	713	468	284
802	4511	3301	2431	1646	1256	996	705	483	302
803	4534	3369	2374	1634	1272	970	710	487	291
804	4533	3326	2413	1640	1286	970	716	462	280
805	4544	3344	2474	1677	1284	969	714	496	301
806	4517	3362	2437	1636	1281	995	729	483	285
807	4456	3331	2419	1695	1275	952	712	476	297
808	4489	3326	2442	1710	1271	990	715	488	305
809	4442	3322	2414	1668	1279	966	684	483	283
810	4442	3332	2415	1660	1273	975	715	489	286
811	4512	3382	2453	1668	1244	969	712	485	294
812	4497	3300	2392	1677	1252	941	697	492	276
813	4437	3353	2435	1649	1255	972	699	473	276
814	4489	3318	2386	1653	1286	967	723	484	288
815	4465	3241	2349	1703	1264	977	730	473	289
816	4485	3340	2441	1675	1250	943	702	480	285
817	4449	3368	2448	1661	1256	991	716	471	287
818	4477	3313	2395	1667	1274	967	736	486	302
819	4460	3346	2417	1675	1251	1006	744	475	271
820	4513	3311	2456	1702	1279	991	691	470	282
821	4490	3328	2425	1691	1270	961	720	475	295
822	4415	3341	2416	1664	1264	973	717	454	277
823	4451	3342	2444	1667	1291	952	698	494	284
824	4452	3320	2422	1682	1279	972	709	481	288
825	4445	3351	2432	1645	1255	979	727	489	288
826	4505	3350	2410	1679	1231	949	719	490	293
827	4525	3356	2445	1695	1225	975	710	488	286
828	4488	3387	2466	1658	1250	975	722	474	277
829	4535	3291	2439	1664	1235	952	710	464	278
830	4493	3350	2434	1665	1270	944	711	477	272
831	4495	3354	2476	1699	1261	979	722	476	283
832	4510	3354	2435	1674	1269	990	732	487	296
833	4503	3326	2466	1691	1292	974	706	492	290
834	4473	3325	2443	1688	1278	982	696	461	274
835	4455	3363	2405	1710	1294	1012	734	482	272
836	4534	3349	2435	1676	1313	983	760	481	288
837	4453	3346	2407	1681	1254	956	707	478	290
838	4491	3313	2456	1668	1297	981	706	497	287
839	4541	3368	2453	1673	1297	1011	697	473	276
840	4531	3343	2467	1736	1303	965	734	494	297
841	4541	3404	2424	1668	1250	966	702	489	293
842	4497	3358	2430	1674	1256	980	721	460	290
843	4481	3361	2465	1680	1261	975	716	489	289
844	4483	3350	2441	1663	1270	992	713	471	281
845	4469	3307	2475	1711	1277	965	718	478	292
846	4451	3399	2415	1680	1260	948	709	473	299
847	4475	3264	2406	1674	1293	982	733	459	277
848	4496	3356	2417	1673	1242	975	740	485	272
849	4473	3359	2422	1699	1247	939	721	474	288
850	4457	3330	2422	1669	1289	954	717	471	279
851	4457	3330	2496	1675	1265	970	701	477	288
852	4526	3359	2426	1657	1259	966	714	461	286
853	4490	3289	2438	1691	1260	974	707	481	285
854	4417	3319	2415	1683	1279	989	705	478	279
855	4487	3296	2458	1675	1283	979	706	480	279
856	4496	3337	2477	1665	1254	995	713	476	289
857	4512	3355	2457	1678	1231	987	695	479	297
858	4541	3286	2370	1698	1292	991	704	473	275
859	4483	3323	2443	1672	1239	984	723	483	289
860	4524	3320	2448	1649	1278	1018	706	490	282
861	4455	3268	2401	1642	1295	962	754	491	270
862	4525	3354	2421	1742	1306	971	728	497	283
863	4541	3311	2395	1694	1306	997	718	492	285
864	4521	3373	2503	1721	1266	977	711	498	281
865	4474	3407	2487	1727	1235	967	714	484	276
866	4484	3368	2431	1710	1242	1010	738	479	302
867	4477	3349	2527	1697	1276	971	722	474	280
868	4486	3311	2471	1664	1254	969	705	476	278
869	4526	3421	2433	1659	1267	968	726	482	275
870	4485	3406	2420	1642	1279	962	740	463	287
871	4513	3324	2428	1639	1271	976	709	464	277
872	4523	3326	2446	1694	1291	979	728	466	285
873	4540	3322	2457	1678	1256	986	709	476	290
874	4484	3317	2437	1650	1276	984	708	472	291
875	4482	3335	2428	1670	1281	963	701	469	272
876	4419	3357	2412	1695	1226	972	715	483	290
877	4519	3312	2435	1713	1288	960	745	508	283
878	4513	3395	2455	1708	1270	969	720	471	305
879	4543	3258	2412	1688	1260	969	728	471	290
880	4588	3317	2422	1681	1280	992	693	450	272
881	4505	3328	2483	1696	1218	969	722	495	279
882	4525	3343	2390	1683	1262	964	690	472	289
883	4517	3313	2461	1647	1224	987	693	494	296
884	4447	3343	2425	1694	1301	985	701	478	286
885	4453	3339	2468	1667	1288	974	701	486	286
886	4436	3296	2386	1683	1286	962	738	465	275
887	4498	3384	2435	1660	1250	992	716	454	279
888	4481	3339	2472	1658	1267	1010	722	492	294
889	4524	3360	2396	1667	1264	962	715	487	272
890	4500	3369	2424	1681	1271	985	684	489	278
891	4514	3323	2457	1702	1261	977	714	471	290
892	4491	3363	2441	1702	1256	977	724	484	305
893	4474	3302	2450	1672	1235	987	714	470	273
894	4550	3360	2420	1709	1253	952	715	478	295
895	4495	3335	2431	1657	1247	956	751	483	280
896	4454	3370	2447	1710	1267	954	743	479	275
897	4526	3364	2475	1679	1285	986	737	474	264
898	4440	3308	2474	1709	1305	990	720	472	278
899	4534	3367	2463	1685	1270	990	721	473	290
900	4464	3387	2491	1693	1258	966	718	481	288
901	4534	3359	2443	1708	1278	984	710	491	270
902	4530	3328	2422	1703	1255	980	736	485	276
903	4448	3328	2452	1711	1298	950	690	478	287
904	4469	3362	2479	1683	1272	956	719	472	286
905	4548	3355	2438	1680	1288	971	710	497	290
906	4518	3314	2465	1695	1263	1002	719	486	273
907	4414	3410	2451	1676	1305	974	695	479	297
908	4552	3341	2460	1734	1267	965	745	467	278
909	4482	3345	2449	1690	1275	965	716	487	289
910	4486	3365	2394	1705	1267	956	741	465	285
911	4540	3345	2405	1725	1280	990	716	486	283
912	4461	3335	2428	1718	1250	972	712	474	279
913	4527	3352	2408	1656	1275	981	697	483	281
914	4430	3347	2457	1704	1300	971	709	473	292
915	4479	3352	2432	1700	1244	954	715	473	276
916	4503	3336	2410	1682	1289	957	719	459	287
917	4477	3406	2454	1689	1248	978	702	474	288
918	4483	3342	2453	1645	1247	980	686	486	292
919	4527	3373	2471	1694	1227	950	688	481	282
920	4562	3355	2492	1698	1303	954	710	486	291
921	4571	3410	2439	1667	1288	990	726	499	270
922	4478	3311	2422	1736	1274	968	737	504	291
923	4557	3393	2482	1673	1305	996	706	506	285
924	4504	3327	2479	1706	1313	982	745	491	293
925	4547	3279	2461	1687	1294	973	706	472	261
926	4532	3332	2443	1672	1246	996	740	461	290
927	4539	3347	2447	1691	1266	986	705	485	276
928	4501	3359	2449	1679	1295	975	723	474	294
929	4457	3276	2438	1722	1295	990	701	474	277
930	4561	3409	2455	1683	1281	994	716	475	281
931	4482	3379	2438	1682	1279	980	716	465	286
932	4576	3339	2409	1691	1288	1005	714	479	285
933	4573	3336	2475	1690	1319	998	711	504	282
934	4502	3363	2462	1744	1293	1010	717	482	289
935	4560	3327	2488	1698	1284	997	720	469	295
936	4502	3381	2446	1684	1292	1009	708	494	268
937	4455	3363	2436	1709	1294	988	713	490	287
938	4506	3325	2448	1664	1288	974	699	460	296
939	4483	3424	2385	1712	1324	1003	726	469	278
940	4553	3397	2373	1717	1327	955	705	486	281
941	4461	3374	2492	1708	1345	981	699	468	277
942	4537	3308	2388	1684	1279	972	733	495	289
943	4492	3391	2432	1729	1278	998	751	473	283
944	4502	3334	2428	1667	1265	976	739	488	282
945	4466	3406	2473	1690	1288	971	697	471	280
946	4508	3350	2456	1698	1287	990	724	502	286
947	4521	3356	2468	1700	1295	971	727	501	284
948	4495	3374	2453	1688	1276	997	702	474	278
949	4467	3401	2411	1702	1265	980	733	507	295
950	4534	3427	2429	1690	1300	976	730	473	275
951	4517	3345	2468	1720	1279	996	704	482	280
952	4542	3332	2417	1708	1295	998	721	468	291
953	4499	3384	2506	1698	1275	975	702	460	292
954	4463	3382	2463	1713	1248	979	714	475	269
955	4524	3353	2455	1657	1236	970	734	488	284
956	4521	3416	2425	1675	1240	1003	725	511	295
957	4524	3399	2474	1671	1291	997	729	476	279
958	4458	3387	2436	1695	1293	948	708	481	280
959	4575	3402	2522	1684	1257	992	716	468	274
960	4470	3413	2474	1650	1268	973	733	458	300
961	4469	3391	2449	1683	1268	971	707	470	289
962	4513	3389	2483	1670	1319	971	725	482	273
963	4550	3321	2437	1691	1298	999	755	470	285
964	4501	3352	2458	1674	1254	976	726	470	300
965	4507	3372	2479	1693	1298	995	746	478	291
966	4527	3387	2465	1694	1296	984	688	495	284
967	4521	3398	2486	1664	1320	987	719	474	290
968	4519	3381	2481	1713	1279	996	719	501	278
969	4622	3397	2468	1732	1251	961	723	490	283
970	4568	3414	2413	1699	1310	999	709	490	286
971	4543	3372	2477	1687	1284	997	729	484	288
972	4530	3394	2429	1695	1319	984	723	477	269
973	4491	3326	2457	1659	1285	978	721	475	279
974	4567	3350	2431	1761	1282	978	723	494	287
975	4485	3410	2446	1646	1290	1001	741	467	297
976	4542	3413	2433	1698	1258	961	722	489	273
977	4499	3403	2477	1726	1288	971	739	483	283
978	4605	3355	2440	1690	1293	973	722	492	284
979	4594	3362	2489	1705	1277	957	725	473	296
980	4533	3412	2448	1685	1284	1005	732	494	282
981	4529	3353	2420	1736	1286	954	704	487	277
982	4570	3432	2537	1673	1275	974	706	489	288
983	4530	3330	2490	1635	1293	981	737	476	303
984	4564	3367	2500	1724	1263	963	715	492	277
985	4521	3458	2447	1737	1279	977	709	484	295
986	4581	3338	2406	1722	1288	985	717	484	270
987	4570	3432	2446	1661	1301	926	699	519	281
988	4564	3415	2428	1726	1242	986	744	488	286
989	4570	3339	2434	1657	1257	963	710	495	273
990	4538	3464	2472	1731	1302	947	712	486	285
991	4514	3383	2455	1729	1283	973	737	492	283
992	4567	3373	2513	1687	1302	959	740	467	283
993	4587	3434	2438	1680	1291	970	732	465	283
994	4580	3469	2488	1686	1308	992	719	470	291
995	4514	3436	2449	1731	1295	991	727	483	273
996	4476	3391	2463	1693	1276	989	735	472	279
997	4542	3362	2454	1678	1280	972	721	477	298
998	4503	3335	2479	1705	1296	962	711	505	296
999	4564	3438	2475	1722	1287	968	710	502	287
1000	4523	3459	2476	1703	1296	954	709	483	288
1001	4544	3366	2433	1717	1263	998	685	472	267
1002	4465	3448	2416	1716	1277	962	720	486	279
1003	4499	3434	2410	1673	1309	1023	716	491	285
1004	4560	3412	2527	1706	1266	972	709	470	285
