time	200	160	128	102.4	81.92	65.536	52.4288	41.94304	33.554432	26.8435456	21.47483648	17.179869184
0	64	60	48	42	46	47	44	43	47	43	41	44
1	68	57	54	46	43	45	41	39	42	44	46	46
2	65	53	49	45	45	39	45	46	41	48	48	41
3	70	57	46	40	45	45	44	44	46	41	41	41
4	68	62	50	44	42	42	47	41	45	45	43	40
5	72	55	54	46	49	47	49	46	44	45	43	43
6	69	61	51	47	44	48	44	41	47	48	47	43
7	69	56	42	48	45	47	44	45	50	42	47	43
8	76	64	55	45	43	47	44	46	42	43	46	45
9	90	78	50	45	49	45	47	45	42	46	45	40
10	95	81	59	49	43	50	53	42	45	45	39	41
11	124	107	47	42	47	47	42	46	44	41	43	40
12	171	133	59	44	43	41	39	43	42	44	41	43
13	226	151	60	37	43	41	41	42	38	42	43	46
14	314	204	67	49	46	45	41	43	40	42	42	44
15	404	289	81	54	43	47	45	43	40	45	42	42
16	558	389	112	56	44	48	40	43	42	39	47	50
17	725	552	163	57	44	43	40	46	43	43	41	48
18	909	726	236	63	41	41	45	52	44	45	41	41
19	1143	977	322	83	49	49	45	39	38	49	43	41
20	1416	1297	437	83	50	45	47	54	47	47	48	39
21	1631	1622	653	103	44	50	51	61	41	51	42	45
22	2068	2074	888	139	59	52	57	57	46	52	46	48
23	2454	2574	1142	185	57	53	58	64	42	52	42	46
24	2746	3013	1526	247	70	70	56	63	41	54	44	43
25	3219	3528	1969	308	75	70	70	77	44	59	42	45
26	3636	4084	2407	406	95	85	86	81	42	69	45	42
27	4105	4540	2878	506	121	108	87	118	47	72	44	47
28	4347	4926	3204	640	160	138	99	111	45	86	44	49
29	4604	5352	3696	760	185	153	125	133	42	92	42	47
30	4978	5797	4190	917	220	192	153	161	46	96	44	44
31	5309	6195	4532	1108	293	231	183	180	44	101	38	45
32	5520	6561	4911	1252	363	274	211	190	47	103	46	41
33	5843	6684	5258	1487	479	310	250	227	57	125	47	46
34	6236	7095	5683	1720	538	384	284	265	47	148	45	51
35	6227	7197	5956	1903	667	460	331	296	53	159	48	49
36	6420	7645	6160	2122	777	574	404	346	55	182	46	51
37	6303	7436	6232	2262	920	625	470	387	62	216	52	56
38	6417	7496	6538	2491	1063	756	526	435	71	209	51	57
39	6791	7830	6577	2683	1225	829	604	494	69	250	48	48
40	6788	7859	6614	2851	1366	944	691	577	89	271	56	56
41	6708	7980	6670	2997	1584	1046	772	642	103	300	59	75
42	6882	8006	6619	3147	1724	1154	861	706	109	339	62	72
43	6896	8251	6694	3223	1856	1278	950	786	133	372	58	74
44	7197	8241	6979	3444	2055	1423	1069	855	147	428	67	92
45	7258	8292	7133	3422	2234	1567	1155	955	192	469	81	88
46	7026	8068	7053	3659	2305	1603	1289	1010	206	480	82	103
47	7305	8192	7137	3686	2440	1778	1347	1111	238	539	94	108
48	7082	8082	7104	3587	2515	1846	1388	1172	253	566	108	113
49	7180	8247	7245	3668	2582	1925	1546	1282	305	640	132	131
50	7118	8280	7038	3814	2745	2015	1588	1384	329	669	132	132
51	7274	8354	7413	3832	2836	2149	1707	1420	395	722	143	160
52	7179	8433	7305	3984	2960	2188	1826	1498	422	755	167	173
53	7062	8230	7106	3890	2911	2233	1844	1575	466	821	185	193
54	7097	8188	7065	3747	3044	2268	1876	1652	520	853	194	188
55	7021	8159	7082	3866	3094	2312	1984	1743	559	914	230	201
56	7030	8136	7185	3886	3107	2334	1949	1830	598	908	248	223
57	6947	8088	7091	3961	3055	2441	2034	1889	674	971	264	242
58	7088	8037	7274	3902	3133	2424	2140	1926	686	1035	286	248
59	7033	8201	7108	3848	3079	2527	2183	1937	760	1041	316	278
60	7063	8173	7115	4004	3263	2560	2184	2000	777	1125	329	289
61	7148	8096	7241	4044	3339	2625	2316	2087	866	1178	374	313
62	6982	8014	7074	4023	3328	2582	2234	2131	885	1168	394	303
63	7125	8132	7233	4078	3408	2692	2348	2175	945	1221	433	346
64	7036	7991	7153	3975	3391	2605	2356	2198	1001	1289	445	360
65	6957	7828	7124	4002	3398	2732	2396	2235	1055	1302	466	398
66	7113	7963	7117	4012	3403	2687	2388	2313	1069	1378	504	402
67	7001	8072	7044	4081	3385	2587	2383	2346	1095	1365	516	439
68	6987	8109	7116	3978	3413	2679	2364	2346	1181	1399	531	459
69	7099	7964	7174	4080	3419	2643	2388	2340	1215	1439	583	498
70	7151	7910	7154	4044	3471	2776	2410	2363	1233	1488	635	474
71	7300	8001	7315	4060	3560	2834	2525	2426	1315	1533	654	523
72	7088	8055	7027	3982	3436	2722	2520	2436	1317	1466	669	557
73	7005	8039	7048	4142	3559	2769	2484	2488	1346	1535	714	570
74	7123	8026	7217	4049	3472	2834	2496	2507	1406	1613	711	590
75	6945	7937	7185	4031	3509	2824	2493	2521	1429	1600	773	610
76	7025	7852	7080	4040	3519	2685	2544	2561	1473	1644	791	622
77	6979	7905	7114	4124	3512	2790	2469	2529	1481	1611	801	645
78	6901	7689	7042	4134	3557	2758	2577	2514	1486	1648	818	694
79	7015	7892	6992	4056	3556	2802	2466	2580	1547	1625	847	712
80	6913	7710	6994	4120	3593	2869	2534	2597	1525	1689	861	683
81	6948	7829	6876	3974	3553	2882	2620	2586	1582	1705	897	720
82	6891	7773	6896	4065	3558	2862	2612	2651	1593	1726	928	745
83	7036	8054	6860	4033	3589	2844	2599	2622	1622	1740	947	758
84	6961	7854	6870	4005	3572	2869	2653	2633	1598	1763	970	782
85	6998	7702	6875	3975	3598	2888	2684	2622	1673	1746	1004	837
86	6987	7698	6899	4041	3638	2815	2604	2608	1692	1803	987	821
87	6888	7893	6760	4002	3560	2837	2561	2648	1672	1767	1010	835
88	6914	7972	6975	4155	3591	2882	2668	2388	1656	1826	1054	863
89	6929	7819	6876	3938	3497	2890	2674	2359	1681	1773	1040	851
90	6982	7817	6896	4067	3563	2937	2576	2381	1681	1769	1057	890
91	6903	7794	6754	4013	3592	2893	2573	2350	1715	1779	1067	897
92	6996	7765	6961	4062	3593	2919	2742	2391	1772	1817	1063	924
93	6997	7677	6686	3931	3671	2835	2740	2340	1731	1768	1118	895
94	7134	7932	7011	4095	3682	2889	2698	2433	1766	1837	1110	961
95	6866	7436	6790	3960	3571	2896	2629	2362	1752	1824	1125	956
96	6876	7840	6905	4104	3671	2927	2642	2455	1770	1844	1145	955
97	6970	7793	6926	4094	3611	2898	2608	2451	1701	1819	1170	1008
98	7073	7830	7082	3994	3683	2927	2681	2389	1737	1836	1161	975
99	6818	7728	6779	4009	3588	2841	2553	2467	1765	1811	1141	995
100	6834	7860	6950	3989	3629	2803	2464	2455	1818	1867	1178	996
101	6982	7821	6898	4101	3664	2927	2620	2477	1797	1887	1168	1021
102	6931	7702	6828	3978	3597	2896	2515	2408	1780	1886	1207	1069
103	6785	7779	7014	4093	3619	2870	2550	2469	1797	1853	1217	1039
104	6916	7785	6944	4109	3637	2896	2622	2469	1876	1882	1250	1065
105	6709	7628	6760	4080	3574	2867	2526	2470	1812	1908	1221	1051
106	7054	7775	6965	4008	3678	2957	2670	2476	1854	1907	1271	1077
107	6677	7544	6871	4047	3646	2889	2565	2471	1800	1866	1249	1109
108	6702	7719	6785	3996	3600	2816	2582	2459	1837	1911	1272	1102
109	6876	7794	6905	4121	3658	2986	2586	2468	1787	1928	1287	1147
110	6715	7674	6696	4136	3604	2956	2522	2476	1816	1901	1285	1127
111	6960	7844	6761	4070	3611	2983	2647	2523	1816	1959	1281	1102
112	6699	7825	6608	4067	3624	2863	2533	2469	1855	1946	1278	1161
113	7001	7664	6701	4007	3617	2905	2558	2471	1797	1937	1276	1133
114	6751	7514	6797	4120	3581	2993	2575	2539	1823	1944	1313	1154
115	6657	7535	6865	4054	3642	2867	2640	2451	1865	1884	1342	1142
116	6846	7599	6736	4005	3655	2949	2583	2490	1826	1934	1297	1192
117	6835	7646	6701	3928	3604	2919	2531	2524	1854	1881	1284	1149
118	6687	7633	6721	4094	3645	2953	2592	2500	1851	1945	1315	1193
119	6778	7495	6618	4054	3678	2891	2656	2483	1874	1914	1316	1180
120	6872	7633	6746	3996	3591	2967	2615	2469	1864	1944	1302	1185
121	6762	7593	6663	4029	3583	2892	2549	2528	1888	1985	1356	1180
122	6736	7560	6790	4037	3597	2910	2555	2483	1853	1909	1336	1153
123	6695	7535	6837	4044	3688	2855	2598	2572	1864	1889	1347	1200
124	6819	7511	6759	4032	3537	2932	2593	2544	1905	1902	1324	1179
125	6722	7534	6754	4082	3617	2914	2578	2572	1916	1934	1332	1206
126	6744	7576	6608	3997	3611	2888	2632	2520	1898	1950	1329	1220
127	6700	7677	6686	4063	3646	2970	2585	2574	1849	1942	1343	1181
128	6913	7622	6764	4065	3666	2911	2544	2561	1882	1932	1359	1177
129	6783	7551	6714	4081	3648	2913	2641	2617	1910	1947	1315	1229
130	6694	7498	6687	4027	3566	2944	2636	2576	1878	1907	1334	1241
131	6618	7401	6700	4083	3580	2950	2603	2593	1825	1905	1341	1193
132	6701	7472	6720	4110	3627	2932	2588	2607	1895	1919	1361	1210
133	6584	7387	6718	4006	3649	2989	2664	2655	1888	1946	1329	1231
134	6782	7527	6814	4033	3576	2972	2583	2618	1879	1901	1382	1229
135	6671	7479	6617	4092	3603	2979	2624	2645	1908	1889	1353	1211
136	6767	7576	6691	4155	3627	2965	2576	2605	1847	1917	1388	1215
137	6652	7459	6603	4019	3641	2972	2665	2662	1917	1916	1375	1242
138	6657	7542	6561	3951	3483	3017	2636	2633	1950	1939	1355	1225
139	6856	7422	6602	3964	3590	3055	2660	2653	1925	1969	1356	1206
140	6783	7412	6604	3982	3646	3035	2616	2729	1906	1905	1336	1224
141	6706	7490	6551	4001	3553	3054	2568	2722	1979	1933	1338	1238
142	6699	7522	6778	4113	3641	3052	2706	2729	1980	1959	1415	1277
143	6704	7377	6484	3969	3544	3066	2642	2687	1989	1906	1351	1271
144	6550	7417	6498	4028	3627	3023	2586	2641	1940	1932	1367	1272
145	6537	7375	6561	4022	3587	3035	2725	2705	1954	1922	1381	1250
146	6844	7368	6487	4025	3535	3046	2656	2630	1991	1980	1365	1254
147	6868	7399	6534	3978	3627	3060	2677	2696	1989	2009	1350	1277
148	6623	7414	6563	3990	3664	3085	2613	2703	1981	1922	1392	1225
149	6614	7348	6610	4028	3551	3035	2687	2715	1974	1947	1386	1252
150	6632	7441	6389	4018	3664	3061	2714	2728	1999	1985	1341	1280
151	6569	7499	6414	4060	3656	3134	2636	2726	1966	1975	1362	1280
152	6748	7349	6475	4060	3701	3015	2667	2657	2003	1942	1387	1267
153	6618	7345	6593	4030	3589	3104	2750	2718	2024	1915	1363	1272
154	6856	7387	6461	3997	3638	3099	2684	2712	1998	1923	1420	1278
155	6970	7303	6480	3901	3666	3036	2678	2787	1951	1981	1376	1284
156	6911	7301	6559	4027	3709	3069	2758	2741	1952	1977	1385	1246
157	6826	7487	6631	4052	3817	3128	2747	2770	2012	2026	1404	1267
158	6695	7460	6569	4020	3786	3075	2670	2734	1950	1995	1375	1226
159	6836	7295	6543	4063	3636	3125	2655	2731	1988	1976	1393	1284
160	6837	7268	6436	4070	3709	3019	2614	2768	1960	1986	1372	1256
161	6966	7562	6528	4138	3803	3212	2774	2802	1994	1994	1419	1278
162	6606	7420	6485	4108	3732	3052	2676	2808	1963	1974	1405	1284
163	6662	7436	6441	4063	3711	3183	2655	2809	2056	1963	1380	1279
164	6929	7329	6438	4048	3757	3099	2668	2767	1954	1950	1403	1291
165	6786	7391	6599	4084	3734	3098	2677	2754	1973	1980	1366	1313
166	6955	7419	6476	4004	3717	3122	2720	2747	1983	2011	1432	1255
167	6876	7293	6454	4068	3667	3119	2662	2773	1995	1996	1390	1274
168	6861	7444	6556	4166	3755	3231	2756	2787	2017	1992	1374	1280
169	6702	7259	6455	4166	3681	3163	2669	2813	2015	1959	1401	1275
170	6699	7274	6391	4004	3697	3158	2703	2750	1991	1966	1417	1287
171	6674	7428	6493	4005	3739	3164	2759	2802	1992	1941	1404	1268
172	6736	7411	6526	4027	3702	3204	2762	2823	2050	2003	1423	1285
173	6779	7345	6444	3988	3698	3202	2763	2738	2003	1995	1417	1288
174	6546	7378	6424	4087	3651	3180	2782	2806	1998	1972	1406	1277
175	6638	7382	6417	4071	3743	3184	2823	2807	2058	1967	1388	1245
176	6733	7445	6493	4133	3752	3184	2735	2835	2011	1995	1397	1280
177	6617	7267	6439	4044	3759	3222	2789	2839	2003	1953	1406	1273
178	6600	7338	6540	4101	3735	3258	2769	2819	2011	1963	1409	1257
179	6507	7293	6555	4104	3764	3198	2749	2809	2016	1940	1441	1230
180	6685	7282	6614	3993	3780	3219	2805	2816	2029	2000	1393	1231
181	6725	7336	6430	4050	3684	3199	2844	2806	2057	1977	1411	1265
182	6732	7282	6321	4110	3770	3254	2807	2851	2061	1954	1401	1255
183	6674	7275	6384	4097	3685	3243	2754	2805	2014	1969	1391	1281
184	6619	7238	6409	4080	3724	3273	2772	2831	2053	1969	1473	1281
185	6709	7307	6293	4026	3622	3192	2803	2895	2054	1920	1439	1242
186	6644	7209	6312	4036	3729	3235	2800	2830	2035	1965	1421	1287
187	6723	7391	6331	4135	3742	3211	2797	2835	2101	1962	1466	1287
188	6645	7160	6405	4037	3809	3246	2871	2860	2057	2000	1416	1267
189	6807	7310	6457	4030	3732	3235	2821	2847	2023	1984	1412	1272
190	6667	7241	6362	4133	3735	3245	2760	2792	2084	1959	1425	1294
191	6574	7257	6398	4139	3788	3258	2838	2851	2040	2013	1429	1250
192	6718	7205	6416	4085	3755	3246	2797	2837	2047	1977	1441	1283
193	6737	7278	6374	4066	3757	3279	2807	2857	2018	1939	1449	1247
194	6637	7241	6267	4110	3798	3237	2859	2833	2077	1972	1456	1255
195	6646	7257	6388	4068	3793	3215	2876	2818	2065	2012	1439	1265
196	6586	7268	6320	4099	3702	3209	2888	2881	2059	1963	1465	1230
197	6713	7300	6340	4020	3712	3227	2902	2850	2039	1942	1441	1277
198	6742	7295	6414	4054	3804	3253	2851	2848	2106	1974	1461	1297
199	6752	7333	6315	4205	3809	3300	2918	2835	2081	1974	1463	1281
200	6563	7214	6386	3995	3752	3218	2962	2859	2107	1976	1462	1300
201	6646	7133	6430	4073	3757	3298	2854	2904	2091	1977	1437	1309
202	6736	7260	6250	4081	3787	3288	2883	2830	2125	1962	1451	1307
203	6701	7304	6210	4099	3735	3211	2869	2871	2160	1946	1486	1273
204	6695	7224	6112	4008	3682	3218	2856	2854	2108	1986	1474	1296
205	6546	7197	6265	4162	3737	3253	2874	2975	2137	1936	1501	1269
206	6577	7187	6239	4159	3744	3182	2870	2840	2067	1972	1482	1261
207	6575	7266	6256	4059	3792	3290	2902	2901	2086	1949	1457	1277
208	6504	7169	6253	4057	3737	3236	2925	2899	2096	2002	1461	1253
209	6502	7232	6322	4064	3822	3230	2897	2869	2080	1931	1491	1237
210	6649	7169	6142	4044	3708	3269	2913	2861	2129	1939	1482	1250
211	6726	7259	6200	3985	3692	3259	2960	2831	2101	1963	1454	1243
212	6576	7154	6187	4062	3763	3266	2932	2927	2112	1961	1505	1281
213	6928	7275	6211	3986	3744	3337	2921	2886	2094	2029	1509	1246
214	6656	7259	6282	4092	3733	3308	2961	2775	2170	1982	1482	1307
215	6704	7267	6201	4024	3746	3240	2990	2909	2129	2014	1509	1257
216	6694	7207	6270	4078	3778	3251	2983	2860	2167	1955	1494	1290
217	6488	7231	6212	4053	3806	3312	2914	2824	2151	1991	1526	1264
218	6384	7210	6215	4003	3729	3271	2893	2786	2141	1973	1498	1271
219	6325	7266	6250	4064	3848	3334	2913	2882	2163	1947	1492	1247
220	6608	7293	6285	4158	3727	3281	2945	2908	2122	1963	1465	1264
221	6519	7202	6341	4057	3810	3272	2932	2856	2144	1976	1509	1255
222	6616	7200	6200	4090	3838	3250	2948	2845	2157	1963	1446	1284
223	6643	7197	6315	4051	3737	3232	2957	2791	2118	2003	1508	1212
224	6601	7158	6064	4121	3880	3329	2975	2933	2130	1943	1487	1281
225	6593	7218	6204	4079	3778	3292	2990	2776	2108	1973	1453	1264
226	6635	7216	6200	4065	3702	3288	2981	2962	2130	1942	1480	1255
227	6461	7129	6303	4198	3839	3270	2900	2816	2172	2016	1463	1254
228	6447	7195	6159	4088	3779	3265	3006	2870	2157	1919	1448	1231
229	6607	7305	6200	4094	3788	3328	2956	2863	2146	1963	1493	1262
230	6505	7064	6146	4075	3855	3256	3011	2793	2116	1971	1507	1258
231	6739	7199	6136	4006	3828	3229	2996	2866	2110	1942	1451	1255
232	6772	7193	6144	4149	3814	3200	3000	2865	2153	1928	1466	1275
233	6604	7179	6312	4176	3797	3283	3012	2815	2121	1952	1483	1265
234	6763	7147	6327	4020	3787	3294	3067	2839	2107	1980	1474	1243
235	6782	7256	6266	4123	3845	3299	2995	2842	2157	1963	1428	1257
236	6972	7323	6307	4144	3810	3277	3006	2965	2138	2006	1468	1247
237	6573	7256	6226	4121	3767	3301	2998	2868	2161	1999	1473	1260
238	6346	7188	6025	4239	3797	3299	2962	2844	2147	1943	1487	1244
239	6361	7113	6202	4218	3837	3292	3054	2831	2148	2018	1484	1284
240	6545	7271	6195	4168	3811	3257	2937	2856	2144	2008	1449	1268
241	6637	7302	6059	4227	3791	3264	2930	2867	2148	1964	1449	1259
242	6725	7183	6299	4261	3828	3225	3051	2874	2121	1961	1459	1269
243	6573	7128	6262	4096	3842	3308	3090	2789	2148	1978	1430	1233
244	6479	7004	6251	4195	3839	3317	2981	2808	2164	1977	1481	1246
245	6600	7178	6193	4211	3867	3335	3010	2840	2156	1923	1441	1224
246	6547	7126	6078	4136	3793	3297	3006	2760	2194	1937	1480	1235
247	6644	7178	6308	4142	3787	3309	3054	2816	2169	1963	1406	1293
248	6398	7101	6222	4131	3815	3289	3020	2775	2195	1954	1432	1250
249	6527	7157	6161	4109	3783	3256	3004	2791	2169	2009	1429	1230
250	6620	7187	6122	4127	3777	3310	3053	2757	2155	1968	1448	1251
251	6628	7176	6074	4130	3840	3301	3040	2791	2168	2002	1459	1247
252	6646	7139	6071	4066	3750	3316	3039	2896	2143	1948	1442	1255
253	6448	7175	6070	4204	3874	3278	3005	2793	2159	2013	1415	1254
254	6551	7172	5986	4250	3845	3332	3038	2789	2194	1912	1481	1245
255	6676	7255	6130	4209	3832	3303	2992	2866	2192	1965	1461	1261
256	6812	7140	6215	4123	3831	3224	3053	2750	2168	2003	1478	1260
257	6780	7093	6000	4157	3829	3195	3005	2817	2140	1961	1456	1258
258	6558	7154	6172	4209	3818	3255	3018	2819	2165	1983	1436	1225
259	6365	7165	6163	4143	3884	3335	3000	2847	2137	1990	1426	1209
260	6521	7116	5962	4248	3786	3277	2977	2895	2176	1974	1439	1236
261	6707	7120	6009	4159	3810	3296	3066	2732	2141	1988	1455	1223
262	6742	7132	6201	4146	3895	3245	3051	2756	2180	1956	1439	1243
263	6523	7076	6073	4263	3875	3269	3023	2777	2161	1947	1383	1248
264	6559	7106	6147	4168	3857	3291	3063	2777	2151	1933	1448	1210
265	6496	7231	6177	4296	3882	3288	3068	2742	2159	1984	1444	1258
266	6542	7273	6126	4204	3828	3338	3066	2748	2212	1954	1441	1243
267	6550	7123	5971	4234	3941	3311	3026	2789	2186	1986	1457	1228
268	6756	7257	6085	4144	3863	3235	3044	2772	2165	1976	1422	1216
269	6432	7175	6215	4232	3856	3253	3056	2765	2135	2048	1446	1250
270	6520	7145	6097	4271	3842	3334	3062	2734	2219	1941	1416	1238
271	6769	7182	6060	4213	3880	3224	3007	2773	2205	1956	1441	1223
272	6648	7138	6041	4307	3819	3255	3067	2903	2168	1959	1376	1249
273	6366	7211	6093	4252	3863	3271	3075	2883	2169	1952	1406	1236
274	6666	7147	6103	4160	3806	3273	3049	2802	2187	1994	1438	1230
275	6809	7116	6176	4131	3825	3341	3048	2801	2180	1970	1462	1251
276	6677	7112	6139	4152	3846	3286	3098	2762	2160	1965	1457	1271
277	6748	7229	6120	4338	3813	3258	3023	2732	2145	1971	1428	1212
278	6746	7135	6038	4274	3888	3322	3076	2831	2164	2009	1449	1226
279	6633	7091	6079	4202	3844	3238	3041	2697	2188	1988	1469	1190
280	6643	7081	6020	4258	3869	3252	3089	2764	2138	1987	1426	1187
281	6550	7066	6010	4295	3917	3329	3073	2767	2120	1998	1423	1210
282	6715	7091	6002	4245	3927	3314	3029	2695	2165	1995	1442	1222
283	6744	7058	6035	4332	3788	3320	3064	2799	2194	1982	1457	1217
284	6886	7093	5963	4166	3872	3259	3093	2720	2166	1980	1426	1254
285	6877	7035	5941	4293	3855	3272	3064	2712	2206	1981	1431	1237
286	6674	7073	6048	4217	3849	3246	3045	2721	2242	1963	1392	1220
287	6787	7032	6041	4331	3879	3198	3085	2775	2177	2012	1408	1246
288	6368	6984	5992	4216	3918	3271	3059	2703	2140	1944	1480	1253
289	6443	7101	6145	4365	3915	3329	3065	2710	2200	1944	1410	1211
290	6507	6953	6012	4157	3892	3255	3077	2725	2159	1954	1434	1245
291	6698	7042	6118	4357	3926	3241	3083	2743	2177	1968	1431	1240
292	6824	7129	6069	4172	3913	3266	3084	2746	2189	1983	1415	1203
293	6728	7201	6144	4450	3962	3342	3090	2823	2209	2004	1457	1224
294	6582	6902	5892	4262	3907	3270	3093	2709	2187	1997	1406	1230
295	6543	7201	6008	4274	3888	3291	3105	2848	2163	1940	1401	1210
296	6445	7127	6123	4270	3860	3232	3153	2722	2159	1918	1411	1218
297	6564	7054	6063	4336	3931	3268	3079	2699	2104	1980	1432	1211
298	6423	7072	6169	4262	3903	3215	3035	2718	2195	1984	1383	1204
299	6561	7001	6054	4220	3916	3310	3061	2759	2153	2040	1410	1229
300	6438	7103	6033	4284	3896	3291	3071	2700	2141	1995	1426	1245
301	6529	7104	5990	4315	3902	3277	3053	2722	2137	1998	1396	1221
302	6697	7114	5940	4302	3904	3324	3084	2705	2180	2007	1387	1240
303	6527	7024	6021	4357	3865	3337	3105	2751	2147	1971	1419	1218
304	6470	7086	5949	4280	3927	3320	3100	2806	2212	1985	1371	1195
305	6450	7119	6030	4325	3926	3246	3062	2803	2138	1959	1447	1159
306	6781	7009	5845	4177	3899	3280	3024	2688	2176	1994	1403	1186
307	6404	7002	5988	4342	3906	3284	3065	2726	2116	1975	1398	1191
308	6607	7046	5947	4343	3880	3195	3051	2752	2167	1952	1406	1234
309	6469	7032	6093	4288	3873	3239	3026	2840	2145	1994	1374	1204
310	6375	7044	5916	4344	3903	3192	3059	2800	2169	2009	1405	1181
311	6604	7146	5919	4327	3915	3244	3107	2740	2150	1983	1377	1191
312	6716	6968	5988	4260	3879	3275	3025	2731	2181	1973	1435	1238
313	6814	6980	5993	4350	3923	3241	3105	2751	2171	1977	1436	1214
314	6488	7030	5989	4420	3823	3301	3056	2720	2185	1978	1392	1205
315	6500	7151	6144	4399	3909	3274	3019	2795	2132	1944	1449	1178
316	6297	7077	6157	4425	3919	3262	3002	2716	2152	1982	1390	1229
317	6400	7057	6012	4236	3965	3290	3100	2715	2182	1957	1402	1204
318	6611	7052	5998	4335	3857	3301	3031	2750	2219	1993	1406	1233
319	6667	7053	6140	4452	3906	3323	3090	2787	2218	2015	1409	1215
320	6366	6981	6008	4299	3960	3261	3196	2715	2180	1989	1397	1240
321	6463	6998	6126	4386	3867	3298	3100	2691	2175	1943	1407	1220
322	6744	6963	5978	4216	3854	3284	3106	2665	2148	2017	1399	1180
323	6776	7078	6045	4344	3828	3351	3110	2671	2170	1956	1388	1187
324	6483	7077	6060	4324	3879	3349	3138	2710	2175	1944	1405	1203
325	6757	7044	6148	4362	3872	3236	3127	2777	2170	1932	1381	1242
326	6773	7019	5947	4217	3845	3239	3136	2658	2161	1925	1405	1189
327	6486	7049	5992	4386	3944	3301	3148	2687	2186	1935	1390	1184
328	6765	6978	6006	4259	3880	3283	3124	2674	2172	1958	1415	1171
329	6461	7047	6014	4351	3907	3300	3119	2790	2180	1940	1381	1203
330	6476	6980	6164	4218	3972	3264	3089	2700	2183	1938	1400	1211
331	6559	7001	5996	4333	3894	3280	3084	2801	2131	1965	1392	1156
332	6339	6984	6025	4336	3887	3222	3098	2679	2126	1917	1405	1183
333	6379	7011	6010	4397	3933	3340	3167	2778	2166	1938	1401	1186
334	6367	6981	6049	4400	3897	3250	3133	2740	2163	1957	1393	1176
335	6511	6993	5972	4349	3873	3274	3177	2682	2167	1924	1407	1180
336	6548	7131	5951	4361	3896	3237	3179	2709	2170	1912	1445	1201
337	6623	7020	5948	4276	3880	3281	3079	2700	2239	1931	1379	1200
338	6432	6981	6103	4419	3895	3306	3068	2706	2209	1928	1413	1202
339	6628	7032	6045	4309	3876	3298	3199	2774	2167	1951	1416	1162
340	6436	7121	5950	4392	3915	3323	3082	2713	2175	1962	1384	1228
341	6456	7056	5993	4371	3851	3296	3136	2675	2188	1955	1364	1188
342	6548	6929	6047	4319	3825	3231	3153	2663	2149	1939	1397	1189
343	6360	7018	5981	4394	3882	3301	3076	2673	2161	1897	1399	1191
344	6326	6993	6030	4355	3977	3307	3066	2704	2139	1896	1374	1169
345	6250	6953	6052	4358	3955	3207	3066	2731	2136	1959	1391	1170
346	6311	6979	6070	4350	3890	3245	3039	2686	2184	1890	1393	1178
347	6496	6939	6034	4388	3878	3317	3127	2728	2136	1910	1388	1190
348	6368	6961	6134	4356	3943	3194	3065	2627	2154	1897	1337	1162
349	6493	7010	5991	4398	3964	3241	3035	2710	2145	1903	1340	1174
350	6525	6973	5947	4328	3850	3220	3063	2674	2169	1884	1341	1181
351	6373	7078	5977	4374	3976	3277	3097	2704	2163	1866	1369	1175
352	6352	7041	6070	4347	3930	3283	3106	2771	2196	1873	1387	1207
353	6521	7000	6005	4314	3969	3239	3086	2765	2149	1931	1388	1154
354	6533	6970	5889	4312	3901	3212	3043	2664	2148	1915	1408	1180
355	6444	6970	5874	4340	3916	3255	2991	2795	2167	1905	1351	1208
356	6308	6886	6110	4350	3852	3221	3051	2658	2127	1884	1381	1189
357	6403	7004	5955	4350	3875	3268	3099	2699	2146	1863	1319	1183
358	6326	6909	6057	4324	3986	3216	3056	2776	2137	1900	1360	1204
359	6461	6891	6017	4314	3999	3247	3011	2611	2113	1917	1406	1143
360	6575	6906	5974	4377	3976	3211	3081	2748	2133	1880	1377	1136
361	6467	6937	5885	4368	3966	3281	3084	2679	2159	1868	1362	1160
362	6585	6923	5951	4299	3933	3199	3073	2599	2123	1888	1384	1153
363	6365	6967	5992	4406	3949	3203	3116	2741	2140	1862	1384	1179
364	6761	6959	6000	4277	3849	3278	3109	2697	2116	1874	1373	1191
365	6409	7026	6010	4363	3944	3308	3132	2675	2176	1919	1425	1182
366	6484	7008	5986	4343	3875	3276	3094	2651	2162	1877	1371	1167
367	6683	6950	5971	4317	3959	3311	3177	2798	2149	1886	1364	1162
368	6324	7009	6048	4362	3909	3268	3119	2701	2140	1887	1398	1178
369	6431	6865	6013	4347	3940	3242	3014	2675	2123	1869	1362	1177
370	6593	6947	5974	4336	3941	3226	3062	2688	2168	1848	1402	1164
371	6615	6972	5956	4306	3938	3269	3099	2656	2169	1898	1325	1205
372	6406	7015	6036	4363	3914	3248	3103	2698	2161	1893	1351	1140
373	6374	6956	6030	4342	3914	3241	3074	2752	2140	1838	1354	1177
374	6443	6895	6059	4296	3898	3183	3045	2666	2171	1885	1361	1180
375	6382	7003	5955	4325	3925	3258	3043	2597	2184	1885	1376	1186
376	6508	6893	5859	4311	3887	3302	3050	2633	2161	1868	1408	1189
377	6463	6904	5990	4371	3898	3272	3084	2647	2143	1897	1362	1192
378	6423	6923	6116	4296	3894	3223	3071	2633	2153	1838	1370	1163
379	6366	6926	6047	4386	3860	3292	3041	2679	2170	1845	1374	1169
380	6389	6956	6029	4415	3911	3252	3042	2627	2118	1896	1384	1159
381	6585	6892	6031	4324	3937	3162	3060	2740	2125	1865	1393	1167
382	6749	6882	5947	4298	3922	3239	3065	2761	2099	1891	1386	1195
383	6649	6966	5851	4387	3960	3205	2977	2688	2146	1854	1399	1172
384	6372	6981	5981	4349	3971	3185	3048	2586	2159	1876	1386	1168
385	6470	6946	6027	4372	3982	3187	3089	2751	2158	1833	1372	1162
386	6262	6935	6034	4401	3913	3256	3119	2627	2111	1858	1345	1158
387	6455	6979	5934	4369	3920	3188	3074	2572	2162	1837	1362	1194
388	6305	6926	5965	4469	3961	3210	3020	2587	2138	1883	1396	1156
389	6304	6860	5983	4320	3952	3232	2992	2691	2122	1848	1381	1175
390	6469	6945	5831	4348	3924	3271	3093	2599	2096	1861	1336	1176
391	6283	6858	5932	4458	3969	3217	3042	2633	2163	1849	1375	1165
392	6345	6970	6058	4406	3975	3231	3050	2610	2088	1865	1358	1185
393	6436	6915	5949	4420	3974	3290	2992	2658	2108	1870	1351	1168
394	6424	6970	6058	4373	3889	3207	3081	2696	2102	1792	1374	1162
395	6762	6831	5924	4344	3960	3206	3020	2690	2134	1855	1383	1179
396	6449	6950	5919	4418	3937	3210	3090	2606	2093	1873	1406	1175
397	6517	6923	6077	4369	3900	3213	3126	2637	2183	1881	1365	1186
398	6440	6866	5974	4353	3919	3221	3148	2706	2131	1889	1368	1142
399	6290	6880	5942	4396	3878	3263	3120	2738	2077	1840	1393	1195
400	6578	6902	6002	4366	3925	3197	3115	2695	2081	1849	1367	1185
401	6663	6840	5882	4461	3907	3274	3143	2616	2117	1866	1357	1171
402	6620	6921	5857	4385	3985	3245	3046	2629	2108	1883	1395	1171
403	6573	6893	5948	4408	3893	3233	3065	2661	2106	1866	1401	1190
404	6392	6991	5965	4399	3930	3218	3106	2632	2124	1839	1329	1150
405	6352	6845	5922	4383	3947	3258	3075	2634	2122	1854	1391	1167
406	6450	6924	5908	4335	3930	3296	3030	2725	2165	1897	1352	1179
407	6658	6919	5882	4468	3972	3251	3112	2631	2080	1825	1374	1202
408	6828	6854	5849	4386	3955	3229	3087	2628	2142	1884	1364	1139
409	6498	6892	5872	4426	3984	3276	3045	2636	2136	1880	1375	1153
410	6874	6820	5826	4372	3892	3231	3063	2679	2129	1830	1363	1151
411	6398	6967	5988	4414	3938	3267	3049	2697	2177	1834	1366	1201
412	6237	6821	5934	4382	3930	3186	3096	2635	2105	1813	1356	1183
413	6471	6910	5963	4385	3913	3220	3054	2657	2089	1906	1318	1149
414	6340	6909	6091	4407	4010	3252	3155	2735	2157	1848	1369	1145
415	6248	6865	5997	4470	3908	3212	3052	2713	2149	1874	1364	1143
416	6306	6854	5958	4403	3864	3217	2980	2651	2100	1879	1395	1115
417	6412	6984	5974	4474	3931	3278	3061	2646	2107	1826	1350	1154
418	6473	6758	5815	4459	3976	3257	3073	2659	2145	1832	1361	1168
419	6508	6909	5856	4464	4016	3166	3068	2699	2135	1829	1385	1116
420	6332	6930	5962	4432	3895	3229	3065	2632	2082	1866	1356	1201
421	6368	6833	5953	4388	4001	3199	3031	2646	2119	1871	1346	1183
422	6416	6837	5862	4420	4028	3254	3097	2593	2140	1842	1353	1157
423	6397	6917	5767	4430	3990	3154	3036	2594	2113	1858	1336	1181
424	6576	6906	5888	4438	4014	3244	3062	2628	2099	1870	1342	1158
425	6299	6897	5949	4472	4022	3205	3008	2647	2097	1883	1369	1197
426	6417	6713	6000	4445	3926	3285	3013	2669	2105	1898	1342	1185
427	6290	6834	5913	4466	3921	3149	3023	2594	2086	1863	1344	1159
428	6310	6809	5921	4407	3969	3249	3099	2690	2136	1869	1309	1180
429	6202	6847	5991	4392	3985	3284	3011	2616	2125	1862	1359	1168
430	6349	6818	5977	4423	3982	3209	3017	2667	2124	1875	1330	1145
431	6287	6949	5982	4438	3972	3248	3018	2599	2026	1828	1411	1159
432	6612	6780	5967	4433	3937	3278	3081	2695	2096	1877	1340	1131
433	6433	6900	5912	4420	3999	3232	3050	2642	2052	1857	1353	1146
434	6406	6901	5978	4468	3948	3168	3050	2644	2031	1847	1369	1137
435	6285	6962	5980	4376	4020	3211	3042	2710	2138	1898	1378	1166
436	6297	6874	5901	4471	3961	3235	3073	2624	2052	1842	1376	1151
437	6473	6935	5926	4386	4015	3209	3002	2685	2134	1872	1357	1156
438	6477	6887	5902	4423	3953	3307	3088	2613	2096	1825	1333	1177
439	6519	6906	5967	4354	3972	3247	3045	2660	2119	1903	1358	1153
440	6667	6943	5882	4471	4023	3250	3050	2647	2115	1853	1373	1171
441	6240	6914	5894	4445	3947	3236	3113	2566	2114	1900	1381	1132
442	6349	6858	5902	4434	3973	3180	3004	2708	2101	1864	1353	1153
443	6312	6927	6110	4497	3953	3187	3053	2617	2094	1873	1362	1183
444	6449	6877	5968	4437	3974	3216	2986	2556	2088	1829	1347	1134
445	6359	6808	5918	4442	3980	3185	3052	2602	2101	1889	1339	1121
446	6605	6830	5964	4513	3976	3250	3002	2593	2106	1891	1356	1155
447	6337	6983	5881	4474	3976	3225	3066	2586	2077	1892	1344	1173
448	6438	6876	5998	4429	3939	3196	3067	2575	2120	1883	1360	1135
449	6392	6880	5858	4470	3951	3155	3030	2557	2097	1856	1337	1156
450	6493	6785	5995	4440	3997	3178	3088	2722	2089	1862	1366	1133
451	6374	6853	5943	4452	3972	3260	2997	2582	2109	1859	1340	1156
452	6428	6797	5936	4393	4015	3206	3046	2615	2135	1848	1367	1166
453	6495	6920	5816	4435	3894	3169	3024	2630	2115	1918	1387	1158
454	6598	6817	5868	4487	3956	3225	3010	2705	2104	1878	1333	1140
455	6453	6910	5937	4425	4052	3207	3052	2580	2119	1824	1355	1148
456	6445	6831	5885	4475	3932	3252	2997	2616	2139	1879	1345	1146
457	6465	6862	5904	4433	3936	3201	3037	2673	2089	1867	1328	1159
458	6527	6751	5879	4469	3962	3200	2987	2613	2065	1865	1389	1127
459	6301	6891	6052	4494	3960	3157	2942	2612	2071	1900	1340	1127
460	6321	6888	6038	4470	3929	3178	3013	2630	2047	1821	1337	1138
461	6403	6857	5955	4402	3980	3218	3015	2640	2077	1827	1380	1151
462	6379	6842	5896	4510	3919	3211	2998	2611	2058	1878	1358	1147
463	6583	6874	6007	4314	3994	3225	3009	2689	2077	1866	1368	1153
464	6382	6836	5978	4341	4066	3165	2985	2582	2117	1836	1338	1146
465	6218	6851	6070	4425	3987	3176	3027	2543	2094	1826	1376	1158
466	6312	6978	5932	4366	3990	3168	2972	2741	2066	1867	1293	1156
467	6352	6844	5872	4528	3932	3167	2991	2588	2078	1863	1362	1185
468	6259	6731	5974	4466	3909	3169	2956	2699	2077	1845	1319	1119
469	6461	6821	6054	4461	3945	3203	2936	2576	2058	1865	1310	1182
470	6538	6687	5823	4482	3947	3252	2941	2638	2076	1879	1346	1145
471	6477	6765	5983	4444	3961	3121	2954	2675	2095	1900	1338	1124
472	6666	6846	5825	4493	3972	3151	2922	2671	2067	1819	1293	1146
473	6245	6857	5926	4470	3876	3215	2933	2661	2073	1838	1383	1176
474	6418	6764	5972	4439	4025	3162	2940	2680	2022	1821	1356	1118
475	6401	6786	6008	4481	3984	3140	2957	2618	2098	1862	1354	1129
476	6390	6847	6019	4527	4026	3214	2914	2654	2085	1840	1386	1125
477	6386	6813	5923	4465	4014	3198	2998	2551	2099	1802	1353	1147
478	6485	6785	5778	4431	3982	3157	2946	2563	2082	1896	1349	1144
479	6614	6793	5889	4433	3935	3184	2931	2612	2075	1895	1358	1163
480	6449	6816	5873	4372	3962	3213	2951	2709	2062	1852	1347	1154
481	6345	6791	5914	4430	3904	3212	2935	2605	2050	1827	1360	1153
482	6565	6856	5842	4432	3922	3210	2967	2601	2092	1881	1330	1152
483	6700	6749	5924	4452	3960	3167	2966	2577	2097	1842	1353	1176
484	6653	6929	5834	4394	3879	3152	3015	2660	2082	1828	1359	1162
485	6608	6941	5758	4435	3981	3141	2915	2610	2102	1856	1332	1145
486	6600	6930	5861	4353	3915	3244	2926	2607	2073	1871	1335	1149
487	6608	6855	5921	4430	3944	3166	2931	2629	2102	1848	1345	1144
488	6542	6821	5826	4471	3983	3123	2976	2598	2094	1914	1304	1125
489	6532	6895	5930	4364	3997	3198	2977	2569	2071	1837	1335	1130
490	6753	6790	5958	4349	3986	3187	2984	2593	2085	1866	1360	1147
491	6556	6819	5995	4434	3985	3240	3022	2615	2107	1857	1344	1129
492	6484	6881	5952	4374	3891	3185	3015	2568	2059	1843	1393	1142
493	6431	6889	5946	4372	3941	3202	2976	2543	2073	1844	1390	1161
494	6530	6931	5952	4404	4013	3196	2981	2628	2086	1846	1353	1146
495	6781	6856	5932	4382	3996	3177	2995	2663	2065	1861	1336	1150
496	6343	6894	6008	4384	3914	3212	2939	2628	2009	1832	1328	1141
497	6414	6903	6010	4432	3940	3202	2952	2564	2016	1826	1371	1164
498	6569	6851	5974	4363	3920	3184	2972	2675	2074	1852	1350	1134
499	6491	6883	5984	4438	3926	3158	2915	2565	2074	1847	1319	1121
500	6526	6797	5889	4390	3974	3197	3023	2573	2024	1839	1358	1133
501	6434	6778	5916	4438	3962	3163	2968	2623	2018	1811	1376	1160
502	6624	6938	5970	4345	3879	3193	3009	2588	2032	1914	1362	1134
503	6419	6832	5879	4422	3957	3204	3012	2564	2070	1828	1312	1132
504	6398	6952	5972	4415	3993	3171	2986	2743	2068	1888	1332	1113
505	6520	6844	5863	4425	3940	3195	2961	2704	2073	1878	1342	1156
506	6602	6839	5907	4405	3942	3159	3020	2615	2064	1888	1340	1151
507	6649	6878	5980	4376	3971	3160	3005	2514	2048	1845	1322	1148
508	6444	6904	5885	4414	3951	3185	2962	2636	2069	1827	1358	1160
509	6286	6761	5988	4460	3962	3113	2929	2705	2101	1880	1318	1169
510	6595	6738	5951	4362	3959	3143	2935	2556	2029	1837	1370	1148
511	6568	6802	5916	4450	3943	3252	2961	2583	2054	1884	1343	1157
512	6706	6686	5902	4371	3941	3171	2950	2608	2072	1864	1345	1191
513	6577	6708	5875	4515	3935	3180	2969	2552	2108	1817	1395	1136
514	6678	6814	5933	4396	3921	3199	2917	2629	2040	1854	1351	1117
515	6617	6851	5869	4324	3926	3193	3012	2565	2043	1867	1327	1149
516	6802	6857	5831	4368	3949	3139	2928	2636	2034	1875	1326	1143
517	6659	6833	5928	4360	3944	3120	2916	2559	2074	1873	1324	1141
518	6524	6731	5892	4419	3911	3105	2973	2681	2049	1868	1369	1129
519	6627	6760	5839	4488	3950	3138	2923	2647	2072	1852	1346	1156
520	6526	6793	5831	4352	3969	3144	2924	2574	1994	1862	1322	1145
521	6764	6801	5824	4309	4000	3117	2931	2565	2082	1830	1341	1135
522	6528	6768	5940	4439	3943	3219	2947	2613	2046	1865	1346	1122
523	6197	6782	5988	4458	3870	3203	2923	2635	2071	1872	1348	1140
524	6377	6775	6009	4438	3898	3185	2961	2665	2049	1899	1330	1133
525	6522	6760	5870	4400	3953	3220	3007	2602	2135	1865	1305	1154
526	6760	6798	5901	4410	3992	3171	2986	2610	2039	1854	1339	1162
527	6355	6793	5898	4430	4016	3188	2940	2612	2050	1888	1319	1133
528	6583	6763	5907	4408	3913	3140	2929	2639	2031	1860	1323	1129
529	6569	6797	5904	4408	3870	3086	3005	2607	2056	1867	1334	1156
530	6844	6785	5900	4356	3932	3125	2961	2568	2036	1833	1317	1167
531	6508	6766	5950	4399	3955	3152	2939	2607	2030	1850	1355	1158
532	6632	6752	5932	4350	3946	3129	2919	2581	2045	1861	1337	1159
533	6552	6783	5960	4462	3905	3222	2905	2651	2062	1822	1315	1163
534	6627	6694	5927	4427	3930	3161	2909	2624	2051	1871	1318	1127
535	6515	6925	6036	4578	4007	3130	2952	2680	2031	1894	1348	1162
536	6538	6815	5912	4397	4032	3124	2984	2599	2018	1828	1320	1135
537	6549	6745	5894	4378	3861	3152	2947	2577	2072	1841	1299	1164
538	6748	6871	5909	4380	3907	3126	2952	2539	2058	1818	1299	1158
539	6723	6717	5826	4432	3978	3181	2947	2598	2071	1883	1325	1120
540	6697	6818	5978	4342	3877	3136	2963	2596	2061	1828	1299	1135
541	6565	6725	5830	4474	3916	3163	2966	2573	2085	1880	1330	1140
542	6566	6829	5982	4484	3875	3162	2956	2545	2077	1859	1360	1099
543	6631	6757	5874	4371	3972	3155	2841	2530	2089	1816	1327	1150
544	6396	6837	5926	4460	3910	3128	2947	2577	2037	1873	1353	1119
545	6374	6784	5884	4452	3912	3082	2910	2515	2033	1840	1327	1140
546	6492	6771	5927	4444	3911	3127	3009	2565	2021	1853	1338	1124
547	6629	6694	5919	4488	3913	3117	2966	2604	2065	1864	1322	1170
548	6301	6750	5910	4454	3974	3116	2923	2613	2036	1841	1326	1153
549	6403	6839	5806	4356	3931	3117	2938	2658	2053	1864	1342	1125
550	6476	6766	5936	4416	3941	3139	2977	2510	2014	1838	1273	1125
551	6484	6838	5939	4386	3956	3199	2936	2616	2012	1886	1301	1114
552	6804	6949	5984	4493	3998	3232	3017	2636	2120	1824	1384	1145
553	6567	6839	5856	4423	3964	3167	2963	2626	2039	1823	1368	1113
554	6305	6828	5862	4403	3982	3141	2938	2563	1990	1834	1345	1154
555	6584	6877	5876	4372	3974	3145	2986	2539	2043	1818	1323	1140
556	6638	6740	5865	4431	3939	3125	2944	2519	2030	1850	1359	1129
557	6726	6774	5878	4442	3929	3181	2865	2535	2044	1804	1339	1141
558	6452	6719	6047	4373	3934	3205	2919	2673	2041	1845	1316	1128
559	6372	6771	5979	4420	3896	3121	2943	2596	2021	1861	1327	1113
560	6535	6822	5947	4449	3994	3153	2870	2569	2011	1877	1316	1123
561	6410	6817	5962	4366	3937	3139	2917	2610	2037	1815	1314	1132
562	6436	6742	5915	4489	3939	3151	2873	2564	1998	1856	1371	1137
563	6319	6742	5983	4475	3960	3106	2832	2553	1999	1782	1302	1157
564	6428	6749	5880	4411	3924	3136	2871	2564	2070	1831	1321	1133
565	6556	6727	5938	4367	3919	3119	2903	2582	2043	1862	1334	1138
566	6452	6750	5984	4525	4000	3163	2886	2545	2037	1863	1372	1127
567	6507	6817	5866	4415	3942	3107	2912	2587	2012	1866	1334	1113
568	6518	6707	5915	4447	3926	3170	2854	2570	2015	1864	1348	1156
569	6501	6683	5959	4469	3921	3113	2869	2560	2000	1842	1327	1133
570	6717	6827	5923	4565	3954	3163	2920	2521	2086	1888	1350	1148
571	6363	6765	5938	4465	3993	3215	2945	2588	1992	1825	1322	1136
572	6436	6760	5979	4433	3839	3100	2917	2607	2030	1820	1310	1139
573	6509	6832	6008	4376	3944	3062	2852	2494	2021	1833	1320	1122
574	6692	6717	5919	4467	3937	3086	2855	2503	2014	1851	1329	1134
575	6529	6807	5941	4405	3974	3152	2926	2509	1994	1825	1320	1147
576	6686	6787	5868	4492	3899	3178	2872	2507	2029	1833	1278	1128
577	6582	6782	5765	4424	3905	3136	2934	2568	2030	1824	1301	1113
578	6652	6752	5961	4402	3996	3097	2885	2564	1998	1857	1325	1118
579	6557	6726	5813	4430	3910	3080	2858	2633	2030	1859	1316	1122
580	6747	6800	5944	4446	3923	3143	2909	2543	2055	1871	1312	1145
581	6530	6705	5906	4451	3892	3143	2918	2577	2012	1854	1342	1127
582	6383	6764	5895	4386	3940	3114	2939	2603	2003	1792	1313	1161
583	6258	6796	6004	4473	4006	3140	2919	2550	2052	1864	1334	1152
584	6369	6814	5910	4500	4001	3116	2892	2557	2019	1829	1357	1125
585	6438	6800	5900	4371	3984	3107	2983	2573	2041	1831	1318	1120
586	6576	6657	5939	4404	3819	3155	2849	2621	2051	1828	1267	1160
587	6599	6719	5853	4370	3921	3085	2911	2553	2021	1829	1336	1133
588	6541	6808	5853	4369	3931	3133	2969	2570	2073	1805	1337	1142
589	6439	6831	5884	4446	3991	3144	2842	2570	2028	1867	1352	1150
590	6554	6757	5864	4346	3879	3077	2855	2579	2004	1852	1353	1118
591	6513	6783	5846	4381	3935	3166	2890	2486	2027	1811	1279	1126
592	6472	6771	6003	4434	3894	3116	2971	2562	1978	1839	1298	1088
593	6469	6764	5984	4395	3953	3177	2959	2595	1966	1826	1347	1139
594	6497	6748	6002	4439	3931	3122	2887	2587	2036	1828	1289	1111
595	6470	6841	5895	4371	3967	3124	2905	2509	1994	1847	1325	1145
596	6685	6767	5897	4358	3868	3148	2978	2539	1970	1850	1324	1157
597	6758	6847	5956	4414	3884	3167	2940	2503	1984	1821	1340	1147
598	6727	6745	5961	4355	3979	3128	2897	2554	2042	1845	1301	1176
599	6561	6754	6020	4402	3925	3054	2905	2554	2047	1852	1342	1152
600	6351	6684	5947	4431	3972	3145	2875	2523	2011	1850	1306	1141
601	6416	6789	6021	4360	3929	3113	2912	2473	2005	1809	1306	1109
602	6585	6793	5868	4319	3974	3109	2977	2534	1984	1833	1304	1148
603	6653	6820	5817	4370	3876	3192	2989	2533	2047	1839	1327	1153
604	6391	6871	5873	4373	3931	3130	2921	2584	2006	1816	1326	1146
605	6673	6759	5957	4268	3975	3121	2950	2642	2007	1847	1327	1147
606	6393	6844	5907	4348	3946	3150	2907	2486	1975	1810	1327	1130
607	6547	6804	6019	4412	3965	3104	2942	2537	2004	1835	1305	1122
608	6654	6785	5987	4419	3898	3139	2865	2664	2065	1833	1307	1154
609	6401	6742	5909	4389	3922	3114	2896	2524	1997	1818	1305	1142
610	6249	6719	5988	4479	3961	3125	2950	2574	2032	1792	1350	1150
611	6494	6647	5974	4402	3945	3055	2907	2467	2045	1801	1281	1154
612	6229	6731	5939	4523	3933	3123	2845	2528	1952	1813	1315	1110
613	6397	6731	5847	4357	3938	3132	2876	2580	2020	1820	1350	1109
614	6733	6816	5928	4378	3972	3133	2886	2503	1949	1784	1327	1101
615	6586	6696	5893	4428	3933	3091	2909	2527	1977	1792	1327	1094
616	6651	6688	5990	4399	3957	3150	2908	2506	1936	1828	1310	1168
617	6761	6689	5870	4382	3932	3059	2947	2585	1994	1844	1336	1145
618	6453	6890	5919	4429	3912	3048	2930	2561	2015	1819	1341	1137
619	6664	6689	6003	4347	3928	3133	2945	2527	2008	1840	1278	1124
620	6618	6675	5932	4392	3917	3124	2940	2491	2025	1806	1310	1137
621	6643	6756	5967	4433	3926	3081	2948	2484	1991	1822	1322	1131
622	6433	6788	5811	4337	3955	3132	2915	2509	1994	1816	1311	1160
623	6717	6932	5876	4462	3980	3125	2998	2494	1978	1825	1338	1150
624	6593	6743	5829	4382	3948	3101	2897	2530	1976	1819	1316	1135
625	6820	6902	6043	4468	4002	3134	2947	2558	2044	1889	1338	1164
626	6771	6778	5926	4404	3916	3078	2877	2477	1939	1845	1313	1155
627	6782	6822	5790	4425	3926	3100	2977	2514	1990	1804	1300	1135
628	6718	6741	5990	4386	3940	3044	2865	2492	1983	1813	1265	1093
629	6478	6744	5900	4407	3909	3082	2869	2510	1982	1816	1283	1141
630	6703	6815	5961	4357	3941	3093	2862	2528	2009	1843	1303	1137
631	6726	6797	5938	4364	3912	3121	2898	2520	1997	1802	1312	1149
632	6902	6844	5952	4441	3926	3204	3030	2506	2012	1853	1328	1173
633	6817	6851	6013	4388	3953	3093	2885	2520	1970	1804	1293	1096
634	6852	6719	5936	4380	4018	3122	2867	2553	1976	1799	1285	1125
635	6527	6726	5897	4398	3888	3087	2927	2464	1967	1802	1270	1119
636	6721	6874	6041	4480	3969	3143	2913	2550	1939	1826	1316	1118
637	6683	6753	5912	4342	3856	3058	2901	2535	1991	1785	1298	1151
638	6449	6707	5989	4461	3945	3145	2889	2526	1972	1800	1295	1126
639	6305	6784	6002	4363	3938	3059	2938	2511	1953	1805	1300	1135
640	6507	6766	5902	4350	3900	3032	2832	2514	1955	1796	1317	1148
641	6546	6711	6024	4336	3889	3105	2887	2524	2005	1784	1307	1136
642	6669	6708	6036	4391	3956	3084	2924	2569	1994	1779	1329	1153
643	6673	6950	6049	4445	3983	3169	2885	2545	1958	1864	1344	1147
644	6636	6727	5771	4382	3912	3104	2867	2453	1976	1827	1329	1153
645	6625	6724	5912	4361	3897	3137	2860	2486	1977	1816	1281	1112
646	6794	6725	5802	4401	3881	3050	2881	2495	1938	1819	1304	1092
647	6599	6778	5869	4419	3929	3113	2869	2482	1935	1803	1297	1148
648	6662	6739	5903	4438	3891	3120	2903	2482	1982	1807	1323	1155
649	6511	6740	5834	4409	3926	3134	2911	2504	1985	1813	1280	1147
650	6503	6681	5848	4366	3934	3101	2893	2518	1988	1846	1314	1118
651	6372	6681	5865	4437	3939	3100	2882	2489	1997	1809	1285	1141
652	6446	6793	5931	4316	3964	3104	2930	2391	1921	1820	1283	1146
653	6604	6733	5930	4369	3936	3115	2898	2434	2033	1846	1295	1137
654	6546	6738	5942	4408	3954	3019	2840	2466	1911	1787	1310	1138
655	6604	6812	6048	4500	3949	3138	2873	2494	2032	1810	1343	1154
656	6467	6762	5809	4335	3946	3078	2860	2454	1951	1815	1332	1108
657	6481	6724	5920	4417	3946	3123	2873	2507	1941	1792	1281	1116
658	6429	6763	5945	4392	3977	3058	2895	2448	1977	1822	1348	1119
659	6359	6764	5861	4338	3973	3102	2863	2508	2009	1774	1308	1140
660	6529	6963	5977	4459	3987	3127	2978	2521	1995	1844	1335	1143
661	6392	6709	5839	4390	3956	3095	2901	2497	2002	1818	1277	1134
662	6383	6679	5952	4426	3956	3099	2903	2493	1996	1803	1296	1139
663	6230	6799	5823	4353	3960	3110	2803	2485	2001	1789	1296	1130
664	6302	6681	6001	4353	3949	3110	2858	2483	1986	1804	1279	1140
665	6406	6693	6079	4400	3861	3160	2864	2444	1973	1787	1310	1123
666	6465	6726	5946	4338	3902	3111	2875	2462	2012	1801	1296	1126
667	6256	6740	5904	4446	3881	3065	2836	2458	1950	1807	1298	1141
668	6525	6718	5970	4413	3952	3109	2855	2458	1931	1739	1290	1109
669	6535	6813	6013	4339	3845	3103	2895	2477	1995	1819	1292	1127
670	6394	6713	5891	4387	3893	3100	2866	2537	1965	1783	1327	1145
671	6475	6803	5877	4275	3938	3110	2904	2530	2009	1802	1310	1135
672	6531	6663	5916	4336	3933	3083	2873	2543	2033	1833	1327	1125
673	6542	6704	5870	4244	3935	3065	2851	2513	2042	1850	1294	1113
674	6624	6739	5812	4302	3873	3104	2869	2566	1968	1790	1338	1150
675	6795	6810	5991	4423	3983	3117	2929	2609	2013	1827	1346	1123
676	6760	6726	5872	4401	3886	3089	2900	2443	1996	1811	1281	1162
677	6414	6712	5982	4346	3869	3050	2930	2464	1974	1801	1286	1132
678	6522	6559	5846	4313	3906	3007	2896	2461	1989	1837	1290	1106
679	6590	6792	5965	4349	3926	3105	2895	2426	1984	1776	1312	1121
680	6440	6767	5884	4353	3882	3017	2859	2487	2012	1804	1350	1111
681	6544	6790	5747	4313	3937	3084	2911	2498	1985	1815	1319	1143
682	6591	6814	5889	4442	3961	3132	2922	2467	2028	1827	1275	1109
683	6456	6726	5879	4394	3848	3003	2929	2514	1992	1822	1312	1119
684	6547	6691	5865	4314	3919	3062	2925	2463	1957	1815	1323	1108
685	6657	6727	5912	4350	3949	3054	2855	2500	1990	1831	1324	1112
686	6806	6826	5862	4350	3929	3146	2931	2448	1988	1817	1318	1153
687	6546	6695	5804	4275	3861	3038	2832	2478	1961	1771	1278	1102
688	6590	6644	5946	4374	3888	3052	2913	2502	1964	1791	1280	1116
689	6681	6713	5874	4360	3966	3071	2857	2490	2014	1799	1330	1125
690	6483	6690	5804	4290	3900	3091	2942	2496	1993	1861	1323	1125
691	6291	6632	5882	4364	3911	3025	2768	2509	1980	1765	1277	1119
692	6268	6736	5818	4382	3823	3134	2860	2580	2034	1822	1295	1112
693	6476	6679	5854	4365	3901	3090	2894	2478	2019	1776	1316	1121
694	6449	6573	5848	4373	3846	3094	2816	2521	1981	1775	1298	1144
695	6550	6727	5866	4348	3790	3033	2815	2492	2013	1742	1328	1109
696	6388	6712	5838	4364	3857	3081	2860	2459	1977	1785	1319	1139
697	6386	6686	5847	4341	3867	3091	2838	2506	1989	1790	1317	1142
698	6309	6795	5930	4318	3909	3072	2865	2472	1983	1814	1320	1128
699	6672	6713	5815	4312	3852	3056	2898	2461	1978	1792	1307	1100
700	6686	6737	5902	4257	3950	3032	2850	2467	1952	1799	1289	1117
701	6449	6601	5826	4299	3902	3083	2877	2483	2043	1805	1288	1085
702	6618	6690	5964	4358	3835	3054	2830	2479	1972	1791	1290	1143
703	6501	6753	5923	4344	3846	3046	2823	2442	1968	1802	1326	1108
704	6421	6658	5911	4392	3823	3044	2838	2458	1959	1771	1284	1118
705	6400	6634	5939	4262	3894	3078	2860	2428	1972	1843	1269	1147
706	6447	6684	5814	4375	3874	3028	2855	2539	1984	1783	1294	1099
707	6246	6650	5920	4333	3894	3064	2767	2452	1954	1783	1296	1130
708	6337	6747	5900	4307	3809	3132	2843	2486	1992	1809	1282	1122
709	6242	6669	5907	4402	3871	3063	2877	2547	1935	1799	1310	1129
710	6370	6631	5917	4317	3935	3041	2834	2441	1984	1816	1297	1110
711	6487	6703	5904	4330	3878	3090	2881	2459	1986	1768	1301	1132
712	6430	6720	5886	4308	3906	3026	2874	2431	1968	1777	1281	1065
713	6463	6630	5856	4285	3855	3061	2864	2406	1997	1816	1303	1117
714	6363	6638	5910	4349	3929	3048	2795	2438	1985	1833	1273	1108
715	6328	6745	5872	4352	3895	3065	2879	2437	2001	1787	1266	1114
716	6403	6670	5934	4400	3878	3072	2824	2448	1974	1828	1308	1116
717	6426	6715	5859	4304	3909	3075	2810	2453	1951	1773	1279	1090
718	6365	6670	5908	4339	3812	3059	2838	2448	1958	1801	1279	1126
719	6487	6713	5884	4296	3852	3064	2817	2467	1950	1793	1282	1114
720	6519	6723	5794	4324	3918	3020	2800	2433	2018	1807	1294	1114
721	6261	6646	5891	4376	3873	3103	2852	2463	1978	1759	1315	1087
722	6316	6689	5929	4335	3873	3054	2857	2427	1967	1785	1276	1145
723	6216	6672	5933	4335	3826	3056	2804	2452	1971	1812	1294	1074
724	6323	6582	5947	4317	3899	3007	2872	2478	1990	1820	1294	1141
725	6389	6755	5946	4336	3912	3128	2821	2402	1921	1817	1305	1096
726	6470	6692	5963	4281	3982	3064	2805	2440	1949	1772	1295	1101
727	6263	6719	5986	4402	3997	3057	2902	2456	1957	1784	1300	1083
728	6380	6681	5919	4376	3872	3050	2860	2460	1935	1792	1281	1077
729	6346	6767	5975	4315	3933	3017	2858	2408	1972	1808	1279	1117
730	6451	6707	5730	4373	3893	2982	2845	2401	1940	1745	1303	1124
731	6549	6662	5934	4317	3857	3053	2837	2448	1984	1795	1292	1101
732	6756	6779	5889	4396	3973	3165	2882	2411	2017	1806	1307	1147
733	6399	6692	5854	4240	3926	3047	2809	2413	1956	1798	1279	1110
734	6389	6718	5974	4403	3925	3082	2854	2435	1968	1766	1282	1137
735	6413	6728	5900	4310	3861	3091	2833	2411	1944	1801	1320	1132
736	6539	6700	5928	4309	3866	3058	2841	2444	1947	1769	1336	1113
737	6358	6679	5861	4292	3916	3091	2790	2463	1931	1768	1266	1139
738	6297	6757	5891	4295	3875	3035	2803	2499	1952	1804	1251	1125
739	6472	6654	5916	4365	3869	3008	2847	2457	1928	1771	1293	1122
740	6471	6797	5848	4318	3846	2996	2840	2468	1972	1775	1272	1120
741	6376	6696	5863	4345	3834	3048	2891	2407	1960	1759	1286	1085
742	6532	6605	5887	4353	3789	3086	2804	2466	1967	1786	1313	1110
743	6237	6654	5904	4302	3812	3023	2821	2462	1914	1770	1261	1113
744	6389	6747	5880	4365	3937	3073	2807	2323	1968	1765	1283	1110
745	6415	6659	5884	4349	3853	3063	2879	2458	1951	1814	1296	1098
746	6374	6661	5830	4299	3875	3037	2838	2462	1955	1789	1283	1105
747	6272	6584	5944	4316	3881	3080	2844	2407	1951	1772	1306	1082
748	6140	6639	6004	4362	3946	3059	2807	2419	1954	1794	1310	1108
749	6501	6680	5860	4286	3799	3043	2826	2472	1933	1772	1294	1103
750	6476	6661	5852	4367	3906	3003	2893	2426	1953	1784	1298	1105
751	6319	6586	5934	4323	3827	3041	2879	2434	1970	1773	1311	1109
752	6460	6681	5918	4339	3882	3009	2854	2425	1995	1784	1294	1066
753	6345	6686	5938	4367	3818	3064	2831	2438	1990	1753	1313	1125
754	6316	6813	5955	4359	3833	3022	2795	2448	1986	1781	1311	1133
755	6409	6601	5857	4386	3864	3027	2814	2430	1959	1816	1278	1108
756	6337	6690	5830	4424	3842	3035	2777	2433	1974	1768	1320	1106
757	6523	6663	5830	4343	3901	3053	2837	2463	1971	1779	1297	1136
758	6538	6701	5863	4329	3847	3032	2875	2442	1992	1820	1311	1107
759	6521	6674	5903	4377	3861	3012	2809	2403	2003	1779	1279	1148
760	6333	6707	5977	4336	3883	3070	2788	2413	1968	1779	1290	1079
761	6268	6672	5887	4323	3836	3021	2838	2419	1945	1754	1252	1096
762	6499	6726	5805	4298	3856	3037	2804	2461	1959	1791	1297	1090
763	6404	6680	5830	4418	3898	3060	2867	2424	1923	1801	1288	1123
764	6174	6713	5931	4339	3833	3012	2871	2507	1938	1780	1307	1108
765	6320	6729	5900	4412	3844	3000	2882	2440	1936	1774	1305	1144
766	6308	6589	5954	4393	3930	3036	2810	2458	1996	1781	1287	1101
767	6384	6693	6024	4334	3813	3049	2808	2483	1946	1782	1268	1102
768	6431	6698	5999	4446	3915	3108	2845	2510	1947	1768	1305	1095
769	6619	6641	5897	4371	3872	3013	2892	2410	1958	1770	1308	1105
770	6773	6705	5906	4338	3902	3057	2760	2461	1925	1739	1276	1075
771	6553	6785	6010	4449	3921	3092	2863	2401	1964	1773	1280	1121
772	6449	6731	5933	4339	3817	3065	2836	2459	1917	1787	1316	1127
773	6436	6648	5937	4322	3816	3048	2864	2376	1962	1752	1291	1091
774	6438	6809	6121	4448	3938	3096	2892	2375	1950	1801	1287	1102
775	6319	6671	5997	4325	3896	3077	2821	2423	1941	1743	1266	1113
776	6577	6736	5951	4534	3890	3123	2922	2441	1954	1800	1299	1105
777	6622	6783	5906	4341	3912	3064	2854	2411	1943	1757	1259	1094
778	6550	6742	5936	4322	3869	3007	2845	2414	1938	1769	1291	1129
779	6598	6798	6024	4425	3971	3092	2911	2444	1956	1833	1277	1112
780	6525	6687	5895	4367	3900	3084	2827	2400	1951	1772	1304	1106
781	6401	6740	5905	4368	3935	3075	2868	2462	1965	1721	1264	1113
782	6399	6687	6020	4399	3888	3048	2898	2424	1936	1764	1265	1089
783	6228	6740	5997	4398	3857	3022	2778	2498	1948	1754	1272	1095
784	6326	6686	5892	4451	3815	3015	2812	2391	1937	1772	1268	1130
785	6599	6777	5910	4377	3807	3064	2785	2410	1931	1790	1273	1112
786	6325	6705	5848	4364	3921	3050	2820	2442	1950	1800	1278	1121
787	6242	6667	5909	4347	3920	3100	2858	2417	1929	1799	1265	1135
788	6571	6900	6047	4496	3993	3108	2820	2483	1936	1817	1295	1117
789	6646	6827	5915	4373	3933	3097	2832	2428	1935	1775	1283	1132
790	6317	6739	5971	4330	3874	3049	2804	2387	1947	1761	1253	1100
791	6394	6647	5860	4285	3899	3109	2818	2495	1933	1762	1283	1123
792	6253	6807	5925	4359	3828	3029	2828	2367	1918	1777	1293	1092
793	6418	6707	5870	4308	3871	3046	2890	2476	1897	1731	1292	1109
794	6433	6751	5886	4363	3886	3055	2862	2422	1963	1738	1284	1094
795	6641	6726	5873	4316	3885	3047	2799	2488	1935	1758	1288	1138
796	6647	6734	5872	4386	3843	3034	2811	2443	1939	1766	1325	1116
797	6470	6825	5995	4279	3848	2988	2811	2428	1936	1744	1274	1109
798	6669	6848	6083	4392	3891	3106	2954	2450	1972	1782	1251	1137
799	6845	6832	5955	4417	3884	3101	2885	2552	1949	1755	1309	1111
800	6742	6748	5938	4280	3888	2993	2780	2429	1984	1721	1275	1109
801	6548	6712	5970	4305	3909	3024	2854	2446	1949	1744	1275	1125
802	6326	6834	5989	4369	3843	3014	2794	2361	1923	1756	1294	1115
803	6611	6811	5892	4381	3911	3009	2820	2437	1891	1738	1285	1097
804	6535	6737	5990	4386	3865	3044	2803	2414	1973	1780	1295	1089
805	6298	6762	6040	4304	3917	3045	2845	2466	1947	1769	1266	1108
806	6513	6901	5935	4457	3904	3109	2914	2488	1968	1841	1289	1113
807	6537	6698	5921	4361	3838	3000	2822	2450	1934	1806	1288	1100
808	6575	6801	5946	4347	3885	3059	2814	2464	1946	1801	1297	1128
809	6572	6659	5869	4332	3881	3008	2815	2390	1948	1767	1291	1117
810	6611	6854	5964	4440	3946	3123	2874	2491	2001	1787	1330	1127
811	6683	6775	5923	4365	3814	3032	2858	2447	1935	1727	1306	1110
812	6641	6677	5858	4376	3870	3099	2834	2491	1942	1829	1278	1127
813	6395	6797	5895	4327	3826	3015	2832	2425	1922	1761	1301	1078
814	6502	6651	5840	4395	3862	3003	2792	2433	1942	1721	1249	1077
815	6363	6745	5953	4307	3866	3044	2832	2388	1935	1778	1308	1095
816	6353	6667	5947	4248	3863	2970	2868	2418	1921	1754	1309	1131
817	6425	6755	5921	4409	3887	3047	2832	2443	1928	1789	1295	1132
818	6336	6677	5954	4361	3844	3008	2805	2434	1929	1759	1310	1133
819	6315	6690	5961	4383	3842	3009	2833	2385	1908	1783	1290	1119
820	6495	6799	5841	4340	3865	3055	2814	2469	1914	1762	1297	1108
821	6174	6743	5932	4343	3890	3018	2786	2478	1936	1745	1280	1089
822	6369	6743	5941	4333	3891	3052	2813	2445	1970	1802	1288	1112
823	6639	6670	5932	4353	3847	3041	2793	2459	1920	1737	1276	1136
824	6272	6702	5871	4307	3888	2992	2841	2471	1935	1732	1296	1101
825	6353	6648	5899	4359	3912	3083	2847	2438	1915	1810	1278	1093
826	6672	6871	5983	4415	3898	3040	2858	2538	1953	1801	1307	1093
827	6265	6774	5998	4318	3857	3047	2840	2451	1923	1785	1286	1093
828	6301	6620	5800	4332	3831	3064	2828	2405	1931	1711	1287	1124
829	6470	6661	5896	4338	3863	2984	2836	2439	1933	1764	1298	1122
830	6301	6719	5919	4334	3887	3063	2838	2422	1921	1752	1281	1105
831	6329	6679	5854	4321	3850	3033	2868	2384	1925	1772	1263	1104
832	6203	6660	5990	4295	3910	3023	2818	2424	1912	1781	1298	1093
833	6504	6682	5780	4289	3912	3003	2791	2522	1981	1725	1302	1091
834	6588	6672	5915	4295	3844	2972	2782	2401	1932	1762	1244	1119
835	6376	6766	5902	4301	3904	3020	2791	2410	1925	1770	1288	1104
836	6431	6745	5983	4348	3917	3077	2847	2433	1977	1792	1325	1153
837	6122	6745	5930	4362	3808	3012	2792	2392	1935	1736	1273	1146
838	6434	6676	5864	4308	3850	3010	2869	2437	1912	1734	1237	1119
839	6445	6701	5930	4320	3768	3044	2812	2429	1963	1738	1253	1119
840	6392	6694	5867	4295	3923	3015	2815	2476	1906	1779	1279	1107
841	6446	6759	5889	4416	3890	3066	2851	2451	1964	1811	1289	1104
842	6326	6669	5887	4345	3794	3013	2831	2439	1936	1797	1251	1140
843	6518	6592	5822	4325	3840	3002	2804	2404	1891	1734	1270	1102
844	6607	6629	5907	4318	3904	3011	2773	2383	1954	1752	1251	1116
845	6520	6711	5908	4287	3882	3040	2808	2446	1954	1755	1286	1085
846	6556	6722	5998	4378	3932	3044	2903	2482	1984	1750	1286	1123
847	6381	6629	5874	4282	3890	2985	2798	2428	1930	1746	1239	1125
848	6621	6882	6002	4420	3902	3087	2805	2447	1959	1744	1287	1124
849	6763	6667	5886	4342	3869	3037	2780	2479	1927	1756	1317	1122
850	6623	6691	5870	4329	3896	3000	2774	2363	1963	1759	1287	1118
851	6633	6830	5963	4357	3913	3040	2844	2410	1952	1807	1287	1131
852	6279	6741	5928	4322	3835	3009	2784	2431	1941	1778	1291	1068
853	6284	6690	5916	4278	3888	3027	2852	2410	1931	1786	1282	1095
854	6479	6579	5938	4335	3873	2920	2797	2482	1960	1793	1286	1096
855	6738	6833	6048	4413	3949	3117	2832	2408	1941	1816	1324	1127
856	6453	6614	5758	4288	3890	3016	2840	2388	1932	1747	1291	1111
857	6438	6664	5834	4320	3841	2985	2805	2389	1999	1789	1266	1099
858	6410	6690	5788	4230	3886	3009	2828	2405	1986	1791	1269	1094
859	6151	6626	5961	4314	3875	2983	2736	2355	1869	1747	1317	1106
860	6379	6705	5874	4375	3882	3019	2797	2424	1967	1786	1268	1113
861	6175	6724	5935	4329	3779	2972	2866	2428	1965	1780	1315	1133
862	6361	6696	5845	4331	3865	3027	2790	2393	1894	1714	1274	1101
863	6576	6612	5819	4317	3941	3082	2848	2426	1969	1770	1316	1097
864	6670	6653	5810	4322	3858	3028	2843	2383	1972	1757	1253	1140
865	6480	6728	5942	4396	3940	3096	2761	2451	1919	1772	1277	1102
866	6881	6850	5999	4402	3913	3070	2831	2449	1987	1833	1321	1103
867	6643	6746	5984	4296	3892	3046	2822	2430	1928	1750	1286	1081
868	6493	6726	5933	4294	3796	3017	2840	2402	1964	1727	1275	1127
869	6390	6835	6032	4350	3914	3049	2868	2518	1951	1859	1312	1136
870	6518	6674	5918	4339	3856	3029	2815	2378	1930	1771	1314	1124
871	6277	6778	5894	4373	3827	3017	2822	2405	1929	1811	1289	1075
872	6305	6782	5900	4331	3879	3034	2813	2443	1948	1772	1265	1094
873	6300	6738	6080	4436	3912	3076	2869	2415	1939	1738	1282	1088
874	6282	6680	5901	4365	3917	3076	2784	2397	1933	1777	1261	1133
875	6554	6723	5861	4328	3859	2992	2790	2458	1940	1752	1293	1138
876	6350	6729	5913	4379	3839	3017	2762	2431	1932	1754	1263	1106
877	6569	6822	6005	4435	4003	3172	2894	2459	1967	1791	1335	1131
878	6622	6807	6009	4421	3942	3050	2782	2458	1967	1792	1267	1130
879	6532	6549	5881	4363	3884	2990	2829	2459	1963	1775	1291	1148
880	6668	6682	5930	4395	3873	3085	2816	2403	1970	1748	1301	1125
881	6819	6808	5939	4446	3974	3106	2850	2438	1961	1794	1299	1142
882	6297	6728	5877	4381	3937	3107	2763	2454	1953	1809	1320	1122
883	6274	6680	6013	4377	3943	3041	2853	2398	1960	1761	1271	1117
884	6276	6723	5979	4371	3865	3016	2851	2461	1918	1781	1293	1118
885	6610	6810	5946	4395	3944	3093	2807	2461	1974	1740	1291	1150
886	6369	6735	5871	4325	3880	3052	2823	2390	1886	1750	1325	1101
887	6491	6809	5982	4338	3922	3088	2861	2413	2014	1756	1326	1128
888	6860	6807	6054	4434	3943	3062	2873	2368	2009	1773	1287	1127
889	6537	6862	5998	4375	4004	3164	2986	2463	1978	1797	1306	1158
890	6917	6837	6027	4447	3947	3104	2878	2412	1960	1777	1271	1146
891	6615	6786	5909	4336	3883	3067	2855	2448	1944	1742	1287	1105
892	6535	6739	5914	4312	3843	3004	2849	2442	1949	1759	1274	1143
893	6455	6694	6003	4435	3887	3063	2904	2468	1919	1782	1331	1111
894	6544	6857	5975	4456	3890	3116	2827	2431	1997	1778	1339	1163
895	6530	6822	5997	4327	3893	3033	2842	2412	1933	1758	1282	1130
896	6502	6773	5951	4314	3867	3054	2883	2467	1965	1794	1295	1130
897	6648	6745	6067	4355	3856	3052	2847	2445	1922	1782	1295	1113
898	6790	6764	5973	4353	3844	3022	2844	2386	1925	1767	1300	1091
899	6775	6736	5939	4352	3850	3074	2903	2415	1939	1765	1258	1116
900	6463	6709	5912	4380	3889	3014	2850	2381	1984	1771	1268	1115
901	6423	6791	5999	4350	3863	2959	2837	2523	1910	1748	1303	1140
902	6681	6952	6072	4428	3933	3061	2869	2402	1956	1755	1332	1147
903	6770	6887	5994	4450	3929	3074	2949	2445	2000	1783	1334	1140
904	6590	6806	5989	4322	3872	3083	2821	2423	1972	1805	1290	1141
905	6742	6704	5894	4384	3852	3016	2846	2438	1980	1782	1319	1100
906	6755	6881	5982	4407	3979	3102	2896	2459	2004	1806	1298	1149
907	6581	6753	5965	4375	3818	3080	2858	2421	1963	1821	1315	1119
908	6460	6748	6012	4367	3938	3032	2812	2437	1981	1805	1307	1144
909	6399	6788	5934	4351	3848	3096	2887	2493	1971	1773	1287	1112
910	6510	6725	5885	4428	3919	3076	2796	2521	1968	1808	1304	1124
911	6801	6981	6031	4423	3982	3055	2917	2455	2007	1802	1300	1137
912	6598	6869	5955	4367	3897	3011	2865	2495	1967	1810	1341	1108
913	6738	6805	5985	4371	4003	3097	2843	2501	1995	1792	1326	1130
914	6616	6748	5960	4391	3892	3092	2816	2503	1995	1789	1274	1107
915	6548	6714	5924	4385	3893	3090	2880	2503	1963	1780	1301	1086
916	6810	6902	5969	4424	3994	3117	2927	2478	2018	1822	1339	1166
917	6751	6751	5903	4351	3916	3054	2859	2481	1976	1810	1290	1119
918	6594	6778	6020	4450	3943	3139	2843	2475	1984	1797	1314	1158
919	6617	6953	6081	4416	3881	3158	2892	2502	2000	1785	1304	1093
920	6572	6944	6152	4484	3951	3071	2916	2450	1953	1793	1307	1137
921	6279	6757	6041	4363	3865	3071	2839	2401	1943	1733	1275	1133
922	6471	6667	6005	4404	3956	3097	2870	2384	1958	1752	1304	1132
923	6613	6718	6007	4302	3983	3061	2886	2468	2001	1805	1291	1152
924	6363	6740	5912	4381	3886	3085	2823	2433	1965	1751	1302	1122
925	6432	6879	6108	4458	4046	3109	2887	2461	1996	1816	1286	1105
926	6460	6724	5993	4357	3924	3027	2886	2455	1965	1743	1310	1116
927	6349	6854	6006	4430	3942	3086	2870	2437	1969	1786	1270	1130
928	6352	6900	6145	4474	3897	3121	2892	2481	1974	1808	1323	1165
929	6428	6705	6030	4375	3943	3089	2843	2422	1940	1792	1259	1106
930	6605	6697	5974	4449	3956	3073	2828	2432	1966	1771	1281	1092
931	6716	6751	5940	4382	3892	3037	2772	2382	1916	1745	1292	1140
932	6581	6786	5907	4414	3935	3104	2884	2416	1964	1767	1315	1114
933	6280	6782	5974	4416	3880	3141	2831	2437	1966	1729	1261	1142
934	6545	6798	6010	4360	3921	3009	2894	2406	1977	1775	1293	1107
935	6647	7015	6012	4394	4003	3069	2912	2494	1940	1768	1299	1117
936	6453	6697	5943	4384	3959	3059	2839	2465	1964	1792	1260	1141
937	6345	6776	5951	4398	3959	3029	2874	2472	1947	1793	1293	1112
938	6284	6778	6038	4370	3916	3105	2800	2401	1936	1754	1295	1176
939	6292	6748	6006	4361	3894	2984	2889	2498	1956	1785	1282	1110
940	6566	6745	5976	4354	3933	3049	2838	2407	1923	1752	1301	1154
941	6673	6782	5924	4314	3935	3120	2853	2471	1948	1802	1253	1104
942	6502	6781	5899	4282	3947	3024	2889	2395	1949	1738	1313	1114
943	6662	6754	5958	4378	3935	3022	2828	2432	1969	1810	1278	1098
944	6437	6725	5975	4416	3892	3074	2859	2414	1959	1784	1292	1126
945	6578	6702	5964	4426	3867	3041	2810	2410	1943	1769	1291	1115
946	6661	6796	5980	4293	3899	3046	2825	2402	1949	1755	1282	1128
947	6482	6701	6028	4373	3927	3042	2845	2457	1955	1766	1287	1121
948	6801	6836	6055	4484	3919	3035	2884	2427	1972	1800	1284	1145
949	6799	6779	6025	4502	3928	3063	2886	2511	1938	1785	1296	1134
950	6620	6744	5982	4351	3941	3048	2779	2449	1947	1798	1300	1144
951	6600	6738	6088	4359	3917	3080	2855	2462	1903	1776	1284	1131
952	6657	6859	6068	4470	4015	3103	2871	2380	1983	1762	1290	1161
953	6588	6883	6005	4494	3954	3156	2940	2469	1957	1810	1267	1145
954	6522	6735	5974	4395	3911	3042	2819	2432	1925	1742	1283	1093
955	6488	6793	5946	4334	3890	3057	2758	2402	1920	1787	1305	1121
956	6892	6913	6021	4413	3968	3058	2822	2374	1937	1785	1313	1109
957	6651	6853	6059	4416	3956	3114	2848	2434	1991	1760	1288	1119
958	6631	6787	5978	4361	3900	2999	2761	2425	1948	1764	1258	1102
959	6648	6883	6161	4458	3896	3135	2829	2400	1958	1782	1317	1129
960	6458	6941	6130	4393	3955	3060	2826	2441	1949	1745	1302	1124
961	6341	6773	6020	4335	3947	3004	2824	2454	1949	1775	1250	1099
962	6492	6833	6053	4475	3941	3079	2833	2450	1949	1776	1292	1121
963	6225	6757	6059	4382	3862	3032	2778	2415	1938	1777	1287	1113
964	6341	6813	5963	4365	3819	3014	2813	2386	1928	1738	1287	1129
965	6404	6784	6005	4370	3858	3018	2844	2428	1957	1774	1327	1127
966	6389	6726	5852	4403	3854	3031	2835	2413	1931	1760	1274	1127
967	6484	6691	5889	4349	3953	3011	2797	2416	1945	1757	1314	1087
968	6481	6780	6021	4369	3842	3074	2825	2441	1961	1804	1307	1133
969	6447	6886	5970	4366	3845	3066	2817	2424	1977	1740	1298	1123
970	6527	6783	6017	4267	3882	3016	2843	2426	1961	1767	1293	1094
971	6556	6892	6016	4311	3931	3061	2806	2372	1949	1745	1303	1127
972	6814	6880	6014	4405	3939	3040	2870	2454	1956	1786	1327	1154
973	6650	6739	5863	4375	3887	3013	2787	2405	1936	1782	1321	1119
974	6464	6802	5994	4366	3841	3047	2772	2387	1980	1770	1280	1103
975	6343	6760	6038	4301	3892	3057	2775	2408	1971	1783	1276	1151
976	6429	6739	5982	4404	3909	2997	2827	2416	1959	1771	1280	1149
977	6358	6695	5862	4329	3948	3051	2832	2413	1957	1748	1321	1144
978	6344	6774	5931	4395	3914	3021	2808	2409	1909	1758	1261	1134
979	6564	6819	5969	4392	3948	3002	2826	2365	1941	1725	1285	1116
980	6391	6779	6003	4328	3950	3061	2753	2429	1945	1713	1283	1089
981	6281	6678	5984	4354	3883	2999	2818	2480	1987	1741	1262	1122
982	6563	6796	5934	4333	3870	3084	2843	2463	1915	1765	1280	1146
983	6561	6754	5895	4324	3848	3029	2789	2473	1941	1793	1280	1121
984	6636	6641	5853	4354	3877	3028	2855	2443	1988	1771	1270	1105
985	6529	6666	5925	4327	3890	3005	2802	2368	1937	1765	1294	1121
986	6357	6810	5876	4337	3830	2985	2831	2440	1940	1769	1292	1133
987	6485	6692	5869	4404	3904	3051	2825	2424	1926	1752	1283	1125
988	6701	6791	6068	4341	3962	3085	2801	2470	2001	1804	1284	1129
989	6317	6771	5856	4302	3895	3022	2777	2441	1949	1742	1295	1109
990	6510	6749	5858	4378	3885	3031	2805	2455	1922	1773	1314	1118
991	6298	6755	5988	4329	3865	2972	2842	2439	1924	1772	1298	1138
992	6511	6642	5920	4329	3884	3021	2828	2470	1887	1737	1243	1127
993	6546	6777	5994	4336	3929	3088	2925	2423	1948	1773	1297	1153
994	6337	6731	5994	4362	3927	3049	2784	2443	1930	1751	1278	1111
995	6499	6705	5912	4275	3870	3003	2802	2423	1956	1742	1261	1107
996	6632	6871	6018	4468	3918	3094	2820	2377	1998	1741	1329	1137
997	6390	6774	6009	4319	3880	3031	2835	2370	1969	1777	1272	1146
998	6435	6684	5848	4319	3871	3001	2772	2428	1906	1785	1287	1104
999	6422	6744	5924	4322	3877	2989	2852	2371	1939	1805	1298	1162
