time	200	160	128	102.4	81.92	65.536	52.4288	41.94304	33.554432	26.8435456	21.47483648	17.179869184
0	63	53	46	44	47	39	49	41	39	44	46	40
1	54	50	44	46	44	44	42	48	41	46	43	41
2	58	53	45	52	46	50	44	42	48	51	47	41
3	61	51	46	43	45	47	43	48	44	44	39	43
4	64	50	49	51	49	44	43	42	41	39	40	41
5	65	48	49	41	44	43	46	42	43	43	43	42
6	70	55	42	45	47	43	41	46	44	40	39	43
7	92	55	43	45	47	43	47	45	40	41	40	41
8	111	52	44	43	47	44	43	38	46	47	49	41
9	166	75	48	43	42	48	46	45	45	41	42	39
10	217	76	47	49	42	38	46	42	50	42	46	39
11	274	91	47	44	43	45	41	50	44	42	48	42
12	366	118	54	45	47	41	47	45	48	42	44	40
13	445	152	58	46	46	43	44	37	45	41	43	43
14	610	189	57	49	40	43	43	45	41	44	42	40
15	735	259	68	44	45	44	43	45	42	43	45	44
16	911	313	82	48	50	51	42	44	55	37	43	42
17	1132	436	93	66	55	39	46	47	46	41	46	42
18	1324	523	123	65	54	48	42	38	45	41	41	44
19	1620	674	161	87	60	43	44	47	47	37	42	43
20	1889	808	200	94	73	45	50	47	47	47	47	45
21	2229	1044	234	118	97	47	56	47	53	43	46	43
22	2541	1277	307	162	104	45	64	55	54	51	44	42
23	2888	1556	367	215	126	54	81	54	61	50	45	43
24	3256	1848	459	274	149	55	90	72	58	58	46	39
25	3602	2112	583	344	187	58	104	73	67	52	47	43
26	4011	2500	673	451	210	61	135	93	81	61	46	46
27	4288	2718	766	549	250	81	152	109	96	75	47	47
28	4424	2937	970	669	298	89	178	132	101	75	55	45
29	4859	3247	1059	868	345	101	204	144	134	91	52	48
30	5134	3482	1274	1070	395	127	256	185	144	107	55	53
31	5307	3666	1415	1305	463	138	303	222	168	123	61	54
32	5344	3905	1574	1472	548	162	339	246	208	145	75	69
33	5609	4224	1793	1757	591	179	405	301	230	198	90	70
34	5732	4297	1925	1967	728	220	475	363	278	214	115	85
35	5819	4425	2012	2196	764	243	544	430	309	271	134	107
36	5920	4634	2128	2543	879	295	667	488	362	336	174	109
37	6047	4600	2282	2720	948	338	754	582	410	387	195	140
38	6174	4680	2373	2959	1046	395	870	637	465	439	246	165
39	6259	4762	2539	3213	1174	456	971	730	544	524	291	193
40	6308	4890	2650	3384	1282	548	1056	809	616	577	368	209
41	6265	4818	2785	3659	1390	591	1249	962	687	689	417	241
42	6260	4869	2861	3842	1485	635	1369	1045	739	776	463	253
43	6441	4955	2960	4003	1540	781	1497	1178	823	884	523	316
44	6594	4985	3105	4169	1718	839	1675	1323	961	992	617	354
45	6558	4979	3158	4384	1826	987	1810	1405	1029	1114	693	399
46	6570	5093	3160	4556	1846	1021	1923	1565	1085	1146	739	445
47	6655	5129	3265	4699	1956	1172	2099	1700	1181	1299	840	498
48	6637	4961	3280	4677	2011	1264	2140	1796	1266	1399	904	538
49	6631	4980	3346	4747	2106	1382	2325	1990	1342	1540	1028	600
50	6610	5046	3302	4838	2156	1484	2399	2028	1476	1594	1103	617
51	6746	5206	3368	4901	2274	1591	2551	2171	1571	1770	1193	701
52	6703	5025	3454	5000	2221	1663	2630	2278	1600	1937	1244	738
53	6658	5006	3330	5025	2323	1688	2689	2355	1724	1923	1337	801
54	6642	4991	3439	5074	2376	1820	2845	2442	1789	2041	1426	827
55	6718	5035	3412	5173	2364	1838	2909	2592	1854	2185	1536	909
56	6610	5133	3426	5203	2476	1922	2982	2634	1921	2234	1568	918
57	6740	5071	3422	5112	2428	1926	3020	2716	1979	2345	1668	1011
58	6704	4925	3526	5256	2453	2026	3120	2748	2076	2493	1697	1056
59	6649	5052	3552	5341	2485	2006	3165	2862	2150	2554	1797	1110
60	6598	5108	3537	5256	2551	2092	3286	2959	2184	2648	1933	1149
61	6889	5209	3642	5425	2649	2249	3413	2905	2255	2716	1990	1256
62	6689	5013	3601	5207	2616	2305	3366	2976	2260	2757	2035	1298
63	6678	5177	3589	5431	2662	2339	3464	3107	2366	2933	2131	1351
64	6630	4987	3591	5671	2658	2339	3399	3081	2385	2876	2171	1401
65	6616	4918	3565	5242	2708	2370	3511	3146	2466	2999	2219	1446
66	6737	5077	3591	5494	2631	2342	3473	3196	2523	2974	2274	1483
67	6575	5121	3588	5260	2650	2392	3503	3152	2573	3094	2328	1535
68	6776	5097	3648	5595	2744	2393	3630	3208	2511	3054	2396	1555
69	6724	5131	3587	5418	2737	2399	3557	3237	2600	3108	2429	1624
70	6603	5154	3605	5442	2738	2466	3576	3231	2523	3083	2467	1649
71	6745	5167	3708	5777	2814	2482	3712	3343	2646	3225	2549	1666
72	6613	5097	3583	5698	2683	2433	3597	3291	2600	3202	2545	1717
73	6692	5044	3641	5389	2769	2488	3647	3299	2585	3260	2626	1735
74	6716	5071	3640	5455	2688	2478	3701	3320	2625	3236	2632	1763
75	6484	5001	3688	5473	2773	2468	3699	3310	2633	3280	2669	1823
76	6479	4982	3651	5299	2749	2486	3639	3291	2607	3286	2688	1848
77	6697	5021	3672	5569	2758	2507	3655	3362	2632	3317	2787	1855
78	6655	5085	3634	5461	2785	2527	3718	3336	2674	3276	2730	1885
79	6746	4972	3689	5534	2818	2539	3754	3294	2661	3372	2783	1924
80	6791	5024	3552	5517	2758	2509	3813	3379	2618	3327	2817	1934
81	6686	5048	3692	5555	2781	2534	3724	3408	2645	3352	2828	1951
82	6653	4999	3670	5411	2705	2614	3826	3369	2635	3315	2888	1934
83	6676	5064	3598	5498	2771	2544	3721	3384	2640	3315	2856	1953
84	6654	5070	3729	5414	2740	2532	3800	3399	2659	3341	2894	1912
85	6680	5084	3704	5494	2717	2632	3837	3353	2618	3506	2854	1989
86	6661	5039	3651	5643	2729	2542	3809	3420	2679	3402	2914	2012
87	6664	5056	3744	5386	2799	2486	3791	3456	2636	3404	2896	1957
88	6642	5136	3803	5251	2795	2617	3906	3570	2743	3516	3005	2022
89	6656	4990	3751	5265	2777	2546	3849	3455	2631	3484	3004	2058
90	6594	4980	3677	5304	2764	2552	3832	3468	2666	3424	2977	2032
91	6551	4987	3804	5127	2777	2579	3807	3501	2701	3542	2955	2067
92	6614	5010	3797	5225	2811	2571	3896	3517	2682	3592	3029	2090
93	6497	5012	3690	5275	2733	2587	3806	3396	2697	3466	3006	2041
94	6665	5067	3687	5351	2808	2623	3867	3532	2766	3601	3070	2178
95	6671	4910	3747	5266	2801	2569	3869	3500	2665	3547	3047	2080
96	6822	5176	3718	5323	2787	2651	3926	3553	2726	3523	3061	2101
97	6650	5051	3742	5323	2775	2560	3950	3449	2742	3452	3021	2096
98	6481	5105	3753	5361	2830	2643	3874	3547	2736	3641	3062	2134
99	6506	4855	3744	5379	2761	2613	3823	3468	2725	3574	3018	2117
100	6597	5023	3660	5295	2749	2602	3818	3506	2672	3509	3036	2093
101	6486	5117	3789	5380	2811	2620	3832	3597	2752	3582	3075	2153
102	6518	5034	3685	5344	2781	2569	3844	3521	2721	3598	3006	2103
103	6687	5035	3696	5404	2814	2583	3821	3534	2746	3553	3095	2081
104	6686	5117	3727	5311	2803	2619	3873	3607	2820	3614	3175	2186
105	6600	4969	3689	5294	2796	2583	3796	3496	2749	3529	3047	2126
106	6615	5149	3805	5311	2819	2665	3871	3577	2861	3649	3090	2172
107	6623	5055	3648	5375	2776	2586	3897	3477	2831	3527	3050	2118
108	6577	5011	3704	5087	2726	2581	3829	3531	2891	3620	3073	2177
109	6616	5008	3722	5056	2763	2588	3773	3553	2788	3658	3032	2138
110	6588	5015	3679	5269	2800	2565	3838	3514	2817	3586	2996	2153
111	6667	5044	3783	5165	2830	2576	3771	3495	2862	3616	3102	2159
112	6583	5135	3719	5166	2772	2572	3750	3520	2858	3578	3100	2172
113	6506	5115	3672	5212	2799	2629	3810	3466	2827	3613	3062	2193
114	6643	5002	3761	5177	2815	2565	3799	3524	2890	3641	3074	2214
115	6612	4937	3722	5166	2786	2592	3912	3550	2860	3594	3028	2195
116	6525	5037	3714	5085	2840	2610	3770	3537	2852	3612	3019	2193
117	6666	5173	3700	5101	2768	2530	3876	3595	2879	3580	3051	2190
118	6656	5044	3788	5293	2799	2564	3830	3447	2880	3629	3033	2172
119	6633	5115	3763	5170	2721	2530	3770	3556	2921	3593	3050	2185
120	6490	5067	3746	5114	2768	2608	3769	3519	2927	3570	3083	2215
121	6657	5115	3736	5059	2780	2561	3842	3583	2894	3623	3066	2246
122	6594	5057	3742	5065	2789	2549	3839	3549	2898	3717	3063	2186
123	6637	5104	3763	5087	2821	2561	3799	3516	2898	3654	3085	2209
124	6668	5103	3673	5211	2788	2585	3788	3544	2908	3640	3069	2223
125	6575	5026	3708	4955	2773	2609	3769	3545	2892	3651	3081	2219
126	6715	5100	3776	5190	2748	2598	3724	3534	2873	3705	3073	2278
127	6615	5018	3696	5262	2810	2569	3764	3564	2840	3650	3036	2228
128	6682	5065	3731	5264	2768	2580	3815	3534	2912	3685	3081	2243
129	6640	5078	3670	5018	2773	2527	3797	3519	2839	3633	3118	2279
130	6628	5041	3735	5205	2815	2582	3758	3573	2885	3665	3093	2245
131	6664	5269	3746	5003	2793	2566	3751	3548	2875	3636	3091	2244
132	6630	5100	3766	4920	2804	2529	3730	3558	2912	3670	3126	2226
133	6570	5185	3718	4956	2856	2510	3721	3492	2882	3646	3086	2234
134	6589	5038	3719	5202	2806	2534	3737	3525	2864	3693	3142	2241
135	6683	5031	3648	5025	2785	2573	3663	3559	2846	3706	3133	2264
136	6631	5078	3771	5125	2734	2545	3720	3552	2864	3656	3127	2335
137	6462	5131	3693	4870	2774	2570	3687	3532	2916	3708	3099	2283
138	6517	5198	3673	5193	2762	2551	3758	3484	2889	3697	3096	2230
139	6626	5125	3734	5022	2760	2586	3664	3521	2823	3707	3118	2263
140	6711	5149	3764	5059	2786	2536	3655	3535	2864	3643	3068	2311
141	6640	5091	3672	4987	2740	2561	3654	3560	2890	3655	3110	2237
142	6641	5076	3742	5008	2804	2611	3707	3663	2942	3740	3135	2326
143	6528	5129	3645	4954	2726	2557	3684	3538	2896	3692	3114	2280
144	6564	5060	3753	4895	2749	2555	3687	3512	2884	3704	3108	2316
145	6495	4969	3733	4939	2853	2534	3658	3575	2818	3634	3077	2287
146	6560	5051	3716	4996	2770	2568	3717	3536	2885	3690	3097	2297
147	6641	4999	3752	4901	2755	2595	3722	3541	2869	3687	3096	2307
148	6457	5003	3778	4959	2714	2554	3683	3544	2848	3652	3088	2335
149	6450	5070	3727	4975	2755	2573	3641	3533	2835	3627	3133	2291
150	6688	5011	3698	4998	2716	2570	3720	3544	2826	3629	3159	2317
151	6721	5102	3748	4933	2773	2574	3648	3535	2856	3557	3134	2296
152	6632	5111	3671	4917	2734	2556	3687	3484	2853	3569	3131	2359
153	6616	5059	3690	4911	2754	2539	3649	3470	2830	3573	3135	2316
154	6567	5023	3811	4889	2767	2555	3594	3517	2844	3601	3088	2271
155	6402	5011	3770	4844	2741	2499	3578	3440	2801	3684	3155	2311
156	6440	4983	3789	4794	2764	2581	3608	3534	2804	3587	3097	2303
157	6491	5154	3728	4858	2747	2643	3729	3532	2879	3686	3142	2385
158	6306	5039	3721	4835	2806	2517	3606	3485	2828	3575	3090	2320
159	6581	5093	3674	4887	2735	2525	3621	3488	2835	3601	3192	2315
160	6553	5125	3784	4818	2757	2541	3648	3527	2888	3588	3106	2289
161	6553	5140	3766	4927	2786	2528	3705	3572	2956	3705	3166	2386
162	6739	4995	3722	4868	2811	2528	3604	3512	2755	3614	3120	2354
163	6534	5042	3792	4894	2781	2562	3670	3510	2793	3580	3115	2323
164	6571	5019	3745	4783	2745	2574	3603	3515	2817	3598	3119	2334
165	6500	5050	3725	4851	2774	2538	3586	3464	2815	3631	3114	2297
166	6508	5095	3682	4745	2778	2645	3582	3444	2780	3545	3156	2370
167	6684	5231	3719	4864	2763	2475	3590	3409	2794	3554	3121	2323
168	6635	5268	3732	4811	2775	2518	3674	3517	2807	3622	3205	2386
169	6509	5155	3783	4809	2787	2576	3600	3416	2795	3535	3120	2325
170	6466	5047	3734	4713	2792	2575	3660	3485	2739	3546	3171	2356
171	6595	5069	3811	4772	2755	2566	3577	3410	2752	3611	3120	2319
172	6565	5124	3721	4722	2661	2509	3581	3490	2773	3591	3193	2340
173	6604	5107	3732	4899	2700	2521	3560	3432	2810	3504	3143	2383
174	6519	4991	3804	4865	2676	2572	3537	3474	2784	3568	3107	2307
175	6499	4977	3727	4919	2715	2580	3623	3439	2771	3544	3116	2371
176	6552	5017	3733	4901	2727	2492	3517	3414	2808	3501	3152	2333
177	6433	5046	3657	4772	2729	2555	3565	3388	2740	3499	3145	2329
178	6503	5055	3706	4724	2698	2530	3609	3431	2771	3556	3188	2324
179	6616	5080	3725	4771	2782	2524	3545	3455	2720	3540	3133	2371
180	6440	5089	3776	4788	2706	2551	3601	3399	2779	3575	3165	2337
181	6576	5085	3764	4825	2753	2560	3538	3397	2780	3553	3159	2328
182	6454	5161	3641	4783	2739	2530	3542	3413	2749	3499	3152	2333
183	6646	5120	3724	4867	2723	2527	3463	3415	2816	3532	3146	2343
184	6462	5108	3773	4731	2787	2506	3510	3391	2768	3490	3194	2336
185	6522	5074	3771	4816	2681	2524	3501	3433	2711	3584	3190	2370
186	6556	5103	3735	4682	2715	2555	3542	3367	2772	3535	3162	2333
187	6403	5054	3830	4614	2715	2575	3484	3476	2798	3570	3245	2338
188	6361	5063	3746	4592	2720	2488	3488	3420	2745	3525	3189	2355
189	6507	5136	3776	4797	2764	2568	3534	3451	2751	3573	3166	2357
190	6537	5123	3745	4651	2737	2492	3479	3390	2735	3564	3180	2339
191	6468	5068	3734	4750	2724	2532	3628	3353	2777	3556	3212	2393
192	6548	5147	3796	4677	2746	2552	3439	3300	2678	3507	3221	2387
193	6509	5127	3750	4634	2723	2493	3525	3329	2750	3571	3204	2373
194	6540	5208	3739	4679	2694	2491	3467	3303	2715	3528	3244	2329
195	6672	5220	3713	4687	2703	2505	3459	3401	2688	3551	3176	2426
196	6554	5220	3724	4663	2778	2466	3484	3385	2744	3578	3147	2367
197	6566	5301	3694	4603	2741	2540	3472	3353	2742	3565	3196	2348
198	6533	5163	3799	4679	2737	2497	3523	3395	2750	3561	3180	2313
199	6495	5105	3730	4746	2734	2537	3520	3398	2756	3564	3212	2394
200	6591	5124	3757	4643	2726	2488	3464	3391	2753	3518	3194	2378
201	6476	5104	3815	4703	2729	2510	3500	3381	2703	3535	3123	2383
202	6585	5169	3737	4694	2713	2474	3504	3351	2775	3622	3237	2315
203	6323	5211	3837	4570	2701	2498	3454	3374	2749	3602	3162	2382
204	6454	5149	3804	4542	2733	2535	3435	3380	2716	3565	3158	2350
205	6478	5150	3783	4671	2664	2471	3473	3364	2759	3599	3216	2330
206	6584	5112	3801	4520	2677	2479	3437	3347	2739	3552	3194	2401
207	6532	5100	3753	4586	2740	2483	3447	3344	2730	3570	3217	2352
208	6548	5199	3753	4709	2683	2456	3416	3352	2668	3596	3215	2369
209	6503	5128	3719	4770	2679	2449	3478	3348	2736	3578	3179	2337
210	6597	5263	3710	4651	2652	2416	3441	3332	2667	3577	3139	2405
211	6416	5227	3756	4512	2675	2464	3393	3321	2685	3582	3231	2323
212	6525	5173	3705	4593	2676	2477	3418	3385	2729	3591	3223	2359
213	6557	5249	3811	4562	2693	2513	3426	3318	2709	3560	3242	2341
214	6390	5117	3759	4602	2687	2436	3499	3320	2691	3676	3222	2346
215	6521	5266	3775	4575	2691	2473	3410	3327	2717	3524	3163	2396
216	6384	5169	3770	4646	2674	2457	3538	3298	2699	3592	3176	2343
217	6526	5240	3749	4458	2691	2473	3490	3310	2703	3610	3134	2325
218	6372	5119	3824	4581	2776	2458	3377	3287	2749	3504	3225	2336
219	6541	5138	3869	4488	2647	2422	3479	3328	2720	3571	3236	2325
220	6347	5127	3807	4475	2780	2433	3368	3349	2688	3552	3173	2385
221	6374	5171	3783	4519	2682	2498	3367	3335	2722	3583	3121	2395
222	6506	5074	3776	4468	2692	2414	3379	3311	2668	3531	3182	2435
223	6468	5210	3848	4613	2676	2423	3441	3277	2664	3604	3167	2380
224	6497	5172	3762	4419	2626	2476	3392	3308	2673	3574	3194	2389
225	6479	5308	3779	4494	2685	2440	3450	3373	2713	3559	3148	2338
226	6401	5264	3802	4487	2668	2499	3411	3308	2659	3597	3116	2332
227	6484	5242	3790	4519	2661	2443	3328	3345	2719	3589	3159	2375
228	6520	5247	3773	4534	2667	2456	3351	3255	2633	3583	3124	2367
229	6542	5215	3765	4514	2698	2405	3360	3353	2640	3575	3122	2324
230	6568	5118	3752	4541	2657	2438	3341	3299	2682	3536	3191	2344
231	6436	5328	3816	4396	2664	2444	3355	3294	2669	3577	3145	2353
232	6551	5261	3777	4555	2662	2442	3376	3311	2620	3536	3148	2343
233	6438	5137	3729	4610	2663	2481	3334	3338	2651	3552	3100	2387
234	6467	5357	3817	4433	2650	2421	3296	3336	2625	3535	3169	2408
235	6459	5256	3847	4494	2644	2422	3293	3304	2710	3542	3126	2381
236	6462	5271	3808	4487	2646	2425	3338	3282	2645	3610	3148	2302
237	6367	5295	3693	4464	2693	2401	3331	3278	2652	3559	3107	2330
238	6495	5213	3743	4492	2645	2450	3349	3308	2620	3521	3148	2341
239	6424	5158	3732	4505	2596	2392	3377	3301	2637	3656	3183	2338
240	6382	5168	3795	4587	2686	2416	3376	3282	2608	3537	3189	2301
241	6566	5288	3751	4435	2687	2381	3408	3283	2626	3531	3167	2331
242	6353	5245	3768	4260	2607	2455	3351	3326	2659	3507	3125	2349
243	6368	5144	3766	4304	2682	2419	3336	3319	2617	3550	3056	2351
244	6397	5181	3729	4341	2691	2375	3362	3306	2598	3512	3095	2378
245	6486	5149	3744	4349	2647	2451	3287	3245	2634	3556	3100	2348
246	6564	5290	3734	4487	2651	2432	3308	3338	2648	3573	3040	2348
247	6486	5348	3751	4413	2622	2394	3370	3281	2647	3514	3095	2340
248	6551	5258	3735	4562	2604	2412	3333	3290	2610	3532	3162	2358
249	6468	5243	3772	4349	2629	2434	3323	3296	2646	3545	3089	2370
250	6508	5266	3773	4504	2622	2439	3360	3237	2596	3530	3158	2332
251	6496	5252	3744	4342	2643	2428	3320	3310	2597	3491	3075	2336
252	6420	5270	3756	4327	2641	2382	3264	3316	2584	3525	3054	2397
253	6439	5291	3731	4456	2635	2432	3282	3221	2629	3455	3096	2322
254	6579	5185	3712	4394	2622	2435	3236	3276	2587	3514	3108	2315
255	6433	5294	3797	4359	2599	2373	3265	3238	2635	3493	3081	2321
256	6462	5165	3771	4242	2673	2428	3296	3332	2581	3431	3095	2366
257	6475	5375	3716	4322	2643	2420	3286	3241	2635	3536	3089	2367
258	6425	5211	3756	4394	2681	2379	3288	3283	2596	3514	3113	2317
259	6462	5275	3784	4333	2633	2385	3237	3204	2603	3557	3081	2390
260	6379	5159	3766	4526	2672	2360	3223	3285	2551	3415	3112	2335
261	6326	5143	3765	4199	2642	2362	3259	3179	2555	3462	3123	2297
262	6359	5154	3825	4212	2663	2378	3250	3203	2584	3479	3166	2321
263	6472	5266	3718	4214	2663	2382	3301	3280	2587	3577	3128	2316
264	6407	5226	3701	4329	2655	2445	3259	3284	2597	3461	3132	2331
265	6482	5241	3725	4476	2648	2378	3261	3213	2586	3526	3146	2327
266	6461	5181	3737	4300	2671	2415	3186	3278	2618	3514	3082	2347
267	6398	5378	3779	4444	2622	2393	3236	3198	2604	3477	3129	2342
268	6418	5273	3752	4218	2604	2421	3253	3242	2634	3491	3074	2348
269	6306	5271	3762	4311	2674	2358	3244	3177	2625	3519	3086	2378
270	6309	5388	3741	4212	2651	2325	3219	3297	2568	3449	3088	2376
271	6495	5136	3794	4189	2597	2378	3279	3188	2601	3522	3153	2375
272	6416	5171	3802	4292	2673	2372	3238	3224	2657	3516	3073	2291
273	6443	5186	3747	4262	2639	2329	3140	3234	2562	3478	3087	2342
274	6354	5260	3880	4155	2633	2389	3205	3259	2584	3451	3143	2337
275	6358	5141	3747	4341	2637	2390	3260	3162	2619	3423	3107	2349
276	6358	5339	3777	4328	2663	2367	3235	3193	2573	3443	3109	2345
277	6528	5260	3842	4226	2633	2336	3188	3205	2570	3409	3078	2334
278	6469	5318	3828	4353	2654	2362	3164	3167	2617	3465	3069	2313
279	6272	5213	3803	4250	2558	2346	3195	3187	2600	3453	3059	2363
280	6512	5332	3718	4296	2675	2335	3190	3218	2562	3494	3066	2303
281	6357	5098	3738	4076	2645	2320	3146	3212	2571	3494	3072	2275
282	6310	5113	3751	4234	2621	2344	3167	3231	2540	3443	3108	2365
283	6400	5167	3789	4138	2664	2388	3194	3193	2545	3510	3051	2328
284	6434	5201	3753	4205	2645	2352	3185	3139	2548	3454	3058	2339
285	6571	5191	3796	4419	2621	2339	3157	3160	2599	3476	3100	2363
286	6473	5300	3735	4219	2667	2311	3215	3250	2594	3513	3050	2396
287	6488	5089	3858	4173	2637	2312	3196	3221	2566	3504	3097	2315
288	6373	5329	3768	4268	2565	2342	3179	3206	2512	3473	3065	2321
289	6370	5143	3785	4284	2638	2324	3149	3198	2551	3524	3119	2344
290	6424	5170	3754	4205	2688	2364	3134	3179	2574	3419	3071	2340
291	6286	5116	3792	4229	2645	2320	3136	3125	2526	3431	3069	2333
292	6441	5308	3720	4258	2673	2381	3147	3124	2514	3418	3071	2334
293	6513	5295	3887	4183	2620	2395	3162	3233	2652	3540	3142	2318
294	6328	5259	3786	4213	2623	2281	3159	3139	2492	3418	3080	2320
295	6446	5268	3753	4259	2654	2335	3139	3257	2601	3402	3011	2372
296	6391	5203	3751	4285	2591	2338	3109	3175	2510	3413	3082	2325
297	6455	5166	3842	4122	2667	2292	3109	3106	2503	3414	3113	2279
298	6413	5163	3779	4170	2589	2359	3085	3147	2516	3445	3062	2300
299	6410	5157	3822	4170	2621	2336	3128	3169	2494	3394	3016	2347
300	6358	5278	3768	4265	2643	2306	3193	3124	2509	3415	3020	2333
301	6355	5233	3834	4248	2600	2396	3131	3203	2511	3421	3052	2346
302	6367	5257	3805	4106	2607	2315	3184	3122	2547	3379	3097	2322
303	6352	5157	3798	4028	2634	2398	3091	3189	2476	3391	3089	2317
304	6397	5275	3772	4176	2586	2326	3102	3153	2536	3394	3055	2314
305	6451	5261	3801	4145	2603	2322	3163	3092	2496	3426	3066	2312
306	6337	5224	3763	4133	2577	2365	3130	3133	2512	3418	3063	2306
307	6413	5277	3732	4087	2603	2305	3148	3170	2519	3455	3073	2325
308	6394	5346	3708	4329	2572	2319	3131	3113	2575	3376	3033	2311
309	6287	5307	3750	4201	2614	2278	3090	3071	2555	3371	3024	2357
310	6312	5254	3790	4250	2620	2276	3044	3074	2491	3395	3014	2297
311	6300	5337	3808	4189	2666	2286	3191	3102	2523	3451	3123	2344
312	6318	5237	3712	4103	2612	2290	3072	3114	2583	3425	3017	2315
313	6443	5177	3814	4125	2617	2307	3114	3158	2559	3485	3044	2284
314	6360	5232	3751	4092	2662	2314	3105	3096	2604	3376	3077	2307
315	6405	5231	3787	4233	2619	2340	3075	3078	2529	3424	3062	2284
316	6439	5213	3801	4203	2652	2320	3164	3113	2508	3400	3052	2287
317	6498	5324	3666	4180	2542	2332	3125	3075	2571	3385	3114	2285
318	6294	5209	3750	4032	2596	2300	3055	3106	2506	3409	3059	2329
319	6402	5269	3829	4074	2674	2401	3196	3191	2526	3451	3132	2328
320	6290	5240	3794	4145	2621	2344	3084	3129	2485	3468	3055	2273
321	6358	5235	3836	4206	2575	2268	3118	3088	2559	3358	3047	2273
322	6338	5113	3764	4048	2558	2337	3112	3100	2499	3382	3080	2327
323	6382	5106	3805	4056	2630	2348	3065	3121	2505	3419	3067	2333
324	6426	5168	3819	4061	2631	2344	3090	3110	2559	3424	3087	2308
325	6281	5184	3876	4074	2634	2291	2998	3078	2515	3315	3035	2284
326	6480	5197	3762	4080	2527	2360	3078	3123	2525	3443	3020	2312
327	6381	5255	3848	4020	2577	2282	3099	3086	2513	3363	3036	2361
328	6378	5251	3744	4011	2550	2290	2999	3094	2549	3419	2945	2286
329	6404	5143	3736	4060	2570	2301	3103	3123	2489	3412	3025	2305
330	6361	5115	3794	3991	2571	2346	3055	3058	2511	3416	3007	2305
331	6391	5108	3775	4017	2573	2333	3052	3125	2499	3408	3043	2340
332	6383	5247	3862	4068	2562	2312	3037	3134	2466	3439	2953	2251
333	6352	5313	3866	4215	2589	2326	3078	3082	2493	3353	3017	2312
334	6377	5212	3763	4094	2591	2325	3024	3109	2504	3422	3039	2323
335	6516	5217	3894	4060	2558	2280	2969	3039	2505	3365	3037	2239
336	6513	5202	3810	4008	2613	2306	3027	3097	2512	3405	2980	2307
337	6396	5266	3788	3983	2606	2349	3052	3125	2493	3355	3022	2309
338	6358	5196	3800	4084	2615	2285	3023	3128	2506	3406	2980	2338
339	6399	5317	3829	4008	2588	2297	3074	3069	2421	3393	2993	2293
340	6419	5255	3849	4087	2618	2302	3000	3069	2509	3362	2991	2308
341	6334	5177	3783	4076	2633	2343	3017	3065	2499	3380	3001	2325
342	6360	5320	3824	4078	2585	2291	3029	3060	2460	3409	3062	2298
343	6474	5194	3791	4030	2583	2247	3068	3052	2484	3335	3010	2256
344	6442	5224	3754	4131	2544	2292	3021	3110	2453	3398	3056	2263
345	6411	5293	3769	4151	2557	2342	2993	3022	2484	3391	3000	2270
346	6509	5235	3811	4007	2560	2277	2948	3032	2474	3370	2998	2312
347	6435	5311	3804	4157	2578	2274	3014	3009	2541	3372	2970	2321
348	6492	5220	3795	3987	2612	2275	3133	3038	2490	3313	2963	2317
349	6336	5388	3741	4060	2578	2341	2970	3023	2465	3360	2969	2299
350	6442	5313	3801	4141	2624	2287	2967	3049	2435	3370	3030	2343
351	6346	5279	3851	4024	2561	2280	3077	3040	2441	3372	3004	2295
352	6369	5317	3800	4057	2526	2242	3019	3005	2475	3371	3048	2307
353	6411	5315	3820	4033	2595	2314	3017	3002	2434	3358	2965	2302
354	6379	5330	3800	3917	2549	2238	2957	3015	2467	3341	3033	2325
355	6334	5250	3803	3959	2604	2258	3030	3013	2492	3400	3034	2298
356	6447	5338	3754	3948	2571	2276	3006	3006	2441	3375	3023	2287
357	6331	5240	3757	3962	2602	2253	2996	3022	2456	3411	2953	2281
358	6450	5276	3763	3964	2563	2289	2975	2997	2450	3447	2931	2263
359	6336	5262	3747	3989	2605	2279	2964	2997	2378	3398	2986	2268
360	6266	5273	3788	4069	2610	2273	2958	2971	2446	3363	2972	2244
361	6306	5236	3872	4118	2613	2332	3033	2949	2476	3388	2996	2268
362	6480	5303	3828	3912	2528	2286	2947	2965	2449	3320	2948	2313
363	6354	5181	3811	3928	2562	2264	2920	3045	2499	3345	2996	2327
364	6488	5221	3806	3951	2603	2248	2934	2931	2477	3337	2950	2318
365	6450	5302	3870	4004	2585	2261	3001	2998	2493	3430	3061	2244
366	6423	5186	3759	3882	2562	2273	2918	2975	2411	3430	2943	2233
367	6430	5216	3829	4002	2576	2257	2971	2955	2504	3409	2978	2295
368	6357	5332	3807	3878	2574	2262	2960	2972	2441	3403	2981	2280
369	6361	5242	3842	3981	2559	2312	3027	3028	2505	3395	2923	2307
370	6369	5166	3813	3862	2624	2268	2939	2965	2430	3324	2968	2297
371	6370	5230	3829	4111	2575	2262	2942	2968	2487	3387	2977	2266
372	6417	5187	3792	4073	2585	2248	2972	2918	2470	3349	2940	2270
373	6423	5319	3825	3931	2595	2249	2925	2961	2463	3359	3005	2275
374	6380	5319	3862	3959	2572	2269	2979	2938	2493	3362	2980	2279
375	6526	5287	3775	3947	2510	2302	2820	2981	2453	3383	2987	2240
376	6385	5355	3813	3917	2559	2277	2949	2926	2515	3395	2953	2258
377	6429	5216	3776	4027	2587	2246	2930	2934	2484	3396	2929	2256
378	6443	5226	3802	3950	2601	2291	2914	2951	2451	3408	2990	2233
379	6358	5288	3803	3991	2565	2270	2821	2969	2503	3365	2891	2289
380	6363	5198	3788	4022	2592	2262	2914	2968	2455	3369	2936	2290
381	6291	5323	3802	3879	2595	2260	2909	2971	2465	3297	2959	2331
382	6406	5300	3770	3890	2594	2249	2928	2948	2396	3399	2996	2284
383	6412	5314	3736	3978	2588	2229	2891	2939	2484	3366	2950	2249
384	6413	5221	3824	3886	2548	2276	2986	2959	2512	3365	2950	2310
385	6355	5382	3773	3963	2591	2225	2959	2926	2458	3373	2970	2224
386	6427	5185	3775	4083	2578	2277	2898	2942	2405	3349	2923	2256
387	6496	5304	3774	3853	2578	2266	2886	2966	2526	3359	2925	2305
388	6485	5280	3882	3917	2606	2293	2905	2894	2479	3419	2946	2259
389	6440	5248	3851	3888	2585	2230	2907	2908	2448	3369	2949	2267
390	6447	5275	3808	3958	2609	2219	2890	2968	2445	3363	2956	2295
391	6502	5284	3791	3879	2572	2248	2888	2980	2430	3386	2988	2247
392	6340	5260	3819	3888	2572	2263	2997	2888	2487	3316	2892	2276
393	6413	5375	3773	4025	2544	2233	2898	2940	2487	3337	2942	2314
394	6439	5369	3826	3905	2628	2262	2937	2919	2405	3342	2953	2255
395	6398	5191	3814	3758	2573	2227	2841	2892	2462	3335	2926	2285
396	6429	5245	3782	3862	2502	2245	2902	2907	2457	3386	2954	2284
397	6364	5283	3810	3861	2571	2246	2903	2889	2454	3364	2988	2234
398	6425	5254	3776	3820	2547	2332	2839	2896	2439	3370	2959	2259
399	6384	5332	3901	3993	2604	2190	2883	2900	2522	3363	3010	2267
400	6373	5273	3900	3810	2602	2250	2804	2868	2438	3324	2909	2279
401	6376	5237	3834	3879	2537	2242	2858	2932	2438	3334	2992	2260
402	6419	5343	3888	3815	2534	2214	2963	2932	2484	3321	2935	2310
403	6550	5264	3871	3765	2604	2237	2827	2905	2441	3386	2895	2281
404	6338	5214	3850	3789	2567	2194	2934	2894	2455	3343	2898	2295
405	6347	5242	3880	3911	2571	2219	2885	2972	2477	3356	2916	2269
406	6512	5419	3872	3944	2535	2197	2884	2914	2482	3327	2934	2271
407	6342	5284	3874	3799	2561	2260	2869	2859	2443	3365	2928	2304
408	6382	5078	3809	3742	2592	2250	2893	2955	2418	3351	2908	2290
409	6400	5194	3873	3818	2585	2257	2888	2858	2511	3385	2922	2247
410	6371	5171	3809	3787	2559	2232	2884	2866	2439	3353	2902	2265
411	6306	5189	3863	3818	2575	2247	2919	2914	2497	3374	2975	2258
412	6338	5185	3864	3744	2617	2241	2896	2867	2460	3341	2939	2219
413	6451	5174	3832	3856	2549	2243	2884	2873	2512	3319	2917	2243
414	6406	5176	3843	3820	2545	2246	2831	2894	2476	3386	2896	2249
415	6374	5266	3860	3994	2531	2286	2835	2882	2445	3292	2924	2225
416	6352	5413	3908	3789	2522	2165	2802	2925	2462	3330	2905	2239
417	6377	5461	3880	3937	2581	2207	2866	2886	2453	3296	2974	2236
418	6471	5376	3874	3720	2554	2248	2903	2868	2479	3370	2911	2274
419	6393	5319	3864	3801	2549	2206	2886	2911	2423	3341	2910	2238
420	6318	5330	3893	3776	2516	2238	2810	2836	2393	3387	2898	2290
421	6297	5374	3860	3758	2523	2200	2845	2872	2466	3295	2929	2280
422	6247	5408	3821	3820	2582	2186	2825	2833	2420	3319	2937	2206
423	6304	5291	3851	3819	2582	2226	2760	2861	2496	3342	2938	2258
424	6286	5197	3880	3754	2545	2189	2769	2894	2445	3337	2922	2214
425	6370	5171	3868	3725	2578	2225	2714	2864	2401	3351	2957	2234
426	6307	5254	3880	3787	2522	2262	2833	2903	2432	3335	2862	2277
427	6394	5392	3878	3908	2571	2241	2832	2844	2446	3345	2887	2295
428	6347	5255	3849	3817	2527	2160	2809	2842	2389	3362	2874	2259
429	6444	5226	3865	3973	2595	2172	2859	2906	2466	3325	2942	2241
430	6443	5256	3907	3892	2551	2202	2875	2765	2370	3276	2903	2252
431	6394	5176	3899	3802	2559	2234	2885	2815	2390	3261	2860	2272
432	6371	5263	3831	3807	2562	2229	2789	2797	2393	3271	2911	2239
433	6465	5334	3872	3898	2509	2199	2799	2780	2421	3294	2897	2235
434	6352	5365	3881	3774	2554	2219	2823	2841	2420	3292	2911	2250
435	6399	5319	3854	3881	2594	2182	2807	2860	2415	3327	2914	2249
436	6382	5352	3887	3830	2554	2212	2757	2847	2383	3316	2968	2301
437	6392	5459	3872	3878	2553	2282	2898	2839	2426	3329	2906	2254
438	6402	5308	3907	3875	2588	2195	2764	2869	2428	3336	2909	2264
439	6315	5355	3873	3749	2547	2179	2849	2764	2378	3306	2928	2256
440	6553	5401	3975	3786	2573	2253	2829	2811	2438	3385	2980	2338
441	6484	5354	3883	3839	2537	2198	2781	2839	2388	3290	2927	2264
442	6345	5214	3895	3797	2601	2211	2801	2825	2415	3277	2892	2277
443	6365	5147	3923	3774	2569	2230	2790	2800	2403	3384	2897	2271
444	6258	5271	3948	3940	2564	2242	2768	2860	2359	3350	2926	2307
445	6406	5382	3968	3831	2517	2188	2759	2796	2372	3312	2920	2248
446	6367	5318	3850	3914	2554	2239	2750	2783	2394	3261	2886	2240
447	6347	5292	3931	3798	2585	2175	2789	2884	2376	3312	2913	2246
448	6418	5345	3905	3723	2529	2177	2860	2827	2400	3261	2839	2290
449	6390	5379	3920	3777	2510	2206	2809	2881	2370	3289	2875	2277
450	6360	5313	3867	3715	2606	2202	2794	2808	2381	3286	2820	2259
451	6420	5370	3949	3841	2518	2205	2818	2853	2345	3246	2874	2222
452	6325	5279	3877	3773	2522	2204	2704	2809	2355	3309	2930	2229
453	6217	5380	3898	3684	2531	2178	2779	2846	2379	3268	2934	2250
454	6430	5302	3869	3689	2543	2172	2723	2770	2473	3307	2881	2225
455	6359	5343	3921	3781	2555	2170	2795	2762	2356	3250	2921	2268
456	6358	5345	3975	3725	2548	2157	2800	2811	2367	3276	2856	2232
457	6392	5355	3900	3784	2508	2196	2759	2864	2399	3279	2892	2243
458	6392	5475	3895	3687	2545	2223	2778	2879	2364	3255	2844	2250
459	6379	5210	3972	3794	2544	2207	2781	2811	2425	3341	2871	2295
460	6371	5297	3927	3706	2551	2201	2810	2793	2356	3357	2871	2248
461	6339	5364	3876	3788	2596	2220	2794	2785	2420	3216	2839	2188
462	6412	5282	3950	3732	2603	2168	2811	2766	2384	3252	2909	2213
463	6452	5414	3925	3839	2540	2212	2763	2828	2362	3241	2872	2207
464	6433	5366	3893	3724	2526	2162	2735	2821	2375	3284	2872	2236
465	6429	5207	3983	3822	2513	2134	2678	2775	2322	3274	2870	2231
466	6341	5315	3924	3828	2497	2153	2714	2794	2378	3185	2876	2252
467	6428	5246	3924	3772	2472	2186	2764	2793	2359	3236	2809	2263
468	6453	5238	3962	3726	2573	2215	2824	2817	2339	3254	2829	2227
469	6338	5290	3921	3711	2595	2190	2759	2743	2373	3293	2881	2202
470	6402	5374	3884	3840	2579	2221	2730	2801	2333	3218	2889	2202
471	6321	5320	3953	3720	2575	2166	2778	2761	2346	3196	2890	2239
472	6405	5290	3934	3737	2537	2195	2794	2788	2329	3230	2916	2223
473	6382	5222	3940	3806	2514	2184	2780	2744	2368	3224	2919	2131
474	6426	5289	3949	3745	2518	2192	2747	2763	2339	3304	2918	2175
475	6417	5214	3950	3862	2560	2238	2671	2791	2323	3217	2883	2229
476	6375	5164	3975	3732	2488	2154	2854	2728	2371	3164	2868	2203
477	6404	5296	3954	3613	2587	2185	2706	2777	2328	3200	2881	2244
478	6456	5236	3945	3800	2548	2175	2739	2740	2391	3299	2842	2226
479	6252	5265	3937	3643	2547	2217	2754	2767	2339	3156	2853	2205
480	6420	5288	3867	3874	2512	2168	2754	2735	2336	3223	2854	2243
481	6368	5317	3911	3736	2528	2135	2616	2745	2354	3221	2914	2241
482	6411	5328	3873	3837	2579	2190	2699	2791	2306	3152	2857	2241
483	6341	5343	3869	3712	2503	2190	2777	2765	2405	3280	2821	2219
484	6352	5368	3886	3622	2561	2244	2805	2761	2327	3165	2834	2204
485	6341	5242	3971	3683	2563	2200	2730	2752	2328	3175	2885	2207
486	6485	5269	3863	3567	2568	2163	2702	2723	2382	3226	2818	2198
487	6427	5184	3874	3599	2531	2100	2661	2767	2384	3238	2833	2205
488	6341	5282	3842	3759	2530	2173	2712	2769	2366	3195	2834	2216
489	6443	5271	3899	3571	2569	2181	2629	2799	2357	3150	2875	2235
490	6448	5171	3877	3665	2571	2182	2725	2715	2375	3272	2844	2160
491	6431	5270	3896	3742	2518	2201	2693	2736	2329	3273	2832	2151
492	6421	5250	3910	3773	2516	2168	2745	2675	2316	3263	2826	2213
493	6551	5336	3967	3820	2547	2161	2715	2768	2372	3193	2813	2205
494	6329	5338	3881	3762	2568	2182	2721	2674	2337	3183	2849	2207
495	6326	5290	3914	3667	2499	2206	2723	2707	2344	3221	2782	2165
496	6392	5245	3889	3720	2533	2112	2713	2699	2323	3142	2839	2212
497	6298	5211	3976	3691	2560	2160	2747	2740	2332	3170	2835	2233
498	6293	5340	3869	3767	2465	2191	2669	2664	2342	3183	2822	2196
499	6306	5309	3891	3654	2525	2167	2749	2679	2310	3139	2791	2266
500	6361	5375	3903	3652	2524	2226	2709	2659	2334	3151	2856	2204
501	6272	5270	3859	3652	2534	2155	2751	2695	2349	3136	2827	2170
502	6488	5387	3825	3602	2499	2118	2719	2649	2344	3203	2821	2215
503	6420	5386	3877	3757	2494	2120	2682	2798	2310	3121	2846	2145
504	6400	5306	3880	3540	2532	2107	2604	2670	2330	3132	2801	2156
505	6296	5198	3915	3826	2527	2182	2666	2646	2338	3082	2828	2162
506	6295	5215	3850	3599	2491	2169	2676	2645	2338	3205	2858	2138
507	6382	5308	3886	3654	2500	2223	2629	2656	2317	3154	2784	2203
508	6375	5264	3850	3617	2526	2149	2684	2719	2346	3115	2811	2172
509	6435	5232	3889	3642	2506	2084	2707	2689	2344	3136	2856	2167
510	6391	5205	3888	3670	2565	2123	2692	2668	2313	3071	2845	2174
511	6376	5289	3947	3549	2518	2146	2732	2642	2278	3173	2786	2165
512	6391	5281	3886	3607	2564	2113	2675	2619	2319	3094	2836	2221
513	6327	5249	3935	3599	2596	2120	2660	2638	2333	3164	2809	2217
514	6480	5195	3944	3567	2560	2188	2653	2654	2309	3152	2833	2187
515	6394	5166	3902	3618	2522	2127	2673	2688	2313	3101	2855	2212
516	6300	5236	3941	3637	2487	2158	2672	2611	2289	3149	2799	2157
517	6462	5179	3843	3536	2582	2168	2645	2671	2304	3149	2849	2168
518	6359	5198	3889	3626	2537	2199	2698	2695	2271	3148	2822	2248
519	6315	5175	3940	3568	2557	2171	2648	2645	2262	3175	2806	2217
520	6318	5093	3966	3592	2540	2159	2593	2660	2269	3082	2761	2190
521	6464	5154	3910	3686	2517	2194	2668	2656	2316	3132	2789	2215
522	6426	5346	3907	3677	2526	2131	2627	2590	2297	3149	2804	2176
523	6472	5296	3857	3701	2507	2156	2668	2636	2301	3123	2790	2156
524	6363	5286	3958	3615	2577	2165	2702	2630	2334	3080	2773	2207
525	6310	5308	3881	3631	2511	2166	2671	2650	2318	3141	2808	2181
526	6332	5306	3919	3585	2504	2150	2599	2664	2315	3102	2798	2170
527	6403	5219	3913	3610	2553	2153	2651	2631	2304	3106	2761	2149
528	6392	5244	3856	3734	2478	2127	2632	2610	2372	3122	2805	2159
529	6342	5309	3873	3732	2543	2152	2579	2648	2312	3097	2853	2156
530	6306	5193	3927	3526	2532	2184	2662	2652	2336	3065	2777	2203
531	6394	5273	3929	3691	2493	2143	2616	2644	2310	3092	2792	2123
532	6428	5292	3916	3651	2522	2092	2551	2577	2304	3097	2799	2166
533	6401	5314	3886	3618	2507	2112	2638	2676	2298	3054	2813	2215
534	6347	5213	3881	3597	2559	2149	2590	2607	2291	3103	2768	2179
535	6388	5276	3997	3657	2539	2114	2697	2670	2332	3126	2853	2254
536	6343	5333	3930	3657	2546	2148	2664	2629	2342	3087	2846	2119
537	6469	5233	3946	3582	2509	2125	2583	2579	2289	3124	2801	2184
538	6543	5183	3892	3619	2522	2151	2625	2601	2277	3043	2782	2156
539	6375	5250	3855	3588	2499	2155	2621	2601	2362	3172	2816	2220
540	6367	5235	3931	3672	2506	2173	2537	2623	2374	3118	2831	2161
541	6370	5435	3928	3714	2475	2174	2597	2610	2326	3101	2861	2181
542	6402	5172	4015	3599	2531	2128	2643	2683	2292	3122	2802	2163
543	6362	5322	3897	3674	2565	2161	2580	2624	2343	3127	2829	2128
544	6304	5282	3857	3692	2527	2134	2695	2596	2321	3123	2867	2176
545	6377	5203	3919	3687	2579	2093	2625	2652	2233	3127	2828	2142
546	6324	5344	3899	3504	2526	2104	2592	2579	2302	3115	2824	2166
547	6471	5288	3850	3550	2571	2136	2612	2595	2289	3151	2810	2158
548	6347	5260	3970	3558	2535	2120	2613	2586	2283	3150	2802	2133
549	6402	5240	3918	3537	2556	2099	2626	2525	2260	3088	2788	2186
550	6365	5187	3918	3570	2519	2132	2583	2603	2312	3067	2800	2154
551	6360	5288	4008	3748	2566	2151	2627	2550	2237	3060	2796	2198
552	6517	5437	4016	3573	2532	2158	2695	2598	2335	3122	2791	2220
553	6403	5336	3986	3567	2497	2080	2600	2602	2242	3109	2769	2204
554	6418	5288	3943	3743	2481	2088	2684	2597	2251	3117	2779	2197
555	6426	5220	3959	3558	2514	2116	2548	2521	2294	3115	2798	2137
556	6334	5325	3872	3665	2543	2136	2583	2583	2262	3105	2774	2137
557	6313	5275	3905	3559	2537	2027	2569	2551	2300	3121	2815	2190
558	6308	5262	3899	3686	2475	2112	2565	2531	2287	3150	2720	2150
559	6477	5237	3932	3804	2519	2110	2584	2540	2251	3075	2800	2182
560	6495	5330	3852	3706	2538	2115	2542	2564	2314	3121	2760	2195
561	6406	5277	3851	3609	2501	2101	2599	2577	2226	3128	2785	2109
562	6332	5353	3895	3658	2506	2065	2536	2545	2284	3161	2747	2155
563	6412	5388	3847	3642	2450	2105	2554	2549	2245	3127	2693	2131
564	6252	5270	3895	3479	2537	2098	2626	2570	2242	3128	2742	2154
565	6438	5245	3922	3578	2467	2117	2552	2615	2267	3147	2710	2167
566	6398	5242	3910	3531	2497	2082	2544	2521	2248	3139	2769	2148
567	6406	5332	3962	3585	2456	2096	2611	2537	2247	3142	2777	2125
568	6528	5356	3836	3530	2510	2107	2578	2539	2249	3110	2704	2191
569	6432	5353	3913	3627	2567	2063	2559	2541	2234	3154	2742	2170
570	6567	5372	4038	3540	2578	2120	2536	2558	2340	3257	2830	2140
571	6501	5244	3913	3620	2494	2127	2565	2543	2279	3147	2778	2124
572	6354	5359	3891	3732	2539	2109	2583	2530	2309	3215	2810	2126
573	6383	5312	3898	3669	2536	2076	2552	2564	2238	3125	2773	2139
574	6520	5319	3841	3548	2600	2020	2503	2568	2246	3116	2710	2172
575	6440	5286	3872	3430	2538	2099	2583	2487	2228	3115	2723	2141
576	6316	5249	3942	3513	2569	2121	2511	2544	2279	3182	2759	2120
577	6368	5269	3929	3610	2527	2084	2551	2571	2250	3135	2780	2107
578	6500	5224	3929	3520	2480	2077	2537	2567	2288	3102	2770	2144
579	6403	5289	3795	3546	2534	2122	2573	2525	2249	3139	2757	2133
580	6461	5331	3982	3475	2486	2116	2576	2507	2242	3108	2749	2201
581	6422	5306	3959	3575	2516	2098	2549	2541	2267	3170	2746	2174
582	6417	5312	3881	3590	2521	2102	2507	2516	2235	3056	2736	2135
583	6500	5388	3861	3574	2531	2136	2614	2570	2232	3083	2734	2174
584	6465	5334	3866	3550	2512	2043	2527	2579	2215	3087	2744	2133
585	6391	5218	3935	3574	2532	2089	2592	2542	2261	3094	2722	2110
586	6341	5426	3923	3514	2491	2089	2603	2569	2220	3123	2747	2139
587	6365	5384	3933	3531	2547	2074	2540	2479	2258	3149	2749	2145
588	6393	5474	3915	3540	2487	2142	2549	2553	2221	3135	2713	2169
589	6301	5377	3970	3538	2553	2046	2622	2485	2242	3161	2725	2160
590	6349	5305	3932	3458	2488	2044	2505	2473	2224	3130	2747	2115
591	6487	5345	3895	3554	2537	2074	2596	2500	2200	3110	2766	2101
592	6490	5316	3899	3554	2504	2067	2569	2510	2212	3129	2743	2183
593	6369	5338	3948	3522	2502	2073	2535	2509	2256	3134	2766	2118
594	6339	5416	3879	3521	2483	2053	2582	2528	2256	3078	2801	2139
595	6340	5357	3914	3445	2492	2044	2555	2497	2217	3066	2721	2141
596	6315	5202	3828	3444	2536	2105	2528	2534	2245	3071	2755	2112
597	6350	5237	3958	3395	2517	2055	2572	2491	2157	3091	2715	2145
598	6495	5245	3918	3549	2503	2120	2532	2520	2245	3056	2766	2104
599	6576	5303	3906	3471	2554	2023	2580	2468	2253	3028	2767	2141
600	6415	5346	3894	3529	2463	2118	2596	2538	2244	3043	2717	2087
601	6326	5224	3918	3461	2549	2092	2545	2544	2244	3093	2775	2149
602	6400	5392	3862	3479	2493	2072	2544	2535	2212	3079	2682	2137
603	6424	5475	3904	3508	2527	2116	2581	2532	2269	3003	2749	2101
604	6311	5324	3986	3504	2551	2064	2525	2467	2254	3091	2769	2086
605	6413	5358	3929	3449	2576	2110	2498	2517	2191	3067	2733	2091
606	6392	5209	3924	3522	2507	2042	2586	2514	2209	3057	2725	2113
607	6420	5233	3905	3540	2543	2096	2534	2503	2252	3024	2740	2105
608	6524	5265	3900	3477	2500	2041	2556	2458	2179	3040	2731	2166
609	6313	5303	3871	3596	2489	2102	2499	2466	2255	3085	2754	2135
610	6418	5237	3929	3477	2515	2084	2538	2504	2220	3079	2757	2146
611	6491	5262	3896	3685	2514	2109	2555	2501	2239	2993	2735	2114
612	6393	5237	3886	3479	2556	2049	2553	2499	2181	3066	2718	2141
613	6412	5193	3963	3438	2472	2117	2506	2450	2214	3032	2713	2116
614	6332	5218	3916	3520	2559	2048	2627	2478	2231	3074	2715	2110
615	6268	5184	3971	3533	2495	2057	2520	2527	2171	3035	2758	2086
616	6419	5234	3941	3407	2507	2026	2501	2474	2192	3051	2743	2161
617	6542	5337	3914	3539	2527	2127	2491	2448	2225	3019	2728	2124
618	6429	5428	3892	3573	2519	2055	2570	2463	2194	3068	2727	2127
619	6415	5272	3862	3469	2532	2046	2486	2447	2145	3023	2729	2037
620	6308	5212	3908	3471	2482	2083	2528	2507	2235	3077	2739	2074
621	6430	5167	3895	3414	2521	2057	2527	2420	2176	3019	2673	2121
622	6296	5225	3880	3507	2507	2091	2525	2497	2218	3051	2797	2133
623	6448	5307	3969	3441	2539	2101	2550	2517	2220	3114	2757	2142
624	6314	5248	3873	3539	2543	2077	2492	2461	2219	3075	2733	2115
625	6517	5396	3983	3567	2548	2124	2522	2542	2212	3123	2751	2126
626	6397	5251	3856	3496	2511	2073	2468	2479	2215	3042	2726	2108
627	6444	5212	3919	3385	2501	2076	2554	2432	2240	3030	2765	2123
628	6514	5292	3927	3429	2496	2023	2478	2520	2218	3048	2686	2084
629	6161	5229	3888	3585	2483	2096	2501	2479	2304	2991	2735	2092
630	6292	5133	3887	3396	2548	2055	2489	2419	2181	3007	2693	2106
631	6288	5155	3854	3494	2553	2054	2492	2407	2190	3050	2737	2096
632	6498	5351	3927	3486	2528	2067	2604	2500	2230	3064	2718	2132
633	6364	5231	3939	3453	2488	2089	2527	2429	2210	3060	2743	2116
634	6423	5205	3901	3428	2440	2075	2515	2485	2165	3014	2759	2124
635	6233	5320	3855	3524	2519	2085	2527	2473	2213	3027	2742	2131
636	6262	5376	3960	3515	2538	2116	2525	2485	2241	2991	2797	2121
637	6180	5251	3898	3387	2463	2112	2494	2437	2203	2992	2709	2122
638	6335	5273	3994	3457	2532	2039	2419	2471	2206	2994	2735	2143
639	6458	5233	3957	3443	2506	2060	2429	2393	2189	3002	2669	2124
640	6308	5274	3883	3482	2476	2022	2476	2428	2192	3030	2715	2118
641	6338	5239	3882	3370	2512	2038	2492	2458	2204	2961	2673	2115
642	6366	5238	3940	3430	2483	2068	2539	2411	2194	3007	2663	2129
643	6447	5507	3977	3615	2528	2105	2462	2430	2171	3070	2758	2195
644	6207	5261	3819	3477	2461	2085	2474	2439	2212	3042	2740	2087
645	6332	5340	3910	3472	2523	2085	2567	2469	2176	2990	2734	2139
646	6329	5165	3888	3456	2526	2073	2444	2424	2195	2984	2693	2113
647	6296	5220	3986	3378	2511	2065	2562	2416	2131	3034	2720	2106
648	6331	5258	3889	3494	2527	2086	2611	2389	2204	2967	2678	2110
649	6365	5235	3911	3435	2495	2037	2480	2468	2152	2936	2715	2117
650	6247	5278	3875	3419	2521	2022	2531	2414	2181	2955	2725	2107
651	6350	5306	3893	3443	2510	2036	2475	2417	2185	3008	2691	2115
652	6242	5270	3854	3370	2526	2105	2472	2360	2193	2937	2656	2148
653	6237	5186	3871	3458	2523	2065	2418	2389	2211	2981	2689	2097
654	6229	5235	3836	3396	2475	2052	2455	2450	2190	2956	2713	2137
655	6317	5319	3962	3456	2563	2096	2470	2489	2205	3015	2768	2165
656	6342	5202	3941	3451	2474	2129	2457	2399	2180	2928	2690	2085
657	6280	5326	3901	3503	2480	2040	2455	2441	2181	2965	2709	2133
658	6317	5265	3925	3323	2483	2047	2509	2490	2158	2963	2686	2144
659	6290	5245	3956	3374	2544	2043	2489	2419	2140	2938	2738	2093
660	6396	5473	3982	3464	2527	2074	2531	2479	2217	3052	2737	2167
661	6385	5178	3886	3447	2511	2062	2461	2431	2132	2931	2694	2105
662	6305	5264	3935	3405	2515	2031	2467	2450	2130	2959	2728	2151
663	6286	5128	3885	3396	2484	2076	2479	2401	2175	2906	2641	2140
664	6179	5382	3975	3352	2519	2033	2461	2399	2154	2952	2635	2080
665	6210	5212	3977	3383	2472	2007	2517	2393	2179	2913	2628	2067
666	6320	5162	3884	3521	2553	2031	2502	2412	2120	2954	2709	2115
667	6304	5299	3943	3453	2466	2027	2522	2377	2148	2835	2634	2095
668	6404	5435	3859	3527	2574	2086	2432	2416	2159	2865	2667	2075
669	6308	5287	3964	3343	2533	2098	2477	2344	2161	2973	2599	2062
670	6432	5343	3889	3586	2478	2069	2426	2415	2180	2886	2647	2104
671	6398	5322	3929	3477	2501	2090	2402	2406	2157	2947	2689	2024
672	6207	5240	3938	3403	2537	2071	2461	2371	2187	2932	2636	2095
673	6216	5242	3882	3448	2493	2061	2463	2405	2158	2901	2635	2116
674	6218	5243	3873	3372	2502	2075	2381	2426	2145	2905	2626	2085
675	6494	5341	3992	3441	2567	2063	2544	2400	2215	2932	2754	2159
676	6348	5247	3920	3384	2563	2051	2500	2359	2132	2896	2666	2099
677	6271	5093	3867	3440	2507	2038	2463	2396	2129	2890	2644	2145
678	6295	5257	3932	3488	2416	2074	2427	2390	2160	2928	2640	2077
679	6254	5210	3930	3362	2489	2081	2513	2413	2126	2904	2668	2091
680	6490	5255	3933	3434	2499	2042	2472	2375	2100	2955	2652	2081
681	6553	5184	3881	3356	2492	2049	2420	2352	2097	2853	2671	2069
682	6392	5376	3933	3465	2519	2085	2461	2446	2175	2959	2698	2153
683	6297	5271	3912	3343	2539	2042	2437	2347	2155	2889	2665	2092
684	6316	5271	3845	3289	2458	2044	2476	2297	2081	2870	2691	2067
685	6208	5267	3888	3383	2481	2031	2417	2424	2107	2893	2664	2127
686	6448	5352	3953	3450	2585	2113	2526	2427	2208	2918	2702	2087
687	6341	5309	3861	3387	2465	2067	2435	2356	2119	2865	2660	2100
688	6250	5325	3923	3402	2507	2046	2442	2339	2125	2839	2656	2067
689	6320	5296	3928	3408	2457	2074	2410	2319	2183	2795	2667	2046
690	6391	5305	3913	3433	2519	2048	2457	2349	2130	2936	2683	2116
691	6435	5399	3927	3390	2457	2047	2401	2339	2106	2860	2700	2050
692	6269	5231	3966	3404	2480	2045	2451	2374	2120	2878	2631	2083
693	6270	5345	3914	3494	2464	2011	2414	2335	2109	2824	2640	2015
694	6349	5290	3898	3380	2482	2056	2433	2367	2099	2873	2633	2049
695	6304	5210	3880	3304	2511	2041	2400	2380	2127	2831	2670	2026
696	6289	5278	3904	3459	2511	2057	2470	2317	2082	2840	2623	2056
697	6324	5171	3944	3284	2472	2058	2486	2368	2062	2823	2668	2076
698	6382	5302	3887	3512	2523	2041	2421	2321	2119	2845	2590	2091
699	6206	5244	3866	3319	2469	1999	2365	2353	2127	2877	2670	2092
700	6196	5156	3942	3392	2474	2070	2453	2381	2099	2845	2639	2081
701	6406	5471	3956	3495	2531	2042	2428	2351	2170	2815	2647	2006
702	6419	5221	3913	3442	2492	2071	2381	2350	2146	2845	2656	2047
703	6252	5202	3893	3345	2476	2003	2443	2386	2160	2801	2691	2066
704	6188	5244	3962	3446	2520	2042	2491	2329	2098	2852	2682	2076
705	6384	5229	3851	3471	2563	2061	2374	2316	2127	2796	2633	2023
706	6376	5392	3961	3535	2524	2075	2405	2296	2149	2850	2632	2078
707	6336	5310	3991	3505	2489	2048	2438	2351	2117	2799	2653	2066
708	6404	5238	3906	3385	2452	2052	2457	2370	2133	2822	2621	2069
709	6457	5235	3877	3411	2475	2030	2427	2406	2120	2854	2587	2038
710	6400	5256	3895	3562	2488	2100	2443	2337	2091	2840	2635	2098
711	6367	5363	3980	3486	2471	2038	2437	2370	2097	2838	2600	2066
712	6272	5365	3977	3450	2447	2060	2434	2321	2123	2836	2661	2088
713	6308	5217	3893	3363	2538	2056	2382	2313	2118	2776	2647	2070
714	6356	5140	4025	3435	2487	2006	2427	2332	2099	2890	2668	2112
715	6271	5166	3941	3375	2435	2009	2379	2335	2092	2765	2733	2079
716	6425	5267	3988	3326	2453	2006	2482	2267	2130	2784	2648	2086
717	6402	5229	3981	3321	2490	2042	2438	2296	2124	2785	2649	2102
718	6354	5332	3915	3494	2508	2017	2437	2328	2119	2782	2622	2050
719	6282	5453	3930	3422	2429	2029	2387	2332	2124	2797	2641	2045
720	6309	5376	3919	3440	2518	2046	2418	2342	2110	2836	2690	2012
721	6335	5250	3942	3444	2503	2030	2314	2294	2110	2836	2604	2104
722	6308	5307	3948	3364	2473	2065	2406	2315	2093	2807	2617	2102
723	6276	5244	3936	3519	2477	2080	2460	2333	2064	2719	2610	2092
724	6245	5196	3986	3389	2414	2028	2467	2286	2062	2818	2632	2053
725	6308	5202	3859	3245	2458	1981	2402	2291	2104	2783	2635	2043
726	6386	5229	3918	3363	2483	2060	2450	2329	2095	2759	2640	2077
727	6216	5141	3991	3377	2495	2033	2434	2296	2062	2769	2638	2098
728	6372	5373	3926	3505	2459	2011	2423	2330	2108	2804	2654	2050
729	6393	5242	3988	3501	2512	2060	2433	2356	2055	2792	2642	2049
730	6436	5313	3956	3488	2436	2026	2404	2262	2067	2783	2592	2080
731	6418	5307	3859	3402	2490	2036	2437	2319	2119	2813	2617	2084
732	6431	5306	3929	3376	2504	2049	2473	2325	2129	2807	2663	2128
733	6311	5321	3938	3452	2523	2045	2424	2359	2073	2755	2626	2042
734	6321	5373	4037	3563	2518	2050	2469	2338	2126	2808	2628	2058
735	6245	5314	3905	3327	2470	2015	2431	2280	2081	2771	2617	2059
736	6436	5326	3895	3393	2465	2020	2411	2293	2093	2801	2624	2033
737	6412	5373	3916	3398	2505	2023	2363	2304	2074	2736	2672	2018
738	6354	5191	3874	3428	2527	2015	2402	2314	2107	2744	2678	2088
739	6349	5252	3974	3424	2459	2006	2420	2284	2058	2804	2609	2005
740	6327	5301	3997	3341	2492	2008	2398	2324	2092	2771	2572	2063
741	6394	5256	3989	3375	2474	2001	2376	2292	2080	2757	2589	2070
742	6394	5107	3978	3353	2454	2012	2337	2286	2064	2805	2596	2042
743	6276	5210	3986	3557	2487	1973	2407	2285	2040	2830	2613	2055
744	6308	5168	3952	3482	2508	2055	2363	2311	2050	2822	2632	2084
745	6389	5342	3893	3505	2487	2021	2378	2333	2048	2763	2626	2086
746	6452	5375	3971	3364	2468	1982	2482	2267	2053	2794	2554	2069
747	6301	5265	3977	3402	2491	2049	2443	2253	2103	2761	2573	2021
748	6328	5263	3953	3376	2473	2054	2476	2238	2050	2752	2639	2053
749	6381	5291	3949	3474	2462	2026	2457	2296	2086	2745	2546	2050
750	6251	5277	3866	3258	2478	2022	2389	2262	2108	2752	2610	2055
751	6439	5263	3960	3418	2478	2029	2373	2296	2055	2745	2571	2040
752	6460	5361	3947	3415	2478	2017	2427	2284	2011	2717	2572	2038
753	6385	5398	4041	3374	2491	1992	2387	2279	2039	2794	2620	2056
754	6414	5207	4010	3396	2478	2006	2382	2285	2090	2702	2653	2048
755	6357	5338	4022	3390	2475	2002	2355	2320	2101	2744	2659	2058
756	6379	5415	4025	3406	2523	2004	2401	2253	2056	2777	2652	2079
757	6379	5370	3886	3359	2538	2008	2438	2302	2035	2784	2615	2027
758	6280	5339	4007	3342	2500	2032	2474	2287	2049	2752	2665	2087
759	6329	5227	3981	3255	2473	2003	2411	2273	2081	2761	2618	2070
760	6166	5199	4044	3370	2469	2049	2337	2280	2098	2790	2576	2069
761	6258	5188	4018	3308	2490	2044	2434	2325	2066	2733	2596	2042
762	6356	5215	4009	3325	2455	1986	2358	2292	2035	2712	2623	2072
763	6232	5330	3976	3440	2492	2032	2401	2262	2061	2716	2577	2026
764	6206	5269	3983	3468	2461	1972	2403	2313	2037	2787	2590	1998
765	6370	5247	3961	3430	2459	1993	2378	2287	2048	2727	2570	2037
766	6184	5286	3971	3386	2512	2040	2357	2262	2058	2763	2623	2035
767	6296	5274	3982	3343	2487	1966	2365	2273	2044	2788	2576	2036
768	6273	5414	3949	3480	2493	1984	2353	2264	2039	2758	2596	2108
769	6359	5298	3920	3304	2514	2028	2348	2325	2029	2703	2577	2052
770	6273	5323	3970	3290	2482	2013	2330	2279	2015	2737	2679	2052
771	6389	5382	4057	3424	2561	2105	2461	2303	2036	2801	2661	2058
772	6296	5343	3933	3338	2450	2001	2414	2260	2039	2748	2635	2063
773	6302	5197	4015	3406	2501	2024	2383	2273	2044	2679	2619	2065
774	6340	5388	4080	3336	2541	2028	2440	2308	2068	2869	2678	2064
775	6219	5212	3943	3358	2496	2022	2393	2260	1992	2802	2636	2014
776	6399	5375	4015	3430	2549	2067	2441	2305	2052	2758	2633	2083
777	6370	5303	3912	3287	2521	2037	2365	2251	2009	2703	2570	2037
778	6315	5293	3974	3316	2510	2033	2322	2285	2044	2719	2656	2051
779	6458	5404	3969	3416	2564	2048	2460	2358	2094	2768	2667	2140
780	6447	5266	3981	3376	2483	2027	2326	2264	1986	2753	2615	2062
781	6408	5298	3991	3384	2510	2063	2353	2248	2009	2743	2618	2055
782	6355	5288	3935	3415	2499	2037	2295	2275	2022	2736	2607	2081
783	6315	5217	3992	3348	2468	1977	2405	2265	1990	2722	2652	2083
784	6262	5292	3957	3463	2484	1987	2360	2262	1993	2708	2577	2044
785	6223	5382	3932	3306	2515	2031	2402	2190	1994	2752	2672	2078
786	6227	5283	4049	3421	2508	2052	2400	2220	2040	2730	2635	2043
787	6303	5326	4039	3401	2486	1994	2356	2223	2024	2714	2596	2049
788	6292	5332	4009	3283	2523	2017	2399	2294	2066	2810	2548	2098
789	6382	5360	4065	3468	2474	2093	2440	2291	1972	2829	2633	2092
790	6349	5312	4032	3434	2547	2054	2408	2235	2027	2718	2604	2074
791	6361	5349	3995	3322	2489	2036	2396	2249	2012	2744	2650	2030
792	6391	5202	3996	3382	2448	1971	2383	2238	2090	2708	2596	2072
793	6364	5359	3989	3468	2537	2012	2393	2250	1993	2728	2570	2027
794	6394	5384	3973	3419	2505	1990	2342	2246	2012	2698	2589	2038
795	6338	5393	3938	3323	2521	2024	2339	2267	2020	2739	2566	2044
796	6314	5257	3983	3355	2501	2043	2351	2270	2006	2729	2606	2030
797	6320	5357	4003	3443	2476	2031	2371	2196	2020	2737	2592	2031
798	6455	5376	3958	3333	2537	2092	2354	2331	2028	2801	2643	2064
799	6493	5342	4014	3390	2561	2050	2379	2306	2045	2768	2565	2065
800	6319	5178	3864	3303	2497	2046	2374	2234	2023	2768	2545	2009
801	6342	5361	3991	3399	2504	2048	2357	2257	1972	2731	2574	2077
802	6276	5202	3989	3421	2538	1983	2392	2240	2030	2722	2577	2046
803	6349	5325	3911	3305	2491	2019	2361	2207	1980	2700	2595	2055
804	6231	5269	3954	3231	2491	2027	2366	2258	1981	2704	2585	2064
805	6244	5187	3952	3443	2480	2017	2330	2257	2037	2703	2598	2046
806	6331	5349	4079	3329	2513	2033	2406	2269	2029	2778	2674	2085
807	6304	5178	3951	3325	2499	2038	2384	2260	2006	2758	2614	2069
808	6291	5231	3991	3390	2535	1975	2402	2188	2007	2745	2615	2047
809	6292	5440	3976	3276	2470	2007	2289	2248	2032	2759	2604	2038
810	6372	5554	4008	3319	2574	2030	2394	2218	2053	2785	2626	2090
811	6243	5398	3930	3255	2467	1986	2346	2311	2034	2758	2646	2047
812	6178	5386	3899	3282	2508	2017	2329	2250	2009	2746	2602	2048
813	6208	5430	3955	3351	2444	2076	2357	2229	1998	2717	2561	2050
814	6259	5325	4020	3367	2463	1997	2358	2248	2067	2716	2548	2037
815	6213	5306	3940	3372	2504	2003	2374	2214	1993	2742	2572	2073
816	6317	5247	3972	3428	2498	2023	2297	2168	1958	2710	2612	2055
817	6167	5180	3971	3345	2558	2019	2283	2253	1995	2696	2542	2038
818	6235	5249	3987	3350	2492	2027	2356	2156	2000	2718	2593	2081
819	6222	5213	4020	3180	2498	2016	2334	2233	2001	2733	2602	2104
820	6242	5352	3977	3390	2453	1973	2346	2214	2008	2781	2568	2066
821	6195	5240	3959	3341	2481	1993	2389	2292	1977	2705	2549	2040
822	6331	5297	3965	3441	2538	2003	2354	2231	2064	2720	2573	2051
823	6313	5255	3971	3288	2497	1979	2281	2214	1966	2714	2539	2046
824	6367	5243	3994	3454	2514	2056	2371	2225	2005	2699	2612	2080
825	6364	5360	4018	3298	2485	1982	2368	2241	2035	2732	2599	2076
826	6468	5372	4090	3234	2489	2063	2340	2296	2061	2791	2632	2088
827	6260	5189	4013	3312	2485	2054	2308	2267	1974	2718	2533	2059
828	6280	5258	3892	3353	2559	2016	2306	2190	1986	2764	2593	2022
829	6384	5332	3913	3309	2505	2041	2326	2231	2033	2706	2538	2048
830	6370	5385	3957	3285	2512	2000	2318	2223	1998	2721	2574	2068
831	6328	5369	3943	3410	2515	2026	2336	2225	1946	2690	2545	2008
832	6307	5289	4038	3308	2503	2002	2387	2218	1993	2785	2575	2024
833	6323	5350	3958	3415	2476	1980	2309	2217	1952	2711	2574	2050
834	6350	5383	3898	3306	2466	2019	2319	2214	2047	2712	2547	2042
835	6243	5310	4038	3393	2503	2000	2304	2195	1995	2748	2549	2034
836	6458	5424	4025	3438	2480	2041	2320	2181	1977	2737	2610	2047
837	6317	5151	4012	3270	2482	2036	2361	2216	1920	2728	2511	2030
838	6328	5254	3935	3377	2465	1977	2303	2189	1937	2697	2537	2025
839	6301	5253	4002	3425	2454	2018	2302	2170	1954	2659	2560	2037
840	6295	5293	3960	3374	2487	1961	2356	2170	1933	2725	2598	2037
841	6391	5398	4060	3317	2503	2069	2341	2196	1991	2806	2593	2064
842	6390	5331	3958	3274	2469	1954	2316	2238	1989	2723	2569	2046
843	6395	5271	3999	3310	2467	2037	2312	2186	1974	2717	2527	1993
844	6323	5272	4011	3311	2484	1991	2309	2186	1980	2752	2538	2029
845	6519	5299	4013	3378	2482	1972	2335	2176	1966	2626	2525	2039
846	6464	5358	4041	3405	2528	2030	2343	2202	1983	2773	2557	2093
847	6256	5265	4010	3224	2472	1983	2323	2195	2019	2710	2509	2046
848	6474	5449	4037	3310	2526	2036	2306	2244	1976	2753	2608	2038
849	6342	5233	3957	3359	2484	2013	2264	2167	1967	2663	2582	2008
850	6422	5324	3989	3330	2533	1969	2336	2192	1956	2657	2537	2069
851	6429	5406	4041	3405	2558	2043	2341	2210	1973	2753	2586	2031
852	6284	5228	4015	3395	2465	2018	2300	2203	1924	2661	2542	2011
853	6282	5430	3904	3293	2504	1993	2339	2221	1969	2708	2557	2037
854	6389	5333	3981	3262	2525	2007	2294	2173	1948	2712	2567	2050
855	6523	5428	4080	3299	2536	2058	2354	2246	1960	2728	2621	2058
856	6341	5342	3952	3346	2458	2038	2333	2193	1964	2697	2534	1998
857	6276	5312	3984	3265	2482	1993	2305	2141	1969	2712	2587	2025
858	6337	5276	3995	3261	2476	1973	2292	2206	2010	2653	2560	2008
859	6306	5261	3960	3305	2453	2012	2325	2203	1937	2682	2542	2057
860	6290	5395	3965	3383	2490	2046	2368	2220	1956	2657	2510	2024
861	6354	5366	3990	3353	2459	2006	2297	2202	1927	2651	2582	2040
862	6477	5288	4018	3325	2520	2018	2281	2169	1991	2649	2546	2031
863	6398	5436	3960	3441	2406	2037	2253	2194	1944	2711	2556	2018
864	6478	5290	3948	3473	2501	2011	2278	2194	1959	2711	2537	2055
865	6349	5373	3945	3298	2478	2051	2261	2273	1921	2673	2614	2000
866	6571	5363	4110	3287	2543	2019	2335	2266	2031	2749	2583	2044
867	6425	5260	3982	3230	2483	2009	2273	2168	1898	2640	2544	2006
868	6316	5275	4001	3327	2442	1965	2264	2205	1987	2642	2524	2010
869	6441	5350	4025	3299	2510	2042	2351	2261	2041	2710	2550	2075
870	6370	5381	4034	3315	2470	1984	2342	2224	1950	2700	2585	2059
871	6297	5192	4090	3361	2456	1982	2322	2185	2027	2676	2530	2068
872	6237	5359	4005	3310	2511	1977	2300	2220	1984	2689	2567	2028
873	6382	5323	3972	3346	2503	1983	2322	2174	1978	2676	2515	2063
874	6328	5330	3943	3235	2469	1972	2277	2203	1983	2664	2554	2037
875	6331	5216	3936	3319	2572	2082	2250	2204	1947	2640	2513	2012
876	6309	5222	3963	3344	2457	2047	2346	2185	1918	2663	2603	1988
877	6501	5301	4039	3512	2528	2070	2295	2246	2041	2763	2539	2063
878	6570	5454	4054	3354	2592	2048	2364	2171	1992	2715	2629	2099
879	6415	5385	4030	3336	2536	2028	2284	2260	2003	2746	2526	2012
880	6439	5317	3970	3270	2493	1981	2242	2189	1927	2636	2524	2054
881	6528	5320	4096	3285	2534	2004	2284	2215	1970	2715	2504	2049
882	6285	5102	4037	3282	2501	2024	2310	2234	1978	2704	2563	2019
883	6316	5288	4050	3290	2513	2001	2326	2211	1938	2747	2561	2061
884	6296	5383	3984	3290	2435	2021	2296	2215	1927	2683	2545	2058
885	6440	5447	4077	3363	2577	2071	2297	2242	2051	2711	2586	2056
886	6433	5374	4005	3402	2450	1990	2358	2128	1956	2656	2580	2042
887	6455	5320	4025	3356	2499	2097	2321	2252	1957	2739	2613	2021
888	6380	5308	4029	3313	2561	2019	2334	2261	2067	2736	2613	2108
889	6561	5414	4092	3365	2562	2051	2324	2253	1983	2765	2648	2077
890	6535	5304	4070	3311	2593	2014	2345	2234	1979	2741	2576	2053
891	6355	5333	3968	3273	2469	2055	2247	2193	2007	2657	2507	2039
892	6344	5382	3986	3422	2495	2003	2274	2170	1979	2634	2542	2027
893	6363	5399	4010	3361	2523	2034	2261	2187	1954	2605	2527	2032
894	6378	5457	4040	3333	2533	2009	2301	2241	2015	2732	2609	2118
895	6342	5460	3998	3262	2485	1963	2303	2162	1987	2679	2563	2036
896	6311	5405	4029	3259	2493	2024	2314	2195	1947	2707	2554	2002
897	6333	5443	4030	3240	2493	2037	2291	2168	1995	2765	2541	2017
898	6310	5372	4040	3164	2512	1969	2310	2162	1946	2685	2536	2076
899	6371	5356	4040	3309	2494	2030	2305	2188	1998	2707	2527	1994
900	6321	5276	3981	3409	2511	1989	2273	2101	1988	2671	2555	2058
901	6425	5429	4002	3305	2502	2030	2283	2222	1993	2697	2577	2016
902	6446	5581	4074	3294	2539	2051	2395	2243	1998	2729	2556	2047
903	6586	5447	4039	3372	2594	2050	2334	2249	2014	2722	2577	2041
904	6437	5289	4034	3351	2560	2010	2319	2196	1981	2741	2480	2015
905	6429	5223	4015	3215	2530	2050	2301	2187	1975	2701	2585	2014
906	6505	5397	4151	3292	2595	2005	2281	2250	2015	2675	2587	2071
907	6366	5311	4088	3297	2498	1983	2348	2189	1971	2716	2557	2027
908	6412	5231	4000	3213	2554	2011	2328	2173	1968	2669	2539	2010
909	6454	5364	4042	3353	2521	2002	2259	2183	2008	2723	2573	1999
910	6512	5264	3990	3196	2487	1997	2317	2194	1920	2666	2538	2000
911	6551	5459	4078	3345	2614	2098	2322	2184	2024	2747	2551	2084
912	6373	5247	4050	3253	2515	1980	2288	2154	1963	2714	2499	2019
913	6585	5478	4077	3462	2561	2010	2344	2210	2027	2743	2603	2054
914	6486	5398	4092	3285	2524	2000	2284	2172	1947	2721	2537	2038
915	6487	5352	4079	3367	2484	1988	2332	2201	1998	2712	2557	2058
916	6630	5376	4060	3315	2500	2083	2325	2225	2001	2700	2589	2060
917	6294	5338	4004	3233	2539	2009	2240	2206	1950	2649	2555	2038
918	6610	5445	4086	3358	2524	2016	2367	2201	1959	2714	2588	2050
919	6466	5355	4069	3285	2584	2022	2307	2173	1971	2706	2603	2082
920	6403	5343	4162	3346	2595	2034	2365	2176	1960	2744	2565	2031
921	6215	5309	4090	3392	2480	2011	2310	2214	1962	2723	2538	1995
922	6155	5314	4093	3267	2503	2027	2304	2160	1954	2674	2584	2045
923	6362	5440	4104	3290	2549	2048	2307	2197	1994	2702	2572	2028
924	6284	5356	4030	3336	2521	2007	2285	2157	1920	2704	2497	2013
925	6398	5295	4139	3273	2569	2058	2322	2223	1992	2707	2552	2043
926	6388	5419	4051	3396	2519	2027	2255	2140	1954	2663	2546	2019
927	6392	5365	3993	3372	2530	2031	2314	2127	1969	2669	2513	2068
928	6468	5399	4157	3393	2551	2050	2329	2204	2002	2716	2575	2063
929	6479	5426	3989	3376	2500	2025	2280	2124	1964	2694	2560	2018
930	6382	5511	4027	3337	2470	1977	2347	2193	1980	2678	2556	2030
931	6346	5466	3976	3233	2541	2017	2255	2134	1957	2681	2572	2027
932	6334	5268	4048	3318	2528	1997	2325	2180	1993	2680	2532	2017
933	6384	5324	4050	3267	2487	2003	2305	2179	1935	2630	2513	2032
934	6353	5396	4048	3303	2522	1984	2279	2140	1975	2627	2539	2032
935	6511	5437	4050	3245	2529	2072	2330	2153	1996	2703	2582	2083
936	6387	5378	4057	3420	2524	2038	2207	2125	1961	2706	2603	2040
937	6327	5420	4032	3360	2534	2030	2363	2147	1948	2699	2553	1976
938	6314	5367	4092	3363	2499	2074	2298	2183	1952	2627	2542	2027
939	6262	5346	4084	3416	2487	2035	2301	2152	1980	2683	2538	2006
940	6371	5317	4053	3329	2577	1993	2231	2153	1924	2658	2515	2024
941	6345	5330	4045	3384	2512	1996	2342	2185	1980	2651	2561	2032
942	6469	5435	4035	3309	2475	2063	2297	2156	1977	2629	2548	2044
943	6591	5456	4016	3373	2509	2014	2314	2149	1945	2666	2596	2035
944	6360	5436	4063	3440	2517	2030	2249	2162	1945	2650	2507	2012
945	6360	5300	4050	3234	2529	2002	2291	2160	1952	2649	2558	2017
946	6435	5360	4127	3317	2533	2053	2301	2152	1932	2685	2555	2033
947	6173	5258	4055	3369	2519	2006	2259	2207	1922	2684	2515	2066
948	6534	5507	4142	3282	2539	2053	2305	2176	1980	2700	2569	2096
949	6511	5440	4182	3406	2533	2075	2312	2187	1999	2740	2577	2084
950	6454	5381	4123	3313	2485	2012	2307	2158	1985	2628	2502	2076
951	6446	5420	4086	3360	2531	2000	2313	2225	1923	2653	2524	2044
952	6465	5481	4151	3359	2571	2038	2316	2185	2033	2712	2577	2094
953	6484	5460	4143	3254	2500	2031	2320	2174	1951	2675	2597	2050
954	6367	5415	4011	3290	2544	1979	2303	2164	1966	2679	2526	2027
955	6371	5302	4015	3282	2481	2000	2270	2182	1951	2675	2531	2030
956	6520	5382	4078	3329	2555	2058	2326	2207	2006	2642	2565	2037
957	6485	5417	4131	3451	2557	2040	2266	2158	1989	2646	2566	2040
958	6389	5308	4077	3374	2537	2047	2282	2172	1928	2756	2525	2071
959	6539	5441	4100	3382	2526	2092	2257	2217	1958	2695	2588	2073
960	6465	5440	4082	3341	2544	2006	2269	2184	1978	2738	2563	2074
961	6278	5349	4024	3342	2552	2003	2248	2144	1906	2664	2542	1964
962	6364	5375	4134	3305	2555	2065	2315	2151	1953	2718	2548	2099
963	6351	5332	4059	3238	2513	1956	2281	2151	1925	2631	2492	2006
964	6296	5377	4030	3250	2504	2005	2246	2171	1930	2659	2529	1990
965	6427	5295	3940	3345	2532	1975	2245	2158	1923	2623	2545	2045
966	6347	5425	4041	3306	2564	1998	2256	2158	1999	2637	2569	1999
967	6368	5446	3993	3197	2514	1996	2242	2130	1925	2657	2556	2010
968	6336	5323	4028	3254	2490	2023	2288	2115	1935	2647	2452	2041
969	6266	5461	4013	3266	2539	1978	2227	2144	1944	2638	2542	2057
970	6378	5311	4057	3184	2558	2013	2300	2122	1919	2638	2543	2009
971	6348	5188	4013	3280	2472	2019	2276	2107	1949	2646	2516	2005
972	6434	5420	4083	3235	2561	1982	2242	2092	2002	2682	2627	2066
973	6332	5365	4031	3277	2555	2001	2292	2141	1923	2661	2514	2005
974	6274	5449	4019	3320	2509	1991	2253	2156	1964	2656	2551	2014
975	6285	5328	4068	3344	2490	1989	2294	2152	1949	2620	2543	2032
976	6375	5399	3979	3372	2554	2078	2263	2167	1965	2652	2527	2042
977	6381	5287	4050	3280	2448	2011	2274	2110	1961	2652	2490	1997
978	6318	5371	4087	3258	2537	1959	2264	2146	1979	2591	2491	2055
979	6373	5348	4046	3308	2494	1941	2245	2094	1950	2614	2554	2009
980	6298	5255	4003	3171	2548	1985	2225	2118	1901	2600	2495	1997
981	6334	5375	4027	3413	2539	2003	2231	2133	1917	2653	2515	2051
982	6391	5410	3978	3263	2501	2025	2254	2125	1911	2606	2503	2038
983	6418	5410	4066	3336	2467	2043	2244	2144	1937	2646	2470	2016
984	6317	5478	3987	3330	2521	2004	2227	2164	1925	2645	2534	2022
985	6413	5386	4031	3212	2480	2013	2234	2096	1911	2652	2510	2008
986	6372	5353	4071	3277	2455	2055	2227	2103	1947	2601	2511	2022
987	6388	5320	4079	3313	2491	2004	2267	2149	1964	2659	2552	2010
988	6503	5510	4051	3308	2557	2043	2303	2220	1947	2709	2571	2014
989	6470	5370	4002	3290	2494	2012	2213	2102	1911	2667	2513	2016
990	6396	5369	4051	3169	2484	1969	2245	2104	1931	2596	2455	1993
991	6405	5300	4045	3404	2437	2004	2238	2167	1961	2628	2493	2026
992	6396	5447	4037	3338	2499	1945	2250	2139	1944	2622	2502	2000
993	6442	5384	4025	3263	2484	2005	2316	2101	1914	2627	2536	2029
994	6512	5351	4028	3348	2523	1981	2294	2091	1927	2681	2521	2027
995	6302	5477	4018	3249	2486	1957	2236	2079	1943	2634	2465	2061
996	6392	5464	4146	3362	2524	2052	2270	2146	1951	2674	2530	2054
997	6395	5310	4013	3366	2474	2042	2197	2101	1928	2613	2543	2032
998	6292	5347	4022	3225	2539	1983	2246	2100	1898	2600	2549	2011
999	6415	5336	4041	3281	2537	1982	2165	2136	1943	2576	2514	2011
