time	200	160	128	102.4	81.92	65.536	52.4288	41.94304	33.554432	26.8435456	21.47483648	17.179869184
0	93	91	66	55	49	48	44	45	38	44	42	44
1	116	93	73	58	55	47	50	44	44	45	42	46
2	149	111	82	62	54	43	45	41	45	46	47	43
3	198	124	95	71	60	44	48	46	40	38	43	40
4	266	162	110	72	67	44	42	41	45	43	49	43
5	334	196	123	70	78	55	42	47	48	47	48	45
6	448	240	148	98	80	54	50	46	40	42	49	43
7	597	250	162	102	86	55	51	46	45	48	47	44
8	780	334	188	121	93	56	50	42	48	47	44	48
9	989	407	240	129	100	67	53	43	48	48	41	38
10	1212	500	259	154	103	71	56	42	49	45	42	41
11	1518	608	316	174	123	70	63	47	46	54	42	43
12	1882	740	368	199	134	73	65	54	46	52	41	53
13	2172	892	447	235	143	83	75	45	50	49	44	47
14	2600	1063	512	263	167	90	72	43	48	49	42	40
15	3000	1274	626	316	180	89	72	48	51	45	44	41
16	3510	1503	745	389	196	98	78	51	57	58	44	46
17	3859	1788	890	457	242	100	92	55	63	46	49	48
18	4279	1998	1205	565	279	131	103	59	63	50	48	45
19	4743	2288	1262	641	318	125	106	55	66	52	47	51
20	5018	2596	1496	744	336	141	120	58	61	50	50	52
21	5390	2803	1665	847	386	159	123	61	60	54	51	51
22	5723	3164	1863	1000	468	176	155	62	72	64	58	55
23	6081	3368	2077	1124	498	178	155	68	68	62	50	51
24	6375	3598	2293	1247	574	215	170	70	70	61	55	57
25	6425	3781	2546	1407	642	247	198	80	72	61	52	55
26	6415	3924	2660	1545	674	272	202	81	78	56	56	56
27	6765	4095	2818	1612	786	298	242	85	88	69	62	58
28	6745	4276	2985	1736	852	316	281	86	91	61	70	59
29	6956	4487	3036	1845	925	358	292	96	88	64	70	60
30	7006	4510	3138	1905	971	411	321	99	100	74	63	55
31	7141	4589	3141	2062	1036	442	335	108	94	70	67	61
32	7058	4658	3195	2119	1114	490	384	104	107	86	69	63
33	7345	4697	3309	2176	1171	553	400	119	111	84	63	62
34	7234	4781	3288	2259	1203	561	423	128	113	86	79	73
35	7243	4732	3330	2259	1272	615	433	135	129	97	68	69
36	7309	4831	3252	2389	1350	653	493	141	129	103	78	69
37	7309	4968	3372	2342	1416	709	522	153	132	92	83	76
38	7370	5159	3297	2438	1428	739	563	173	150	100	83	68
39	7497	5257	3345	2527	1510	825	593	187	143	104	85	75
40	7456	5140	3548	2513	1517	829	612	181	140	110	95	67
41	7469	5113	3488	2499	1591	877	643	213	174	108	101	80
42	7494	5246	3349	2557	1607	921	672	221	166	118	98	86
43	7494	5286	3497	2558	1652	941	695	239	182	114	104	84
44	7355	5307	3543	2606	1673	975	713	252	195	126	101	78
45	7546	5433	3567	2618	1674	1003	715	262	187	128	117	83
46	7610	5702	3575	2692	1704	1050	770	292	199	133	112	90
47	7591	5697	3450	2678	1759	1079	779	304	213	136	116	91
48	7511	5720	3638	2687	1764	1071	814	300	224	136	117	92
49	7601	5505	3594	2709	1763	1093	865	330	230	153	114	86
50	7662	5429	3565	2686	1802	1127	859	348	219	151	120	89
51	7636	5644	3767	2661	1786	1123	849	355	226	156	129	89
52	7618	5664	3791	2722	1828	1148	872	387	227	147	131	103
53	7554	5680	3522	2712	1815	1176	875	386	246	171	137	83
54	7599	5897	3777	2716	1884	1209	924	402	265	177	145	93
55	7546	5640	3686	2709	1819	1239	943	382	271	175	141	99
56	7638	5593	3773	2775	1866	1244	909	439	273	178	142	106
57	7627	5609	3684	2728	1905	1220	964	446	288	184	146	111
58	7704	5606	3605	2804	1843	1267	951	446	298	202	153	110
59	7426	5637	3570	2761	1882	1269	957	444	295	205	157	117
60	7586	5633	3563	2831	1930	1306	964	492	313	193	165	110
61	7622	5750	3637	2784	1903	1292	992	477	328	197	166	113
62	7635	5663	3719	2892	1954	1312	997	509	337	228	175	122
63	7644	5616	3667	2853	1936	1322	990	515	347	224	171	118
64	7747	5855	3600	2917	1933	1354	1048	520	351	216	181	127
65	7654	5800	3672	2860	1931	1358	1026	521	341	233	184	112
66	7687	5742	3644	2875	1906	1378	1022	541	373	221	184	131
67	7836	5631	3581	2871	1922	1373	1040	544	395	236	181	130
68	7564	5675	3602	2868	1881	1375	1024	556	350	237	184	141
69	7602	5881	3706	2924	1910	1355	1027	552	401	230	195	142
70	7745	5639	3686	2864	1937	1346	1041	555	397	253	197	141
71	7493	5619	3742	2904	1907	1355	1077	565	403	252	206	146
72	7640	5686	3659	2825	1934	1356	1065	572	410	259	202	143
73	7526	5599	3651	2926	1947	1360	1046	576	414	261	188	142
74	7781	5488	3756	2938	1936	1371	1080	586	409	261	208	139
75	7630	5694	3704	2904	1941	1376	1053	596	392	279	214	154
76	7652	5678	3768	2931	1908	1428	1071	578	422	275	206	156
77	7530	5656	3704	2957	1980	1387	1077	588	445	299	221	151
78	7779	5562	3880	3027	1940	1392	1079	601	450	282	225	153
79	7823	5766	3795	3010	1973	1421	1061	608	460	290	227	161
80	7812	5701	3678	2950	1943	1411	1100	618	460	286	219	156
81	8006	5774	3811	2999	1988	1414	1062	637	462	317	223	171
82	7549	5624	3855	3022	1923	1416	1082	619	447	295	217	164
83	7716	5569	3711	2989	1967	1418	1115	632	459	308	231	158
84	7700	5811	3818	2979	1960	1409	1111	648	503	294	223	160
85	7843	5680	3743	2981	1991	1429	1107	617	471	312	227	164
86	7660	5842	3898	2977	1961	1434	1120	633	470	310	224	175
87	7723	5545	3888	3022	1954	1432	1127	655	475	327	235	176
88	8233	5567	3764	3001	2021	1474	1103	670	497	313	237	173
89	7872	5681	3808	3019	1975	1408	1098	642	504	316	245	165
90	7555	5669	3891	2993	1966	1444	1119	667	489	333	235	167
91	7623	5680	3906	3030	1975	1448	1109	630	515	336	240	182
92	7807	5632	3786	3097	1979	1447	1139	635	505	332	245	183
93	7726	5694	3733	3080	1961	1463	1135	675	471	338	238	179
94	7847	5602	3809	2986	2000	1465	1154	633	517	325	231	185
95	7777	5604	3805	3015	2019	1453	1122	649	533	351	248	185
96	7858	5568	3828	3023	1997	1448	1131	654	513	350	253	187
97	7641	5582	3967	3010	2001	1502	1139	668	510	346	242	178
98	7831	5574	3870	3082	1984	1428	1132	665	541	348	263	186
99	7929	5508	3879	3007	1982	1485	1182	637	536	350	248	186
100	7836	5474	3835	3050	1974	1460	1105	674	532	349	254	186
101	7912	5617	3806	3119	1975	1456	1130	683	528	342	257	196
102	7815	5591	3827	3075	1985	1431	1131	658	522	368	239	196
103	7584	5385	3769	3071	2017	1471	1108	651	527	357	245	182
104	7969	5682	3785	3058	1977	1433	1135	677	542	364	259	202
105	7595	5596	3875	3116	2002	1479	1152	694	532	365	258	197
106	7698	5671	3900	3084	1998	1475	1146	681	540	362	263	189
107	8054	5534	3939	3024	1972	1478	1150	660	534	371	246	187
108	7902	5644	3876	3050	2001	1482	1153	684	541	359	256	197
109	7609	5779	3902	3082	1963	1475	1171	689	538	358	263	193
110	7602	5666	3945	3083	2068	1462	1148	680	543	348	268	199
111	7758	5667	3859	3051	2034	1488	1119	701	547	382	258	198
112	7787	5620	4037	3088	2024	1488	1160	685	570	370	253	196
113	7870	5653	3934	3094	1988	1475	1136	694	535	383	267	199
114	7565	5675	3919	3110	2024	1518	1134	695	565	377	260	200
115	7663	5813	3964	3127	2041	1465	1132	698	556	370	261	212
116	7566	5686	3971	3122	2030	1525	1140	707	560	380	282	194
117	7793	5734	3871	3071	2060	1495	1133	674	539	363	265	208
118	7890	5659	4018	3123	2017	1492	1158	685	545	378	256	199
119	7644	5674	3906	3146	2020	1506	1145	688	567	375	278	206
120	7702	5662	3931	3093	2040	1520	1180	686	568	384	277	189
121	7739	5801	4036	3090	2043	1500	1161	713	561	368	268	208
122	7668	5662	3940	3122	2014	1505	1144	673	567	372	274	198
123	7743	5868	4103	3063	2115	1518	1153	702	563	368	272	198
124	7715	5809	4046	3168	2038	1485	1176	697	571	380	284	205
125	7744	5720	4015	3147	2041	1527	1166	675	562	405	271	203
126	7678	5805	3962	3156	2057	1521	1163	699	573	391	283	219
127	7743	5713	4114	3146	2041	1524	1176	708	560	391	278	198
128	7684	5848	3935	3119	2109	1527	1154	723	570	394	275	210
129	7629	5835	4035	3093	2031	1473	1172	683	552	404	267	215
130	7679	5808	4070	3165	2150	1552	1157	710	553	387	280	206
131	7620	5761	4074	3089	2101	1542	1195	706	551	395	301	212
132	7761	5633	4005	3133	2071	1547	1156	701	562	403	298	206
133	7702	5810	4004	3160	2099	1546	1164	691	566	399	300	201
134	7785	5794	4076	3149	2126	1536	1139	683	568	400	273	210
135	7728	5876	4203	3200	2075	1579	1177	716	580	396	281	209
136	7642	5992	4096	3147	2064	1524	1165	723	572	419	266	209
137	7667	5847	4104	3133	2108	1581	1188	695	557	405	290	210
138	7694	5733	4168	3186	2091	1573	1214	740	581	410	291	220
139	7771	5902	4019	3161	2110	1587	1190	716	579	421	279	209
140	7621	5888	4060	3173	2139	1599	1220	729	561	420	259	208
141	7618	5827	3999	3184	2107	1560	1181	737	564	404	291	216
142	7742	5854	4003	3202	2100	1561	1197	717	568	403	289	211
143	7594	5766	3977	3157	2208	1572	1202	727	572	412	264	200
144	7788	6022	4101	3193	2115	1572	1162	721	589	420	281	214
145	7599	5798	3959	3188	2117	1582	1219	728	576	410	283	211
146	7684	5885	4018	3138	2111	1594	1168	732	584	406	290	210
147	7555	5903	4015	3161	2100	1534	1198	726	579	405	268	198
148	7744	5820	3986	3183	2115	1545	1168	729	571	415	278	215
149	7741	5932	4079	3163	2131	1597	1182	738	586	421	271	229
150	7783	5791	3920	3125	2076	1566	1207	729	579	410	280	207
151	7692	5696	4013	3155	2144	1575	1240	709	575	414	300	215
152	7695	5826	4059	3154	2136	1620	1200	746	597	424	287	210
153	7760	5780	4083	3228	2123	1593	1188	735	559	421	305	217
154	7629	5809	4178	3199	2152	1603	1202	765	567	410	285	214
155	7775	5929	4037	3189	2137	1613	1230	755	583	395	291	218
156	7858	5742	4118	3249	2214	1622	1239	741	567	413	287	206
157	7839	5899	4028	3218	2186	1626	1220	754	574	399	265	226
158	7821	5911	4025	3165	2227	1644	1247	765	587	422	304	213
159	7728	5724	4060	3173	2168	1643	1221	736	592	410	280	221
160	7788	5875	4067	3167	2112	1652	1205	754	537	397	277	208
161	7724	5858	4081	3235	2146	1628	1214	763	548	434	297	228
162	7892	5837	4059	3181	2200	1591	1195	730	583	418	286	220
163	7735	5887	4196	3134	2144	1581	1207	777	570	407	291	204
164	7986	5984	4098	3219	2177	1620	1200	754	573	419	290	223
165	7619	5842	4067	3195	2164	1616	1186	750	568	403	275	215
166	7615	5693	4164	3220	2190	1614	1267	751	607	433	297	223
167	7628	5811	4087	3170	2165	1590	1211	767	601	426	288	214
168	7487	5903	4134	3198	2127	1633	1218	785	578	417	307	220
169	7513	5896	4107	3232	2149	1624	1215	741	580	426	284	215
170	7595	5805	4095	3218	2160	1619	1253	742	586	427	302	205
171	7672	5857	4120	3238	2163	1611	1215	750	582	423	278	209
172	7629	5946	4157	3182	2182	1621	1220	777	591	430	284	203
173	7627	5849	4198	3194	2153	1611	1229	771	587	421	291	225
174	7660	5951	4136	3137	2195	1664	1223	800	579	424	286	204
175	7714	5866	4046	3178	2146	1610	1207	762	605	417	283	212
176	7804	5913	4094	3199	2175	1663	1198	760	587	449	301	218
177	7530	5931	4137	3221	2167	1610	1222	758	586	428	290	223
178	7558	5903	4130	3245	2177	1600	1234	753	569	424	304	219
179	7676	5935	4117	3202	2200	1676	1247	769	594	424	305	229
180	7511	5793	4018	3184	2226	1644	1261	757	592	432	297	211
181	7700	5813	4116	3220	2186	1637	1229	792	594	434	296	206
182	7530	5848	3950	3187	2211	1670	1255	768	587	440	296	203
183	7617	5847	4070	3177	2210	1660	1240	786	579	431	279	220
184	7779	5781	4166	3239	2229	1609	1263	785	581	419	290	222
185	7940	5932	4209	3203	2244	1648	1252	753	588	425	290	222
186	7770	5819	4085	3201	2234	1634	1247	767	570	443	287	218
187	7750	5820	4051	3176	2246	1653	1227	773	568	426	275	203
188	7792	5844	4128	3271	2248	1647	1252	777	565	422	294	229
189	7694	5856	4039	3205	2203	1660	1203	790	600	431	282	229
190	7881	5816	4166	3189	2218	1675	1248	780	566	434	296	221
191	7487	5940	4171	3231	2222	1667	1257	758	597	415	304	239
192	7576	5851	4185	3237	2239	1633	1266	790	578	425	295	234
193	7616	5745	4138	3226	2254	1629	1248	740	604	420	284	204
194	7628	5927	4173	3153	2243	1606	1213	796	616	440	284	223
195	7563	5664	4054	3154	2212	1644	1245	778	579	439	296	223
196	7764	5831	4018	3258	2219	1629	1277	795	590	451	296	210
197	7629	5870	4065	3225	2200	1626	1257	799	590	417	298	216
198	7709	5751	4064	3207	2245	1635	1226	772	591	416	300	221
199	7583	5788	4026	3207	2203	1655	1226	799	592	434	294	216
200	7739	5951	4099	3171	2270	1624	1221	774	603	421	298	212
201	7724	5834	4073	3201	2259	1647	1237	758	584	433	295	220
202	7610	5780	4102	3199	2226	1606	1242	772	613	440	309	223
203	7628	5880	4086	3202	2250	1656	1215	783	598	451	296	222
204	7600	5770	4128	3237	2232	1657	1249	780	622	437	302	226
205	7776	5856	4114	3251	2251	1660	1282	772	590	419	305	211
206	7509	5873	4038	3223	2265	1637	1220	769	601	434	309	209
207	7523	5722	4016	3219	2280	1614	1270	807	589	421	288	220
208	7639	5712	4106	3192	2278	1627	1228	791	608	415	297	219
209	7750	5871	4000	3248	2240	1617	1222	795	613	449	285	216
210	7769	5713	4084	3218	2277	1665	1260	792	583	420	291	235
211	7751	5730	4043	3244	2244	1600	1273	799	625	415	307	229
212	7712	5673	4062	3172	2262	1634	1263	778	617	441	303	223
213	7691	5931	4081	3196	2302	1638	1264	768	601	442	297	216
214	7772	5904	4077	3150	2283	1610	1262	795	600	432	291	218
215	7786	5752	4085	3197	2286	1605	1247	803	582	437	278	209
216	7637	5917	4127	3223	2292	1663	1250	782	604	432	286	234
217	7686	5857	4073	3269	2267	1601	1242	794	602	447	297	212
218	7443	5743	4116	3194	2257	1635	1269	811	618	455	299	221
219	7705	5741	4091	3287	2233	1648	1256	814	575	433	295	233
220	7945	5834	4061	3281	2326	1630	1248	809	592	434	303	226
221	7518	5736	4039	3214	2257	1646	1308	792	596	451	288	228
222	7951	5780	4183	3170	2302	1659	1298	810	615	449	298	220
223	7862	5962	4129	3205	2262	1600	1269	813	618	458	308	221
224	7579	5878	3995	3249	2279	1642	1292	804	588	430	303	220
225	7572	5838	4017	3257	2294	1618	1262	786	611	431	314	235
226	7577	5834	3990	3230	2320	1625	1268	825	602	431	302	226
227	7529	5832	4037	3279	2314	1643	1282	798	613	451	307	230
228	7616	5829	3977	3213	2290	1638	1247	789	635	428	304	222
229	7531	5818	4027	3240	2279	1650	1229	798	612	425	315	220
230	7624	5833	4086	3171	2222	1649	1270	782	608	441	283	220
231	7675	5851	4018	3187	2227	1648	1278	796	622	452	301	233
232	7730	5840	4067	3286	2297	1645	1304	814	625	426	300	223
233	7588	5775	3968	3285	2304	1627	1275	814	606	456	304	238
234	7666	5874	4032	3241	2276	1637	1263	798	606	438	301	217
235	7729	5920	4136	3246	2272	1611	1289	802	605	422	298	230
236	7559	5650	4062	3274	2275	1622	1274	794	631	436	308	213
237	7582	5797	4071	3222	2299	1637	1253	813	628	445	301	221
238	7626	5800	4103	3242	2299	1625	1259	818	633	446	301	234
239	7535	5848	4120	3259	2254	1639	1246	807	650	456	311	226
240	7650	5790	4095	3254	2314	1620	1270	816	610	448	293	215
241	7685	5909	4093	3254	2272	1656	1284	802	607	449	298	225
242	7661	5982	4031	3281	2316	1680	1283	814	606	437	311	225
243	7751	5787	4033	3195	2239	1664	1266	802	609	436	304	228
244	7912	5690	4040	3252	2287	1623	1271	801	628	436	296	237
245	7665	5882	4060	3264	2286	1651	1270	813	604	441	303	221
246	7721	5776	3966	3227	2232	1659	1266	814	622	445	298	214
247	7672	5894	4144	3234	2265	1662	1241	785	604	449	304	231
248	7610	5855	4113	3155	2270	1651	1294	785	603	445	303	233
249	7477	5880	4046	3228	2300	1630	1289	821	604	432	294	243
250	7498	5867	4041	3219	2285	1673	1293	842	639	448	316	221
251	7580	5905	4136	3228	2297	1670	1283	830	601	425	291	230
252	7748	5850	4014	3240	2336	1612	1302	791	632	445	304	226
253	7525	5727	4079	3172	2275	1665	1303	817	602	442	300	239
254	7582	5796	4119	3214	2242	1647	1310	827	628	457	318	216
255	7711	5869	4142	3268	2297	1630	1273	814	623	444	300	222
256	7653	5858	4146	3221	2327	1663	1304	783	612	445	294	235
257	7745	5925	4125	3248	2297	1636	1275	805	609	452	306	230
258	7812	5937	4085	3229	2278	1647	1263	814	618	443	319	230
259	7697	5790	4050	3302	2282	1625	1285	831	618	451	298	246
260	7708	5859	4036	3270	2312	1670	1303	823	635	436	300	228
261	7651	5826	3972	3253	2287	1684	1283	834	617	427	311	232
262	7624	5814	4067	3268	2276	1690	1291	820	612	445	304	239
263	7781	5764	4099	3247	2276	1664	1301	802	645	449	296	224
264	7737	5983	4123	3282	2334	1665	1301	829	628	466	311	219
265	7868	5986	4147	3342	2306	1673	1289	819	628	458	309	243
266	7570	5929	4179	3271	2305	1637	1287	841	619	467	304	233
267	7673	5799	4155	3258	2323	1673	1291	832	636	458	299	224
268	7635	5925	4089	3218	2348	1671	1320	822	621	465	309	232
269	7771	5942	4161	3215	2362	1661	1330	816	614	443	302	242
270	7677	5938	4136	3244	2303	1649	1294	832	618	449	323	244
271	7671	6008	4079	3311	2349	1647	1320	843	627	452	308	225
272	7527	5727	4123	3275	2304	1596	1261	806	630	448	312	239
273	7805	5813	4064	3194	2275	1669	1308	819	624	453	315	231
274	7723	5851	4127	3268	2307	1660	1274	798	634	450	315	235
275	7904	5871	4231	3211	2285	1618	1282	835	642	438	301	225
276	7696	5812	4183	3275	2315	1684	1281	833	679	442	321	230
277	7739	5746	4142	3228	2299	1657	1275	835	599	483	302	227
278	7783	5825	4073	3280	2284	1625	1272	850	640	447	302	226
279	7798	5699	4140	3193	2313	1667	1314	819	634	455	294	231
280	7598	5833	4180	3319	2268	1675	1300	819	636	447	294	245
281	7679	5887	4193	3226	2311	1667	1324	866	620	467	297	225
282	7560	5851	4083	3224	2360	1674	1302	858	644	462	309	227
283	7711	5870	4237	3292	2293	1712	1327	806	642	475	313	224
284	7619	5822	4107	3227	2327	1677	1297	831	642	441	312	238
285	7434	6037	4068	3303	2318	1622	1310	828	615	456	296	234
286	7525	5926	4223	3262	2243	1654	1296	846	642	461	300	243
287	7628	5892	4106	3198	2313	1703	1327	829	615	455	310	232
288	7670	5846	4105	3329	2286	1696	1315	840	626	458	325	232
289	7710	5776	4093	3280	2307	1684	1313	857	647	478	302	230
290	7506	5755	4065	3248	2315	1712	1321	851	638	458	297	233
291	7915	5824	4213	3287	2346	1712	1319	819	619	462	321	238
292	7839	5745	4123	3304	2401	1774	1287	868	633	460	316	221
293	7728	5837	4217	3289	2319	1693	1340	860	630	470	324	234
294	7807	5926	4286	3324	2358	1694	1350	871	637	483	309	221
295	7598	5995	4195	3302	2351	1686	1326	882	640	450	303	247
296	7429	5964	4131	3255	2336	1728	1289	822	636	451	294	219
297	7572	5997	4141	3228	2321	1661	1271	850	619	461	309	227
298	7623	5977	4073	3218	2395	1714	1303	854	638	447	306	241
299	7854	5816	4203	3229	2372	1690	1323	866	640	462	309	242
300	7673	5992	4250	3186	2341	1707	1312	867	630	473	312	230
301	7830	5796	4210	3250	2331	1727	1323	853	631	442	301	234
302	7689	5843	4203	3260	2315	1678	1340	851	637	460	304	235
303	7847	5997	4093	3276	2293	1704	1324	847	639	457	309	236
304	7678	5843	4110	3344	2293	1744	1330	857	646	475	321	232
305	7849	5934	4252	3343	2370	1713	1330	854	636	443	329	235
306	7650	5883	4143	3317	2349	1737	1341	849	613	437	287	240
307	7857	5838	4325	3301	2369	1676	1331	875	640	471	314	235
308	7687	5991	4083	3253	2372	1708	1335	869	651	448	310	236
309	7624	5824	4126	3225	2316	1710	1307	854	638	468	343	249
310	7642	5924	4195	3327	2375	1712	1339	868	625	454	315	243
311	7625	5968	4235	3265	2351	1744	1321	840	637	454	310	231
312	7732	5908	4165	3224	2372	1671	1337	842	655	451	309	228
313	7760	5838	4252	3262	2330	1682	1357	886	626	461	318	223
314	7725	5878	4169	3287	2319	1676	1335	881	620	466	310	236
315	7562	5924	4105	3270	2346	1719	1351	875	634	465	318	227
316	7749	5847	4244	3264	2359	1687	1317	849	630	488	304	260
317	7681	5934	4201	3308	2377	1724	1307	882	638	482	308	236
318	7708	5849	4089	3325	2376	1715	1363	884	634	456	319	233
319	7700	5984	4221	3313	2358	1714	1346	882	639	449	304	244
320	7666	5980	4139	3275	2307	1682	1339	889	658	458	294	239
321	7769	5960	4058	3250	2335	1714	1325	848	649	458	322	225
322	7750	5846	4124	3236	2364	1700	1321	866	628	473	313	246
323	7873	5991	4119	3225	2389	1723	1345	865	631	452	305	238
324	7792	5876	4170	3332	2341	1693	1327	888	632	462	314	236
325	7691	5901	4138	3280	2345	1707	1346	890	653	475	323	227
326	7852	5868	4187	3292	2349	1715	1365	882	647	497	309	252
327	7741	5981	4163	3351	2359	1738	1340	880	652	467	307	231
328	7703	5872	4198	3261	2329	1703	1376	909	645	468	304	231
329	7778	5992	4211	3397	2394	1710	1350	887	656	468	327	243
330	7592	5857	4241	3295	2388	1674	1328	853	651	483	322	234
331	7795	5977	4186	3292	2327	1752	1374	867	655	467	313	237
332	7689	5880	4159	3292	2314	1662	1318	854	671	464	330	228
333	7702	5933	4190	3338	2367	1672	1340	865	632	480	314	236
334	7673	6156	4262	3263	2414	1737	1324	872	668	501	335	247
335	7590	5886	4145	3275	2275	1683	1325	848	642	472	310	241
336	7755	5873	4231	3238	2326	1675	1327	861	654	464	326	247
337	7858	5880	4097	3275	2330	1709	1347	873	633	449	302	232
338	7655	5863	4207	3300	2376	1686	1343	862	661	465	313	262
339	7700	5959	4167	3290	2320	1636	1343	877	651	463	319	239
340	7762	5925	4149	3302	2377	1759	1327	827	653	459	310	236
341	7631	5903	4165	3264	2330	1692	1312	848	639	474	318	245
342	7743	6040	4180	3290	2384	1627	1315	905	647	477	313	226
343	7689	5897	4211	3324	2438	1663	1372	845	651	470	324	238
344	7752	5827	4245	3291	2343	1716	1335	860	631	484	316	228
345	7759	5926	4218	3238	2339	1699	1332	901	652	495	316	233
346	7834	5875	4178	3286	2388	1690	1323	892	626	481	330	236
347	7536	5915	4147	3256	2352	1665	1348	853	660	468	315	235
348	7766	5958	4213	3243	2400	1707	1326	850	657	463	316	236
349	7623	5841	4178	3236	2363	1681	1337	872	658	477	321	232
350	7786	5637	4309	3253	2370	1716	1322	857	653	464	319	243
351	7649	5885	4236	3277	2366	1704	1327	875	634	482	323	248
352	7662	5888	4169	3332	2375	1712	1329	904	635	466	309	248
353	7557	5798	4215	3336	2399	1702	1371	843	641	470	315	239
354	7683	5847	4274	3224	2382	1747	1359	849	637	497	305	233
355	7520	5817	4192	3227	2358	1687	1317	881	663	458	316	246
356	7729	5956	4248	3228	2290	1733	1358	881	656	490	327	232
357	7523	5898	4115	3291	2346	1711	1360	863	638	482	314	243
358	7495	5961	4216	3267	2363	1721	1364	856	637	468	320	250
359	7678	5984	4149	3270	2380	1686	1331	872	645	490	307	228
360	7638	5981	4235	3250	2318	1690	1362	876	642	488	300	233
361	7655	5957	4208	3316	2378	1683	1365	862	663	504	350	242
362	7745	5900	4156	3272	2328	1687	1336	891	631	472	313	235
363	7650	5817	4164	3308	2301	1710	1365	858	661	488	352	234
364	7626	5840	4207	3275	2364	1678	1336	876	665	467	324	246
365	7697	6017	4180	3281	2336	1667	1367	865	648	477	305	236
366	7632	5847	4179	3305	2311	1686	1351	884	636	465	311	235
367	7707	5900	4187	3214	2323	1677	1325	887	645	475	330	224
368	7568	5876	4249	3259	2376	1685	1343	888	673	475	333	239
369	7588	5923	4174	3262	2407	1668	1353	850	650	469	316	228
370	7501	5953	4164	3228	2371	1709	1346	886	668	479	317	235
371	7545	5822	4143	3215	2335	1724	1349	883	663	478	329	236
372	7651	6025	4261	3287	2345	1697	1327	876	671	475	315	251
373	7683	5794	4225	3215	2350	1643	1336	887	687	471	308	240
374	7711	5927	4186	3264	2325	1684	1306	862	700	487	315	241
375	7721	5875	4209	3297	2343	1656	1332	899	640	487	323	251
376	7800	5897	4251	3275	2363	1698	1331	848	677	479	327	238
377	7544	5861	4136	3282	2303	1674	1363	843	675	469	328	248
378	7650	5888	4274	3297	2357	1695	1336	880	648	476	322	242
379	7612	5996	4235	3314	2358	1743	1312	883	667	484	321	228
380	7677	5919	4304	3297	2343	1701	1335	865	645	459	327	243
381	7511	5896	4182	3299	2359	1704	1295	869	630	466	327	250
382	7460	5875	4247	3312	2354	1732	1371	907	644	488	324	254
383	7581	5993	4256	3244	2378	1660	1360	886	667	512	323	233
384	7629	5912	4164	3281	2361	1742	1326	859	676	474	323	254
385	7531	5899	4221	3299	2326	1701	1356	883	659	492	334	248
386	7794	5997	4202	3309	2333	1678	1362	853	644	467	333	239
387	7715	5828	4163	3262	2374	1674	1336	894	655	487	312	246
388	7690	5914	4199	3302	2333	1745	1349	852	674	492	317	245
389	7700	5844	4245	3328	2367	1698	1296	888	659	490	313	246
390	7586	5888	4096	3297	2378	1693	1334	874	643	474	319	244
391	7628	5855	4163	3255	2349	1710	1355	853	673	474	304	238
392	7748	5926	4230	3262	2359	1697	1373	927	648	482	328	232
393	7850	5807	4302	3317	2407	1711	1378	869	680	490	316	231
394	7706	5823	4272	3281	2391	1756	1341	888	642	462	334	235
395	7809	5778	4189	3351	2336	1714	1356	878	657	496	323	238
396	7862	5829	4140	3323	2363	1707	1357	882	649	493	315	237
397	7724	5909	4225	3296	2375	1690	1302	846	658	480	341	251
398	7650	5876	4139	3299	2390	1693	1344	878	694	485	334	246
399	7559	5793	4203	3301	2362	1686	1434	897	639	469	332	240
400	7662	6044	4257	3307	2405	1762	1375	905	683	488	319	254
401	7507	5824	4304	3295	2357	1753	1371	887	641	479	342	237
402	7626	5885	4191	3222	2340	1726	1354	872	677	472	330	261
403	7702	5850	4232	3312	2369	1716	1381	879	673	481	315	249
404	7611	5938	4146	3298	2370	1698	1335	882	665	469	336	234
405	7575	5953	4262	3264	2385	1701	1361	925	661	483	331	240
406	7565	5823	4192	3330	2379	1713	1347	901	675	473	330	231
407	7526	5980	4200	3335	2367	1731	1395	898	667	462	314	249
408	7760	5698	4206	3301	2392	1724	1383	883	671	475	331	242
409	7832	6004	4296	3304	2379	1719	1391	908	687	502	327	265
410	7643	5832	4301	3291	2374	1701	1372	901	669	487	338	240
411	7617	5968	4225	3280	2322	1764	1365	923	650	475	314	237
412	7719	5850	4176	3234	2378	1721	1365	890	674	462	321	238
413	7691	5860	4245	3319	2375	1730	1352	887	648	486	324	245
414	7779	5935	4276	3294	2360	1735	1392	905	676	512	330	257
415	7645	5831	4226	3299	2383	1697	1324	872	669	483	337	229
416	7596	5834	4207	3293	2397	1710	1326	883	666	497	333	238
417	7873	5838	4209	3328	2387	1709	1337	911	647	479	333	247
418	7830	5783	4209	3265	2358	1676	1344	903	646	482	329	251
419	7743	5928	4229	3313	2358	1709	1347	886	661	493	322	253
420	7819	5844	4278	3268	2382	1730	1397	895	688	487	345	231
421	7631	5841	4186	3295	2381	1693	1412	872	643	493	342	236
422	7802	5981	4365	3254	2399	1725	1362	903	651	490	324	238
423	7439	5900	4197	3299	2313	1704	1381	892	652	501	339	243
424	7704	5846	4287	3288	2347	1711	1371	890	666	474	353	245
425	7567	5897	4164	3262	2332	1688	1371	891	640	487	329	237
426	7675	5820	4213	3324	2382	1744	1392	888	681	516	342	230
427	7468	5983	4190	3288	2379	1726	1330	882	661	481	346	233
428	7552	5906	4154	3336	2344	1735	1367	877	653	475	341	235
429	7664	5853	4254	3286	2352	1701	1371	904	671	490	324	232
430	7742	5895	4200	3353	2335	1732	1375	895	661	497	318	246
431	7692	5762	4201	3320	2378	1684	1328	911	674	480	327	242
432	7593	5948	4173	3290	2336	1671	1353	898	661	482	336	252
433	7689	5796	4143	3305	2384	1729	1374	889	668	481	342	236
434	7831	5874	4193	3270	2335	1724	1323	886	696	475	337	237
435	7518	5904	4189	3262	2315	1716	1355	899	650	500	329	243
436	7513	5919	4233	3248	2332	1681	1342	913	669	487	340	251
437	7590	5760	4232	3265	2369	1751	1376	907	675	493	331	233
438	7598	5807	4167	3284	2372	1726	1382	879	685	489	335	246
439	7536	5877	4311	3273	2354	1693	1362	901	674	490	331	247
440	7595	5855	4242	3268	2358	1730	1346	906	693	491	336	237
441	7546	5874	4143	3333	2283	1715	1337	885	644	491	319	242
442	7593	5913	4093	3222	2370	1750	1332	876	669	494	320	244
443	7544	5918	4200	3291	2327	1704	1363	894	696	485	341	236
444	7708	5748	4268	3281	2390	1686	1369	883	676	514	330	255
445	7700	5891	4101	3223	2380	1683	1348	862	667	491	317	242
446	7751	5743	4134	3279	2377	1706	1367	880	649	503	334	251
447	7583	5835	4228	3346	2331	1729	1375	888	688	497	325	245
448	7577	5847	4289	3303	2363	1664	1364	886	686	485	315	245
449	7429	5872	4127	3292	2401	1690	1329	897	695	497	323	236
450	7544	5935	4277	3290	2413	1736	1314	884	657	474	318	241
451	7489	5843	4285	3271	2321	1724	1334	895	659	495	345	231
452	7790	5879	4165	3276	2346	1736	1356	904	674	481	341	244
453	7706	5743	4236	3278	2369	1711	1364	915	670	516	335	257
454	7592	5838	4167	3265	2328	1713	1344	905	687	490	321	246
455	7502	5812	4265	3305	2356	1668	1345	894	686	506	345	242
456	7547	5851	4065	3375	2375	1734	1340	903	670	500	339	257
457	7563	5821	4150	3293	2363	1703	1385	894	659	487	355	242
458	7736	5849	4233	3264	2372	1718	1375	899	667	492	334	242
459	7679	5935	4206	3203	2382	1706	1318	899	651	494	340	250
460	7622	6002	4101	3244	2331	1703	1352	904	687	498	320	251
461	7578	5804	4242	3345	2350	1708	1375	897	641	503	334	256
462	7656	5888	4271	3277	2354	1695	1349	913	675	467	322	252
463	7477	5918	4195	3336	2314	1759	1382	885	687	484	341	246
464	7566	5839	4159	3287	2351	1723	1344	893	662	505	347	242
465	7631	5929	4282	3286	2376	1694	1340	878	678	498	331	242
466	7532	5740	4154	3301	2333	1695	1371	854	675	484	331	248
467	7606	5836	4285	3312	2428	1725	1343	891	683	491	338	266
468	7621	6099	4293	3309	2386	1703	1328	933	678	506	331	230
469	7582	5987	4248	3362	2369	1694	1321	914	688	504	340	233
470	7650	5856	4153	3275	2400	1684	1380	901	649	496	337	243
471	7911	5881	4090	3292	2293	1713	1353	875	673	506	319	254
472	7593	5856	4267	3247	2374	1705	1369	892	667	494	338	238
473	7628	5866	4241	3337	2387	1719	1368	944	678	505	319	249
474	7572	5825	4283	3265	2350	1712	1360	897	668	511	324	246
475	7495	5970	4289	3254	2338	1736	1349	899	675	516	334	246
476	7490	5881	4160	3291	2394	1724	1348	889	662	480	338	278
477	7665	5870	4278	3329	2380	1725	1347	908	691	508	333	260
478	7648	5908	4365	3278	2374	1680	1349	918	670	523	332	245
479	7432	5903	4167	3252	2359	1710	1340	871	663	498	332	254
480	7617	5977	4192	3252	2345	1708	1370	901	641	502	334	233
481	7819	5716	4165	3290	2342	1694	1375	854	672	507	329	243
482	7835	5777	4340	3358	2377	1715	1333	896	725	502	341	238
483	7723	5877	4203	3203	2334	1692	1365	887	670	479	334	246
484	7689	5938	4217	3267	2368	1727	1347	906	701	485	343	240
485	7610	5877	4324	3322	2373	1743	1353	882	668	496	339	240
486	7569	5907	4163	3218	2358	1739	1340	894	671	489	319	237
487	7551	5899	4212	3289	2351	1742	1342	910	684	508	342	272
488	7641	5871	4140	3317	2281	1708	1368	916	674	476	332	258
489	7717	5849	4161	3325	2318	1741	1383	915	704	488	331	254
490	7568	5789	4129	3295	2336	1765	1377	907	659	518	331	239
491	7590	5932	4106	3324	2339	1772	1372	922	650	500	337	240
492	7561	5918	4169	3315	2358	1763	1357	892	685	509	346	247
493	7574	5833	4295	3297	2358	1745	1362	921	706	491	347	252
494	7540	5834	4141	3244	2354	1726	1342	889	660	503	332	254
495	7718	5889	4212	3356	2391	1790	1366	905	665	498	327	249
496	7520	5920	4201	3314	2373	1753	1385	903	675	490	333	251
497	7799	5909	4178	3357	2397	1748	1360	905	644	501	328	250
498	7581	5964	4173	3316	2365	1771	1370	932	662	491	315	241
499	7611	5958	4274	3349	2395	1759	1380	876	676	519	345	249
500	7545	5990	4180	3306	2327	1753	1385	922	669	512	314	245
501	7551	5789	4231	3298	2353	1775	1359	916	674	487	352	251
502	7768	5861	4218	3369	2351	1772	1382	916	676	492	334	255
503	7603	5954	4364	3352	2362	1777	1390	907	685	498	346	244
504	7588	5936	4221	3310	2339	1727	1361	915	668	516	334	240
505	7474	5875	4211	3221	2324	1728	1331	916	674	495	325	229
506	7555	5917	4234	3306	2359	1774	1383	925	668	506	363	247
507	7443	6010	4115	3235	2358	1731	1396	899	683	493	328	233
508	7442	5866	4179	3307	2393	1802	1377	909	691	498	334	250
509	7444	5924	4178	3276	2394	1775	1368	923	672	504	346	242
510	7643	5878	4217	3326	2425	1752	1349	890	653	504	341	240
511	7525	5887	4181	3307	2378	1733	1354	932	659	495	328	245
512	7546	5944	4150	3228	2408	1786	1376	912	673	508	353	245
513	7772	5943	4180	3372	2414	1787	1393	881	681	515	312	243
514	7691	5877	4087	3273	2370	1755	1382	928	671	519	341	242
515	7545	5838	4172	3309	2402	1803	1391	926	706	522	346	239
516	7617	5947	4162	3270	2414	1764	1371	925	676	500	321	260
517	7561	5881	4202	3331	2383	1771	1395	925	657	484	325	250
518	7528	5839	4292	3294	2417	1754	1375	940	673	482	334	252
519	7470	5947	4260	3290	2383	1764	1400	920	664	494	332	250
520	7794	5974	4226	3288	2356	1758	1344	923	656	497	328	248
521	7599	5815	4266	3315	2430	1783	1391	908	685	495	340	244
522	7583	6051	4269	3307	2383	1770	1396	918	680	512	318	265
523	7619	5860	4323	3335	2366	1814	1375	911	653	522	332	222
524	7586	5903	4257	3368	2336	1768	1421	925	684	507	344	258
525	7535	5946	4234	3311	2376	1757	1390	924	678	514	354	254
526	7663	5980	4258	3326	2376	1771	1370	913	680	499	357	254
527	7578	5843	4271	3348	2358	1751	1390	914	695	509	314	241
528	7691	6021	4177	3369	2352	1772	1360	901	667	508	342	252
529	7610	6002	4178	3291	2364	1747	1382	903	689	520	346	244
530	7529	5794	4260	3364	2414	1765	1380	907	696	506	340	248
531	7437	5878	4171	3342	2380	1751	1358	914	680	520	345	242
532	7708	5930	4273	3287	2321	1741	1377	941	669	508	320	249
533	7583	5851	4205	3403	2404	1767	1377	903	700	507	343	240
534	7627	5877	4126	3372	2423	1741	1383	912	670	519	359	257
535	7679	5972	4276	3315	2334	1784	1371	938	676	493	337	247
536	7513	5811	4137	3252	2378	1718	1411	967	688	494	325	261
537	7803	5986	4338	3389	2420	1788	1366	892	680	495	337	256
538	7523	5800	4197	3327	2390	1739	1333	878	642	513	336	260
539	7551	5994	4264	3280	2350	1791	1378	918	683	506	331	249
540	7648	5892	4273	3369	2374	1775	1369	917	683	523	335	251
541	7626	5780	4205	3247	2394	1739	1384	932	661	514	346	259
542	7680	5893	4182	3327	2360	1781	1432	942	676	523	328	262
543	7655	5890	4246	3282	2403	1791	1398	908	661	512	339	235
544	7827	5856	4237	3279	2395	1785	1383	931	686	509	336	250
545	7696	5958	4375	3262	2407	1776	1369	911	679	504	354	249
546	7598	6077	4117	3350	2402	1811	1376	925	677	515	351	243
547	7653	6066	4155	3352	2407	1785	1389	920	670	512	338	250
548	7603	5926	4159	3350	2388	1740	1392	957	704	514	336	258
549	7603	5960	4189	3375	2394	1766	1341	924	671	485	321	240
550	7506	5985	4214	3375	2386	1798	1400	938	680	504	338	250
551	7538	5865	4191	3284	2349	1742	1394	922	665	520	341	253
552	7655	5958	4031	3349	2423	1784	1358	924	671	507	335	258
553	7496	6055	4062	3306	2358	1801	1376	924	672	506	336	246
554	7560	6044	4033	3298	2392	1780	1406	895	691	522	326	253
555	7686	5922	4083	3283	2367	1790	1392	918	677	526	348	252
556	7524	5881	4157	3362	2360	1775	1372	927	662	536	337	266
557	7508	5943	4219	3412	2402	1790	1348	919	672	526	349	268
558	7551	5933	4234	3328	2352	1766	1361	904	686	516	342	246
559	7588	5871	4174	3306	2394	1796	1381	922	702	526	350	247
560	7520	5928	4245	3402	2380	1780	1395	942	670	511	342	259
561	7537	5907	4167	3314	2370	1812	1357	919	696	529	326	232
562	7528	5966	4148	3363	2402	1754	1385	892	683	526	328	258
563	7572	5893	4265	3343	2392	1737	1356	924	669	506	327	259
564	7691	5898	4153	3352	2369	1748	1390	939	707	487	343	252
565	7675	5906	4243	3319	2371	1773	1335	899	704	502	351	244
566	7800	5867	4206	3283	2366	1772	1376	928	670	500	349	260
567	7537	5867	4350	3334	2323	1760	1393	929	670	534	337	246
568	7631	6006	4212	3295	2317	1736	1347	934	671	501	335	266
569	7581	6005	4320	3406	2348	1712	1393	940	653	505	339	280
570	7673	5819	4260	3303	2354	1762	1350	928	710	504	337	245
571	7696	5923	4177	3327	2355	1761	1355	929	699	514	340	243
572	7658	5792	4215	3356	2336	1744	1366	946	696	552	346	261
573	7698	5897	4341	3361	2362	1730	1320	912	708	541	340	257
574	7653	5985	4307	3322	2342	1741	1423	914	663	523	348	253
575	7540	5972	4197	3368	2350	1805	1366	919	666	504	369	265
576	7717	5884	4249	3295	2353	1785	1380	954	679	514	354	250
577	7559	6126	4252	3313	2401	1774	1384	913	699	519	353	233
578	7435	5913	4119	3377	2389	1795	1385	934	687	523	339	240
579	7579	6028	4081	3344	2385	1811	1346	923	659	506	351	254
580	7627	5917	4167	3367	2432	1770	1377	916	681	516	344	257
581	7551	5979	4130	3352	2402	1805	1390	918	694	495	332	261
582	7571	5887	4158	3312	2414	1784	1407	917	668	493	345	247
583	7825	5899	4095	3332	2338	1790	1410	912	686	536	345	232
584	7550	5928	4129	3355	2354	1801	1388	931	673	499	344	254
585	7704	5945	4259	3288	2391	1767	1389	944	673	505	348	239
586	7678	5827	4245	3295	2366	1772	1420	913	678	528	340	266
587	7687	5899	4265	3296	2375	1755	1373	904	653	528	346	248
588	7723	5877	4141	3344	2350	1764	1358	901	683	512	338	267
589	7717	5888	4109	3370	2357	1762	1397	885	702	503	347	261
590	7545	6024	4254	3374	2386	1782	1411	950	696	547	344	249
591	7524	5826	4155	3338	2369	1762	1380	919	658	525	336	265
592	7591	5877	4121	3346	2393	1813	1372	942	681	502	351	253
593	7594	5895	4193	3358	2439	1799	1347	900	699	514	338	260
594	7661	6007	4271	3342	2359	1779	1378	950	665	522	347	248
595	7525	5899	4336	3351	2372	1744	1349	914	692	526	368	253
596	7605	5879	4258	3315	2357	1706	1389	893	680	527	347	262
597	7584	5887	4346	3375	2313	1732	1360	889	696	536	325	246
598	7721	5873	4162	3350	2323	1747	1385	918	713	545	337	257
599	7645	5923	4218	3334	2369	1758	1401	931	689	519	356	252
600	7587	5936	4243	3327	2366	1739	1386	939	684	518	326	244
601	7556	5874	4181	3360	2404	1763	1386	926	696	543	344	257
602	7623	5842	4096	3333	2386	1776	1388	920	702	522	335	251
603	7621	5972	4095	3405	2331	1743	1379	925	707	517	356	247
604	7641	5903	4188	3323	2366	1764	1335	920	700	540	347	244
605	7548	5924	4210	3361	2304	1742	1344	927	728	517	341	252
606	7544	5942	4123	3389	2332	1759	1382	905	683	501	352	263
607	7480	5829	4065	3398	2360	1748	1360	947	699	543	358	259
608	7519	5984	4139	3265	2333	1744	1376	915	705	518	342	250
609	7556	5981	4091	3355	2363	1776	1396	923	677	532	332	259
610	7461	5769	4103	3427	2333	1769	1400	883	699	527	349	256
611	7388	5901	4219	3309	2358	1817	1410	947	710	527	354	246
612	7709	6013	4124	3354	2363	1691	1403	969	702	523	347	251
613	7649	5909	4151	3352	2367	1740	1392	915	673	526	342	250
614	7734	5907	4120	3360	2370	1752	1356	941	681	537	337	247
615	7734	5993	4061	3371	2313	1754	1380	935	679	516	345	265
616	7694	5854	4079	3340	2309	1707	1362	938	703	531	354	263
617	7585	5974	4116	3378	2355	1782	1375	889	682	531	362	257
618	7510	6030	4123	3361	2339	1797	1370	907	682	535	334	252
619	7427	5952	4059	3354	2359	1788	1349	910	682	527	340	257
620	7594	5756	4201	3382	2357	1780	1366	919	690	518	341	266
621	7678	5988	4128	3364	2353	1774	1340	928	728	546	344	239
622	7630	5890	4176	3328	2320	1792	1393	928	655	546	359	253
623	7463	5932	4285	3393	2363	1772	1369	931	690	549	334	251
624	7465	5923	4225	3392	2376	1781	1383	920	685	523	354	254
625	7579	5964	4153	3372	2381	1779	1406	926	681	536	348	254
626	7645	5911	4303	3362	2354	1770	1420	951	672	527	346	256
627	7685	5891	4223	3380	2371	1760	1412	940	693	545	345	248
628	7701	5967	4197	3422	2392	1767	1381	934	729	562	354	253
629	7671	5984	4183	3339	2358	1815	1395	944	708	515	344	272
630	7591	5950	4245	3424	2367	1740	1396	926	687	537	352	258
631	7452	5779	4134	3384	2339	1782	1376	934	730	522	341	258
632	7597	5894	4301	3381	2360	1811	1392	925	704	523	360	258
633	7560	5899	4160	3339	2365	1749	1360	958	686	531	360	268
634	7757	5883	4231	3375	2303	1729	1392	897	673	523	358	241
635	7664	5870	4239	3433	2344	1768	1414	913	703	538	347	268
636	7640	5986	4217	3375	2387	1765	1413	950	697	512	350	241
637	7566	5996	4213	3359	2429	1771	1373	963	705	542	339	254
638	7527	6088	4227	3375	2332	1781	1379	917	668	523	340	266
639	7584	5958	4224	3430	2277	1775	1388	956	679	532	347	259
640	7697	6055	4300	3403	2473	1808	1408	931	708	551	338	266
641	7678	6025	4167	3412	2396	1793	1374	933	699	539	344	262
642	7700	5994	4242	3370	2326	1755	1430	958	670	514	348	267
643	7691	5883	4324	3351	2394	1821	1408	916	707	512	340	252
644	7674	5955	4226	3434	2397	1768	1382	945	680	540	349	244
645	7796	5903	4284	3420	2375	1802	1378	960	702	509	354	261
646	7800	5948	4291	3394	2313	1822	1379	979	683	533	357	249
647	7647	5785	4297	3367	2409	1799	1376	927	726	519	356	257
648	7581	5993	4245	3435	2432	1830	1417	962	669	542	356	249
649	7674	5942	4298	3407	2374	1767	1384	941	683	536	341	262
650	7773	5909	4276	3373	2353	1774	1376	937	708	558	353	252
651	7643	6032	4273	3355	2378	1848	1396	919	713	533	366	272
652	7659	5901	4351	3297	2354	1771	1376	935	671	531	362	247
653	7658	5927	4244	3366	2459	1775	1403	962	697	523	364	255
654	7586	6027	4270	3440	2402	1777	1386	948	719	538	358	265
655	7579	5999	4095	3460	2362	1766	1365	940	687	542	348	246
656	7591	5830	4252	3417	2329	1813	1396	929	701	542	339	242
657	7812	6038	4213	3332	2391	1829	1377	931	685	540	354	263
658	7539	6058	4316	3429	2356	1802	1424	921	671	541	341	248
659	7689	5992	4236	3427	2384	1816	1405	946	690	541	361	259
660	7770	5983	4310	3444	2374	1815	1410	936	696	544	356	256
661	7529	5920	4336	3433	2442	1831	1405	941	715	538	342	248
662	7516	5936	4290	3429	2428	1817	1412	932	665	529	327	270
663	7684	5921	4208	3439	2366	1839	1398	921	705	538	351	261
664	7733	5951	4302	3439	2374	1835	1416	955	689	536	357	258
665	7717	5902	4334	3413	2367	1785	1389	919	700	554	348	257
666	7700	5959	4256	3457	2363	1824	1380	937	695	548	349	271
667	7730	5958	4340	3376	2378	1800	1386	943	695	530	349	247
668	7611	5792	4252	3424	2349	1796	1374	972	680	543	347	252
669	7645	5853	4336	3401	2311	1768	1415	951	685	520	348	275
670	7630	5821	4249	3398	2359	1814	1396	963	676	527	352	260
671	7543	5843	4294	3434	2331	1819	1372	943	686	534	367	272
672	7750	5991	4340	3437	2316	1788	1416	936	707	583	347	267
673	7647	5965	4256	3402	2358	1770	1391	916	710	528	353	260
674	7567	5959	4126	3419	2329	1845	1430	940	715	541	359	270
675	7616	5901	4251	3427	2269	1814	1388	958	708	554	372	250
676	7771	5938	4287	3456	2318	1798	1439	934	702	540	359	260
677	7753	5968	4254	3408	2382	1826	1362	942	699	527	366	261
678	7633	6062	4289	3447	2347	1832	1423	952	696	538	365	277
679	7658	6156	4288	3442	2319	1850	1420	963	703	535	359	269
680	7697	6013	4219	3447	2403	1893	1392	936	705	557	349	273
681	7698	6127	4321	3378	2362	1856	1412	960	684	539	352	262
682	7685	5947	4271	3491	2369	1866	1411	943	701	520	338	268
683	7584	5958	4248	3448	2347	1857	1404	933	714	553	359	264
684	7615	6017	4363	3401	2354	1839	1426	931	686	544	368	251
685	7539	5958	4174	3476	2390	1833	1415	983	713	529	353	256
686	7593	5915	4251	3453	2390	1814	1398	981	714	540	356	246
687	7663	6067	4451	3465	2381	1859	1393	964	707	525	374	250
688	7594	5954	4164	3397	2325	1836	1392	962	705	559	361	263
689	7537	6003	4305	3436	2369	1826	1404	922	697	543	332	255
690	7611	6073	4171	3465	2370	1823	1406	964	717	530	356	270
691	7474	6060	4395	3415	2401	1802	1416	972	718	563	355	254
692	7691	5991	4286	3464	2357	1870	1387	967	711	552	340	254
693	7790	6003	4363	3425	2404	1827	1445	955	693	573	358	281
694	7661	6027	4304	3452	2336	1819	1462	994	715	529	342	258
695	7586	5989	4252	3429	2334	1859	1427	942	706	529	348	264
696	7677	6027	4352	3461	2360	1820	1398	935	713	551	347	269
697	7683	6061	4314	3388	2411	1797	1455	981	719	548	381	256
698	7668	5917	4319	3409	2312	1882	1418	947	706	528	359	258
699	7640	6041	4124	3455	2342	1869	1460	954	706	546	347	266
700	7604	5934	4342	3368	2370	1871	1386	946	727	545	356	270
701	7679	5999	4237	3448	2403	1840	1432	974	684	537	346	269
702	7519	5886	4266	3443	2342	1824	1396	928	715	538	354	274
703	7660	5998	4368	3395	2370	1866	1411	970	717	542	354	250
704	7622	5911	4254	3448	2331	1845	1393	978	683	522	361	268
705	7556	5901	4238	3465	2356	1834	1413	944	689	551	364	265
706	7699	5968	4395	3414	2405	1871	1439	917	699	547	362	265
707	7746	6061	4306	3542	2378	1835	1393	973	706	521	352	246
708	7673	5936	4262	3531	2329	1811	1410	953	708	565	361	254
709	7621	5986	4322	3443	2347	1853	1404	978	714	535	360	275
710	7642	6050	4318	3490	2356	1819	1381	967	702	540	359	245
711	7662	5953	4354	3413	2355	1827	1394	937	719	541	370	275
712	7636	6014	4281	3462	2336	1824	1414	920	704	589	367	269
713	7710	6028	4252	3425	2334	1832	1434	972	706	538	351	258
714	7600	5869	4292	3486	2395	1850	1376	941	699	535	363	269
715	7630	5849	4218	3458	2390	1859	1434	940	686	547	351	263
716	7684	5940	4384	3504	2370	1828	1390	974	704	538	355	264
717	7748	6000	4293	3473	2377	1861	1417	940	726	544	372	273
718	7484	5932	4272	3456	2389	1821	1420	924	686	563	362	269
719	7498	6090	4237	3430	2384	1774	1391	977	709	541	354	274
720	7555	5930	4329	3481	2344	1832	1392	941	723	551	376	261
721	7737	5877	4325	3480	2336	1771	1419	938	715	545	346	265
722	7666	5927	4259	3503	2321	1829	1392	943	711	541	356	251
723	7722	5769	4288	3459	2337	1834	1408	951	713	551	367	267
724	7676	6099	4154	3470	2325	1805	1389	959	700	561	361	258
725	7680	5903	4347	3473	2272	1814	1406	953	703	567	370	260
726	7644	5911	4229	3454	2368	1796	1425	953	723	533	384	264
727	7681	5922	4204	3402	2318	1766	1430	923	710	585	350	263
728	7724	6092	4240	3392	2332	1783	1408	946	700	556	352	281
729	7570	5886	4221	3395	2334	1810	1382	943	726	534	351	280
730	7529	6035	4233	3445	2352	1816	1414	946	691	548	377	269
731	7427	6015	4254	3422	2401	1842	1394	943	700	530	357	250
732	7587	6017	4339	3458	2379	1880	1436	941	718	542	366	261
733	7411	6000	4285	3456	2353	1773	1429	957	739	562	359	253
734	7692	6059	4235	3480	2291	1797	1401	943	711	547	370	283
735	7604	5964	4238	3510	2361	1825	1428	949	731	539	347	269
736	7622	5923	4154	3449	2375	1835	1391	952	709	566	347	260
737	7712	6079	4308	3449	2409	1828	1437	943	710	576	356	270
738	7678	6037	4276	3473	2364	1790	1388	970	706	550	355	253
739	7638	5897	4358	3497	2422	1864	1408	960	746	542	373	272
740	7729	6052	4286	3481	2357	1851	1413	946	703	536	363	265
741	7660	6097	4276	3454	2382	1834	1427	929	708	566	362	262
742	8050	5901	4374	3448	2340	1843	1429	938	694	561	361	253
743	7660	5926	4309	3378	2392	1852	1423	962	700	546	367	270
744	7565	5877	4217	3508	2325	1843	1413	948	706	544	388	263
745	7908	6036	4293	3500	2317	1823	1383	947	737	561	347	263
746	7787	6059	4278	3464	2308	1840	1434	937	693	547	373	271
747	7517	6010	4205	3492	2363	1804	1390	957	717	554	370	278
748	7660	5952	4238	3485	2353	1824	1403	955	727	549	364	272
749	7674	6104	4267	3523	2392	1841	1387	946	720	563	354	268
750	8039	6123	4262	3529	2391	1813	1441	947	713	532	381	271
751	7770	6033	4336	3483	2301	1866	1451	987	729	552	366	261
752	7829	6021	4356	3420	2381	1846	1439	925	735	559	359	274
753	7691	5930	4335	3450	2346	1815	1379	976	684	566	371	265
754	7679	5967	4301	3442	2378	1848	1419	983	745	550	343	274
755	7731	5989	4251	3435	2323	1843	1433	956	721	562	367	266
756	7580	6037	4137	3442	2340	1820	1401	984	705	554	369	276
757	7533	5920	4234	3446	2308	1816	1404	961	718	572	349	281
758	7648	6050	4203	3475	2357	1799	1457	947	724	545	358	273
759	7638	5959	4207	3513	2328	1824	1436	936	738	554	362	257
760	7483	6022	4313	3436	2341	1771	1438	947	720	544	367	261
761	7614	5915	4268	3472	2358	1845	1403	997	714	555	375	270
762	7757	5973	4401	3541	2386	1869	1420	970	706	573	361	270
763	7680	5919	4320	3430	2368	1833	1393	952	747	560	357	259
764	7686	5981	4175	3516	2344	1872	1414	942	720	568	360	273
765	7505	5950	4347	3520	2325	1828	1392	962	707	564	359	263
766	7814	5956	4267	3502	2362	1808	1409	927	717	556	364	274
767	7760	6026	4234	3418	2369	1811	1383	933	710	538	372	294
768	7823	5882	4241	3476	2332	1826	1390	937	749	565	353	270
769	7748	6039	4291	3419	2288	1836	1390	984	721	557	362	252
770	7617	6035	4275	3444	2397	1846	1379	985	749	557	356	250
771	7689	5939	4396	3484	2333	1870	1412	963	706	529	376	267
772	7523	6073	4256	3407	2411	1843	1371	996	727	578	369	256
773	7616	6051	4304	3445	2382	1776	1380	976	733	565	372	248
774	7632	5954	4280	3479	2388	1834	1396	955	728	574	374	266
775	7691	6072	4333	3432	2425	1802	1381	989	717	571	366	269
776	7556	5851	4150	3533	2401	1827	1395	933	736	550	350	265
777	7585	5993	4308	3409	2351	1869	1381	964	724	576	367	264
778	7633	5910	4381	3515	2387	1833	1383	961	739	542	361	262
779	7616	5885	4267	3440	2350	1874	1380	951	732	556	365	272
780	7707	5886	4327	3493	2340	1809	1379	939	716	557	369	266
781	7547	6005	4176	3449	2388	1849	1374	983	715	579	360	256
782	7652	6089	4323	3526	2357	1863	1371	954	731	545	363	258
783	7741	5991	4275	3486	2389	1869	1404	960	719	554	336	280
784	7588	5763	4327	3528	2379	1815	1412	952	712	581	360	272
785	7691	6195	4308	3519	2394	1864	1389	954	740	589	368	278
786	7523	6022	4228	3540	2348	1790	1367	960	705	562	348	258
787	7683	5953	4235	3468	2360	1866	1391	977	706	551	351	261
788	7723	5984	4176	3470	2382	1814	1380	993	722	564	365	277
789	7698	5981	4298	3495	2301	1788	1405	1002	709	563	343	272
790	7559	5933	4291	3449	2371	1855	1424	976	722	563	363	273
791	7620	6034	4294	3494	2335	1822	1384	951	726	568	338	279
792	7569	5930	4218	3436	2396	1814	1404	966	722	558	375	279
793	7574	5926	4289	3457	2424	1861	1341	972	692	551	358	269
794	7593	5967	4406	3503	2327	1839	1387	974	717	547	365	265
795	7529	6003	4339	3453	2357	1798	1359	962	698	555	361	291
796	7748	5961	4386	3450	2363	1864	1358	944	729	570	362	275
797	7717	5988	4321	3484	2372	1833	1383	955	721	558	359	263
798	7660	6014	4320	3468	2334	1847	1337	945	713	547	375	266
799	7642	5901	4266	3445	2385	1832	1349	976	706	561	362	259
800	7559	5974	4356	3507	2341	1817	1360	959	723	557	363	266
801	7595	5960	4266	3432	2359	1861	1380	919	713	558	358	275
802	7545	6078	4229	3448	2424	1857	1365	963	721	581	357	277
803	7593	5981	4268	3476	2411	1873	1383	958	713	573	377	278
804	7697	5904	4364	3459	2376	1796	1365	979	738	568	390	267
805	7798	5954	4364	3462	2394	1850	1354	954	706	559	366	273
806	7811	5962	4182	3477	2380	1830	1371	972	738	560	345	265
807	7673	5969	4344	3487	2389	1871	1405	972	706	560	366	274
808	7624	6165	4275	3494	2410	1839	1360	995	678	579	370	266
809	7624	5934	4204	3450	2396	1868	1409	978	736	566	382	282
810	7545	5957	4232	3454	2391	1860	1412	987	707	579	373	269
811	7564	6034	4343	3462	2447	1893	1387	984	708	584	366	275
812	7611	6016	4225	3505	2340	1852	1343	947	699	537	371	277
813	7594	5942	4389	3501	2367	1838	1372	950	716	578	393	264
814	7637	5973	4392	3501	2387	1857	1372	967	716	575	381	274
815	7683	5993	4294	3448	2379	1843	1374	990	707	581	365	271
816	7521	5942	4206	3468	2457	1828	1366	950	730	564	359	301
817	7723	5973	4410	3521	2372	1851	1412	988	728	549	355	267
818	7690	5982	4379	3477	2327	1865	1373	965	755	542	374	267
819	7624	5965	4455	3421	2318	1859	1385	957	689	551	380	268
820	7577	5917	4246	3460	2393	1877	1423	959	721	565	367	268
821	7595	6128	4264	3519	2380	1866	1376	964	711	577	368	256
822	7491	5976	4435	3485	2381	1836	1328	977	736	581	376	269
823	7563	5989	4293	3519	2353	1879	1389	978	723	577	385	254
824	7830	5927	4319	3479	2430	1896	1404	967	712	554	346	269
825	7789	6099	4243	3527	2389	1859	1375	958	738	580	370	283
826	7528	5850	4345	3504	2380	1869	1405	952	737	566	357	268
827	7717	6058	4328	3565	2381	1845	1388	988	723	562	336	259
828	7534	5971	4509	3445	2376	1838	1396	941	725	576	363	257
829	7626	5981	4391	3480	2336	1862	1357	986	722	546	370	263
830	7646	6066	4364	3486	2340	1867	1405	968	716	582	363	283
831	7579	5985	4261	3488	2389	1844	1378	969	752	571	379	264
832	7673	5886	4319	3508	2378	1853	1373	989	720	585	386	293
833	7721	6000	4245	3469	2415	1849	1372	958	704	560	362	258
834	7609	5997	4323	3484	2364	1887	1395	975	715	581	357	261
835	7642	5935	4377	3532	2375	1881	1379	993	678	568	376	273
836	7576	5995	4359	3400	2431	1867	1369	983	737	561	365	260
837	7829	6034	4301	3470	2413	1860	1392	1001	741	569	368	275
838	7940	6012	4415	3543	2469	1916	1437	999	739	555	360	273
839	7961	6026	4380	3458	2422	1886	1418	998	718	579	375	269
840	7608	6031	4281	3465	2398	1871	1399	974	708	586	380	288
841	7700	5941	4494	3448	2401	1898	1398	978	705	568	361	287
842	7538	5949	4300	3439	2416	1851	1351	956	724	566	355	271
843	7923	5966	4244	3502	2401	1829	1365	1000	714	575	374	274
844	7832	6095	4402	3549	2421	1914	1411	981	697	563	372	286
845	7640	5984	4258	3485	2423	1883	1406	988	740	574	367	275
846	7742	5906	4364	3491	2362	1863	1401	965	705	564	362	263
847	7587	5930	4333	3462	2372	1888	1390	1047	716	577	375	280
848	7484	5984	4263	3526	2461	1933	1355	982	701	562	362	289
849	7546	5928	4263	3512	2392	1920	1384	978	706	568	382	273
850	7672	6113	4327	3527	2418	1964	1415	1018	695	564	389	270
851	7648	5864	4408	3532	2368	1848	1420	986	728	574	366	273
852	7670	6032	4351	3439	2340	1845	1404	979	700	582	356	275
853	7773	6054	4280	3481	2403	1877	1371	937	732	561	331	293
854	7649	5837	4441	3522	2396	1871	1394	988	729	556	387	269
855	7745	5927	4327	3513	2448	1883	1408	982	743	582	378	274
856	7690	6045	4260	3498	2404	1844	1405	987	722	602	378	279
857	7719	5872	4233	3439	2429	1884	1373	952	724	578	373	266
858	7449	5890	4238	3535	2437	1903	1387	977	728	572	355	285
859	7511	6076	4332	3506	2372	1888	1398	1018	729	558	365	283
860	7579	5969	4379	3535	2449	1860	1374	972	747	582	366	271
861	7624	5903	4268	3523	2451	1924	1361	970	747	585	369	285
862	7691	6091	4240	3358	2425	1813	1370	960	740	568	358	278
863	7530	5896	4263	3472	2366	1864	1381	947	729	587	358	275
864	7617	5968	4355	3449	2401	1913	1403	971	740	572	372	269
865	7489	6054	4371	3516	2404	1827	1379	977	722	555	365	268
866	7640	6045	4445	3501	2383	1858	1398	994	726	592	374	276
867	7872	6017	4235	3485	2441	1920	1395	981	743	585	378	278
868	7697	5975	4443	3502	2377	1876	1395	984	710	578	382	278
869	7735	5958	4335	3449	2442	1864	1386	960	738	566	366	266
870	7770	5901	4248	3415	2410	1878	1412	995	721	588	385	269
871	7634	5936	4328	3425	2437	1846	1369	990	709	568	369	270
872	7681	5936	4275	3479	2427	1894	1391	978	739	555	369	286
873	7667	6015	4239	3426	2389	1851	1375	963	733	582	367	276
874	7671	6055	4229	3497	2341	1899	1363	974	719	578	361	286
875	7620	5957	4229	3400	2384	1842	1385	947	697	562	364	275
876	7544	6044	4290	3471	2385	1855	1372	987	756	556	379	275
877	7462	6096	4362	3440	2419	1880	1436	988	735	559	383	286
878	7667	5936	4319	3450	2388	1898	1364	1002	742	583	380	274
879	7782	6047	4342	3468	2400	1879	1359	992	722	582	369	287
880	7756	5924	4346	3507	2451	1880	1370	1009	748	583	391	288
881	7621	6008	4331	3567	2428	1864	1374	978	712	577	389	291
882	7671	6082	4278	3511	2447	1865	1411	959	744	591	383	274
883	7677	5996	4304	3467	2475	1921	1408	992	750	592	356	281
884	7710	6037	4268	3527	2417	1910	1424	1000	731	601	358	282
885	7791	6002	4310	3531	2377	1867	1399	981	735	580	382	280
886	7783	5961	4327	3517	2431	1884	1402	1001	720	582	379	263
887	7755	6044	4317	3514	2367	1896	1430	977	731	562	346	280
888	7637	6034	4338	3487	2416	1925	1439	993	748	573	392	270
889	7660	5949	4305	3542	2412	1876	1419	981	739	581	383	290
890	7746	6214	4311	3464	2422	1942	1407	1005	719	592	371	271
891	7633	5961	4334	3473	2423	1887	1369	1014	721	583	368	269
892	7791	6014	4307	3520	2403	1947	1420	987	732	573	381	279
893	7753	5855	4201	3530	2394	1863	1391	999	725	569	371	272
894	7672	5989	4308	3449	2370	1866	1403	997	723	575	373	266
895	7504	5974	4326	3497	2418	1927	1410	1006	734	583	388	283
896	7675	5865	4301	3479	2426	1924	1418	955	729	562	369	263
897	7798	5920	4480	3475	2387	1930	1340	991	718	580	386	254
898	7846	5960	4281	3474	2414	1879	1402	983	716	583	370	263
899	7795	6074	4356	3483	2422	1851	1406	936	743	583	385	276
900	7806	6087	4293	3479	2397	1849	1402	990	723	569	360	278
901	7589	6042	4261	3500	2419	1870	1430	999	765	588	369	283
902	7746	6193	4402	3513	2393	1843	1375	1006	715	573	366	279
903	7718	5986	4433	3504	2420	1842	1382	1003	740	587	371	294
904	7535	5908	4406	3473	2352	1909	1403	996	729	574	393	277
905	7730	5985	4436	3503	2395	1882	1404	992	734	589	368	288
906	7580	6054	4282	3553	2411	1875	1382	963	755	582	372	278
907	7614	5995	4467	3460	2423	1897	1403	993	729	591	377	286
908	7613	6056	4389	3470	2365	1866	1391	972	749	577	374	265
909	7701	6010	4313	3521	2381	1871	1412	999	750	591	373	272
910	7737	6044	4347	3513	2432	1898	1403	1002	720	594	381	261
911	7722	6077	4429	3482	2445	1866	1403	991	728	585	379	265
912	7646	5935	4225	3494	2415	1886	1361	995	735	562	381	277
913	7668	5922	4335	3467	2425	1875	1410	984	728	602	370	287
914	7619	5996	4346	3573	2430	1886	1403	983	753	586	375	276
915	7749	5992	4406	3437	2439	1887	1395	994	729	611	373	286
916	7604	5940	4371	3503	2350	1865	1406	974	734	607	386	276
917	7668	5968	4355	3399	2401	1843	1406	984	719	560	363	281
918	7684	6021	4471	3497	2416	1896	1378	1004	716	608	351	274
919	7734	6016	4366	3481	2444	1955	1397	993	721	583	399	288
920	7728	5960	4341	3461	2357	1842	1413	971	723	568	393	273
921	7619	5970	4379	3480	2426	1896	1425	1007	755	569	356	258
922	7664	5903	4386	3485	2385	1836	1388	963	720	597	364	271
923	7599	5955	4319	3497	2364	1907	1367	988	757	593	376	265
924	7660	6159	4263	3500	2458	1924	1436	975	769	561	386	275
925	7772	5952	4294	3459	2379	1871	1389	1019	745	599	369	284
926	7565	6052	4416	3516	2417	1887	1451	985	759	573	376	275
927	7864	5930	4416	3440	2470	1910	1442	986	709	586	378	272
928	7789	5902	4416	3444	2432	1932	1439	992	709	572	380	272
929	7855	6051	4358	3434	2424	1915	1413	987	703	590	377	275
930	7710	5998	4359	3427	2412	1884	1428	971	765	595	390	286
931	7564	6057	4250	3470	2381	1896	1434	1003	748	579	400	283
932	7738	5965	4433	3466	2373	1875	1389	1025	766	595	387	290
933	7776	6150	4336	3460	2453	1903	1417	977	742	555	392	278
934	7722	5967	4278	3471	2458	1843	1370	980	723	607	393	279
935	7616	6147	4365	3471	2432	1922	1380	963	759	580	389	271
936	7665	6023	4396	3461	2394	1877	1418	1006	719	565	386	272
937	7710	6110	4372	3496	2448	1880	1409	992	742	592	376	268
938	7593	5938	4356	3406	2440	1906	1452	973	727	594	364	276
939	7878	5943	4401	3457	2433	1899	1462	1005	760	612	391	274
940	7592	5886	4315	3444	2408	1897	1417	974	765	579	384	290
941	7805	5974	4302	3442	2374	1925	1422	1004	713	589	386	279
942	7629	6001	4317	3469	2426	1899	1439	1012	736	582	387	293
943	7945	5966	4361	3453	2425	1880	1417	980	730	589	370	275
944	7877	6062	4470	3414	2418	1903	1395	984	752	584	360	301
945	7646	5973	4299	3351	2407	1895	1402	981	757	577	372	286
946	7625	6142	4348	3528	2430	1898	1395	975	754	591	373	281
947	7717	6177	4302	3510	2437	1885	1428	988	762	603	386	266
948	7628	6118	4274	3458	2440	1913	1394	1004	733	573	375	272
949	7639	6062	4297	3429	2484	1894	1409	983	735	577	379	288
950	7612	6026	4518	3428	2415	1919	1427	974	748	582	385	287
951	7617	5982	4357	3449	2392	1908	1400	1002	723	581	367	269
952	7638	6055	4373	3435	2463	1893	1429	999	731	597	388	283
953	7617	5980	4386	3434	2444	1879	1395	992	721	581	390	270
954	7529	5980	4418	3484	2435	1874	1407	1019	721	590	368	267
955	7843	5995	4386	3509	2413	1948	1410	1005	718	606	351	285
956	7721	6152	4432	3533	2373	1863	1413	1013	736	590	377	303
957	7573	6021	4324	3523	2404	1860	1425	978	744	582	369	286
958	7688	5855	4386	3427	2374	1913	1397	1008	724	580	395	280
959	7532	6082	4428	3391	2432	1887	1410	978	770	596	389	284
960	7618	5861	4313	3523	2410	1898	1422	995	743	589	372	287
961	7713	5806	4257	3449	2465	1914	1415	966	727	586	361	283
962	7710	6086	4362	3454	2395	1863	1419	995	735	571	388	275
963	7605	5933	4295	3417	2403	1872	1426	993	720	588	392	297
964	7602	6023	4299	3448	2476	1942	1430	1007	708	579	370	282
965	7613	6061	4358	3439	2414	1902	1436	1009	719	559	390	282
966	7675	5975	4365	3460	2441	1831	1410	1015	750	596	365	276
967	7655	6038	4366	3496	2456	1895	1401	999	722	609	364	275
968	7615	6059	4259	3389	2425	1871	1451	993	759	592	380	273
969	7794	5907	4416	3480	2428	1846	1407	970	733	601	391	281
970	7858	5966	4434	3459	2434	1872	1389	1020	738	605	377	274
971	7523	6063	4250	3423	2499	1851	1427	993	753	585	378	287
972	7628	5911	4350	3434	2390	1910	1452	991	748	629	369	271
973	7712	6061	4432	3403	2461	1892	1420	992	729	614	374	285
974	7793	6040	4413	3422	2438	1915	1393	990	713	592	380	290
975	7581	5901	4341	3421	2425	1915	1424	1010	718	601	396	274
976	7657	6006	4344	3434	2461	1893	1395	983	748	612	368	271
977	7768	5926	4461	3482	2372	1899	1444	992	780	621	377	271
978	7841	5959	4448	3490	2457	1928	1430	996	749	580	381	287
979	7536	5908	4229	3458	2432	1879	1445	1006	747	580	373	281
980	7586	5952	4219	3467	2452	1883	1422	985	745	594	374	279
981	7549	5979	4285	3455	2455	1947	1419	992	718	601	374	286
982	7560	5943	4281	3539	2448	1895	1436	980	732	593	386	266
983	7632	5877	4419	3481	2427	1893	1425	998	743	610	383	276
984	7775	6099	4434	3485	2423	1897	1447	996	745	596	359	265
985	7687	6003	4376	3460	2490	1865	1418	984	723	612	379	294
986	7687	5987	4284	3398	2463	1893	1429	1002	729	596	388	278
987	7674	6033	4303	3460	2418	1876	1461	1016	766	584	374	278
988	7567	5979	4386	3445	2465	1926	1428	1038	756	574	372	268
989	7642	6038	4399	3427	2437	1953	1430	997	764	566	392	267
990	7695	5965	4383	3436	2396	1957	1450	996	747	609	366	286
991	7595	5946	4415	3503	2458	1911	1404	1012	708	590	376	291
992	7810	5969	4451	3471	2439	1880	1402	984	730	600	360	264
993	7683	6036	4432	3398	2457	1898	1447	992	722	614	393	286
994	7860	5927	4312	3461	2451	1915	1451	1011	748	619	373	269
995	7697	5939	4373	3425	2473	1916	1429	1006	773	599	373	278
996	7771	5912	4295	3464	2445	1918	1441	999	728	579	364	276
997	7921	6147	4410	3496	2413	1910	1425	987	736	594	390	282
998	7888	5945	4395	3451	2409	1915	1421	1018	740	600	389	290
999	7999	5946	4522	3468	2455	1876	1437	1013	737	593	367	275
