time	200	160	128	102.4	81.92	65.536	52.4288	41.94304	33.554432	26.8435456	21.47483648	17.179869184
0	117	100	90	81	61	58	56	53	45	48	49	40
1	138	124	111	89	75	54	58	51	48	50	44	42
2	209	159	128	99	77	62	59	54	48	47	47	46
3	345	184	155	116	70	70	58	53	51	46	54	47
4	530	223	180	121	97	66	57	55	48	50	51	54
5	801	270	220	133	99	69	60	62	54	47	44	43
6	1133	326	243	168	98	76	62	62	55	48	47	42
7	1497	377	305	174	96	72	68	60	52	50	48	47
8	1884	447	323	200	143	91	77	66	55	52	45	49
9	2311	539	408	246	154	85	79	71	56	54	48	50
10	2850	634	455	269	166	104	87	92	58	64	51	47
11	3417	765	537	328	197	113	113	93	76	68	49	44
12	4038	920	680	382	242	152	122	103	81	54	61	51
13	4677	1129	848	478	299	163	132	116	83	61	58	54
14	5278	1433	1099	605	364	208	170	124	97	66	52	48
15	5823	1739	1342	767	447	256	196	140	101	79	55	46
16	6477	2156	1704	993	575	307	229	154	114	76	63	55
17	6802	2650	2222	1261	691	386	286	176	148	89	71	53
18	7237	3258	2655	1634	854	453	351	197	155	92	70	57
19	7487	3845	3115	1936	1043	547	430	237	161	104	77	65
20	7808	4496	3590	2336	1251	654	503	259	198	115	93	58
21	8163	4991	3963	2690	1495	789	610	343	221	125	90	55
22	8092	5593	4407	3019	1723	906	693	359	256	127	106	64
23	8275	6094	4665	3360	2025	1073	811	395	265	151	111	67
24	8280	6468	4988	3618	2254	1205	927	457	299	187	121	77
25	8445	7013	5411	3972	2553	1368	1020	512	348	187	134	79
26	8412	7339	5550	4226	2799	1516	1183	569	398	215	163	86
27	8425	7667	5668	4400	2918	1673	1272	616	440	225	169	98
28	8378	7983	5879	4564	3090	1893	1452	705	475	270	168	93
29	8484	8391	6104	4711	3306	1996	1535	831	547	305	197	100
30	8350	8446	6137	4878	3488	2103	1647	850	566	311	205	116
31	8369	8706	6179	4909	3507	2314	1812	960	656	342	233	116
32	8246	8941	6287	5092	3776	2438	1899	1091	718	386	261	125
33	8347	8702	6374	5327	3898	2608	2070	1158	797	412	279	144
34	8292	8929	6376	5281	4045	2698	2127	1233	829	455	301	144
35	8322	8868	6452	5337	4070	2784	2242	1360	914	493	344	171
36	8262	8971	6546	5402	4236	2886	2348	1486	959	523	368	170
37	8268	9119	6550	5412	4362	3034	2455	1496	1075	578	373	181
38	8205	9088	6598	5564	4263	3203	2539	1660	1149	626	421	204
39	8362	9111	6719	5607	4406	3285	2590	1767	1265	671	460	214
40	8156	9156	6632	5672	4440	3243	2705	1772	1257	720	495	240
41	8231	9125	6698	5643	4584	3384	2761	1904	1321	779	533	246
42	8349	9296	6709	5726	4623	3498	2903	2044	1432	835	562	295
43	8184	9088	6714	5740	4721	3543	2884	2037	1468	865	601	274
44	8128	9056	6651	5771	4686	3527	2910	2189	1586	876	653	303
45	8185	9040	6611	5734	4717	3617	2977	2155	1603	947	654	322
46	8220	9169	6725	5832	4712	3657	3008	2312	1649	1041	730	370
47	7978	9137	6593	5724	4709	3724	2999	2232	1771	1054	765	369
48	8043	9150	6652	5869	4701	3733	3104	2391	1795	1096	789	361
49	8216	9292	6789	5894	4845	3815	3094	2459	1866	1145	794	417
50	8042	9082	6712	5765	4786	3733	3090	2481	1918	1197	855	434
51	8130	9061	6579	5783	4787	3817	3179	2448	1910	1207	873	459
52	8054	9036	6605	5788	4762	3778	3169	2577	1939	1274	943	493
53	7967	9030	6596	5804	4744	3772	3165	2564	2003	1370	927	522
54	7954	8976	6664	5767	4853	3855	3329	2648	2066	1352	1008	539
55	7983	8968	6644	5732	4859	3886	3175	2582	2102	1386	1023	565
56	7939	8896	6644	5736	4828	3841	3237	2662	2106	1441	1067	577
57	7929	8955	6699	5728	4824	3939	3302	2758	2134	1454	1128	584
58	7934	8990	6693	5766	4775	3874	3244	2667	2165	1499	1126	639
59	7871	9053	6511	5697	4781	3946	3265	2782	2262	1530	1164	655
60	7855	8868	6570	5759	4832	3960	3255	2857	2261	1599	1197	706
61	7839	8929	6668	5762	4863	4021	3266	2819	2302	1592	1236	689
62	7923	9076	6619	5747	4862	3972	3290	2775	2275	1639	1214	742
63	7815	8898	6656	5714	4759	3966	3353	2707	2328	1624	1287	756
64	7915	9001	6672	5787	4825	4001	3351	2789	2380	1673	1329	778
65	7741	8967	6574	5809	4898	4005	3354	2797	2373	1696	1299	773
66	7852	8810	6611	5704	4837	3977	3373	2795	2401	1748	1371	845
67	7777	8858	6532	5799	4838	3975	3285	2757	2429	1790	1372	849
68	7801	8946	6705	5741	4825	4024	3360	2827	2440	1776	1378	856
69	7842	8869	6529	5748	4832	4021	3322	2807	2470	1808	1458	890
70	7734	8813	6577	5706	4899	4015	3359	2899	2491	1828	1478	885
71	7672	9003	6589	5724	4802	3946	3343	2887	2515	1835	1440	956
72	7710	8809	6542	5692	4837	4051	3379	2928	2552	1815	1509	962
73	7770	8849	6545	5702	4870	4027	3327	2862	2502	1853	1512	962
74	7714	8714	6613	5708	4784	4083	3343	2941	2577	1881	1524	1016
75	7628	8797	6641	5671	4859	4051	3408	2915	2590	1918	1552	1035
76	7753	8842	6611	5804	4874	4098	3446	2949	2635	1853	1585	1019
77	7660	8776	6595	5746	4890	4132	3387	2994	2582	1899	1617	1063
78	7768	8825	6596	5714	4939	4114	3497	3014	2650	1975	1624	1085
79	7682	8802	6563	5730	4795	4155	3418	2961	2623	1948	1622	1087
80	7718	8723	6694	5804	4795	4133	3450	3031	2694	1972	1595	1111
81	7737	8756	6694	5743	4878	4144	3483	3016	2669	2028	1671	1135
82	7614	8723	6601	5825	4857	4110	3448	2986	2659	1968	1655	1155
83	7631	8781	6540	5809	4857	4098	3448	2982	2689	1995	1648	1133
84	7578	8693	6595	5710	4832	4003	3469	3008	2643	2015	1685	1159
85	7597	8582	6570	5709	4876	4096	3433	3088	2649	2026	1668	1198
86	7691	8877	6581	5797	4912	4164	3468	3038	2681	2020	1657	1194
87	7747	8676	6581	5701	4946	4068	3565	3097	2634	2044	1692	1181
88	7714	8762	6625	5704	4853	4160	3431	3055	2688	2045	1679	1206
89	7520	8710	6516	5652	4768	3999	3465	3022	2662	2042	1692	1224
90	7583	8682	6539	5643	4768	4024	3502	3006	2639	2025	1717	1225
91	7656	8643	6619	5717	4787	4069	3513	3041	2632	2049	1741	1244
92	7604	8663	6464	5662	4812	4080	3475	2984	2679	2022	1730	1232
93	7529	8595	6412	5599	4731	3985	3467	3112	2670	2064	1748	1232
94	7634	8659	6466	5641	4714	4069	3448	3027	2661	2054	1711	1298
95	7599	8560	6534	5593	4762	4099	3459	3042	2670	2119	1783	1269
96	7575	8759	6492	5653	4781	4157	3493	3087	2732	2099	1705	1297
97	7571	8628	6527	5657	4767	4092	3456	3073	2721	2055	1743	1301
98	7520	8515	6389	5578	4743	4049	3460	3072	2719	2121	1769	1293
99	7502	8752	6415	5614	4729	4030	3379	3044	2746	2101	1785	1298
100	7666	8564	6424	5566	4820	4065	3485	3043	2771	2126	1784	1283
101	7588	8852	6559	5552	4882	4105	3501	3122	2791	2114	1804	1340
102	7512	8576	6395	5527	4761	4086	3431	3091	2749	2097	1832	1351
103	7485	8656	6576	5540	4753	4096	3433	3082	2788	2090	1727	1324
104	7507	8583	6490	5589	4742	4062	3470	3080	2780	2136	1784	1332
105	7514	8815	6600	5560	4762	4070	3484	3085	2831	2159	1786	1364
106	7461	8575	6423	5550	4776	4061	3461	3114	2779	2107	1772	1331
107	7376	8722	6464	5529	4742	4096	3468	3151	2806	2145	1798	1415
108	7486	8510	6477	5587	4741	4002	3472	3136	2818	2117	1773	1392
109	7508	8486	6428	5663	4753	4054	3481	3107	2806	2128	1770	1397
110	7558	8304	6384	5556	4773	4068	3500	3081	2792	2116	1794	1358
111	7468	8506	6410	5464	4798	4136	3513	3095	2823	2133	1818	1397
112	7569	8621	6478	5578	4817	4103	3522	3104	2908	2173	1828	1383
113	7525	8574	6478	5624	4766	4168	3538	3184	2839	2129	1781	1349
114	7601	8295	6448	5605	4755	4171	3531	3182	2869	2161	1776	1449
115	7513	8309	6418	5524	4804	4155	3559	3173	2544	2151	1758	1393
116	7567	8418	6399	5521	4762	4208	3602	3180	2542	2124	1828	1404
117	7379	8388	6445	5482	4728	4158	3528	3134	2540	2115	1812	1404
118	7463	8370	6378	5521	4779	4229	3548	3192	2542	2180	1771	1445
119	7426	8289	6456	5495	4729	4079	3495	3077	2511	2228	1672	1411
120	7466	8326	6418	5430	4703	4091	3465	3089	2512	2172	1699	1395
121	7494	8360	6421	5527	4674	4153	3472	3228	2544	2137	1694	1471
122	7397	8235	6314	5522	4761	4107	3498	3169	2547	2125	1689	1428
123	7428	8280	6410	5504	4682	4084	3545	3181	2529	2133	1660	1450
124	7568	8294	6392	5521	4788	4083	3579	3158	2573	2193	1732	1421
125	7369	8161	6302	5543	4753	4098	3553	3095	2534	2174	1679	1465
126	7370	8185	6379	5485	4682	4110	3527	3181	2562	2139	1720	1409
127	7413	8150	6318	5508	4740	4174	3555	3122	2563	2167	1678	1460
128	7489	8209	6407	5553	4761	4143	3600	3206	2610	2165	1696	1469
129	7420	7979	6350	5468	4665	4176	3554	3165	2561	2172	1702	1452
130	7471	8306	6414	5466	4784	4092	3595	3186	2612	2190	1688	1473
131	7422	8234	6445	5420	4719	4173	3587	3137	2544	2139	1712	1474
132	7345	8174	6416	5426	4742	4189	3654	3199	2598	2158	1720	1457
133	7308	8211	6263	5416	4713	4169	3484	3137	2615	2129	1695	1432
134	7560	8201	6396	5515	4766	4163	3570	3264	2675	2186	1757	1483
135	7383	8314	6268	5478	4859	4234	3607	3192	2645	2164	1689	1488
136	7381	8207	6235	5379	4696	4188	3554	3157	2692	2154	1760	1446
137	7382	8191	6260	5418	4786	4247	3618	3221	2636	2151	1694	1466
138	7417	8124	6405	5544	4802	4306	3650	3164	2692	2198	1747	1485
139	7380	8134	6366	5402	4746	4284	3638	3113	2640	2163	1720	1451
140	7424	8205	6336	5444	4758	4224	3667	3174	2675	2130	1769	1465
141	7296	8252	6370	5451	4832	4228	3612	3209	2620	2164	1732	1457
142	7481	8130	6275	5401	4748	4226	3570	3179	2631	2147	1726	1462
143	7375	8143	6354	5356	4807	4241	3601	3164	2695	2154	1756	1496
144	7472	8270	6406	5473	4799	4246	3727	3209	2670	2167	1826	1528
145	7394	8331	6345	5397	4798	4214	3657	3171	2660	2217	1755	1490
146	7394	8364	6338	5369	4711	4250	3698	3183	2693	2182	1770	1468
147	7266	8314	6315	5463	4831	4254	3667	3153	2663	2185	1754	1494
148	7482	8402	6359	5402	4754	4337	3696	3194	2726	2191	1736	1495
149	7345	8257	6241	5394	4779	4244	3679	3194	2708	2192	1747	1486
150	7310	8176	6312	5414	4774	4226	3699	3205	2630	2186	1734	1465
151	7356	8070	6253	5445	4691	4148	3628	3223	2645	2117	1735	1511
152	7229	8106	6317	5391	4767	4258	3768	3208	2638	2210	1766	1451
153	7368	8119	6298	5373	4797	4278	3665	3209	2716	2178	1751	1453
154	7298	8350	6305	5484	4869	4351	3732	3199	2680	2230	1780	1489
155	7231	8140	6205	5365	4834	4237	3671	3229	2706	2141	1787	1502
156	7382	8246	6252	5445	4774	4288	3725	3228	2693	2223	1771	1482
157	7265	8135	6312	5430	4745	4321	3637	3203	2711	2155	1766	1467
158	7300	8280	6211	5449	4718	4218	3695	3263	2651	2196	1793	1492
159	7290	8363	6252	5440	4846	4356	3740	3266	2751	2209	1782	1479
160	7266	8274	6165	5348	4702	4244	3707	3210	2654	2184	1816	1507
161	7325	8298	6200	5423	4786	4395	3717	3199	2705	2194	1803	1484
162	7179	8241	6275	5336	4783	4217	3686	3222	2691	2215	1894	1487
163	7384	8423	6275	5396	4853	4329	3725	3213	2735	2208	1844	1509
164	7337	8385	6385	5394	4838	4380	3801	3214	2724	2269	1888	1487
165	7216	8184	6152	5409	4779	4355	3767	3232	2743	2225	1864	1487
166	7270	8321	6273	5299	4789	4365	3744	3225	2686	2202	1889	1505
167	7289	8338	6338	5315	4781	4397	3747	3182	2701	2205	1873	1504
168	7286	8368	6309	5360	4850	4369	3845	3235	2742	2238	1856	1564
169	7265	8323	6243	5275	4728	4366	3785	3181	2679	2191	1878	1463
170	7293	8315	6234	5196	4811	4360	3809	3223	2651	2230	1862	1486
171	7241	8278	6203	5291	4843	4422	3834	3188	2626	2206	1863	1441
172	7360	8352	6224	5384	4875	4438	3906	3233	2675	2240	1900	1456
173	7281	8308	6343	5287	4778	4350	3809	3255	2698	2236	1890	1508
174	7407	8373	6268	5298	4882	4366	3827	3247	2747	2217	1877	1485
175	7240	8203	6195	5312	4766	4336	3849	3207	2679	2227	1848	1502
176	7281	8291	6266	5270	4802	4435	3826	3258	2692	2214	1869	1489
177	7242	8282	6110	5312	4805	4418	3803	3208	2700	2193	1888	1499
178	7279	8196	6228	5265	4822	4368	3755	3184	2716	2164	1899	1514
179	7181	8134	6165	5304	4758	4351	3786	3197	2695	2195	1839	1495
180	7232	8139	6147	5300	4770	4299	3740	3214	2730	2239	1869	1488
181	7168	8139	6144	5342	4782	4274	3767	3233	2674	2191	1857	1498
182	7229	8192	6105	5201	4754	4335	3816	3231	2691	2199	1856	1457
183	7117	8228	6295	5250	4850	4446	3862	3206	2638	2215	1890	1559
184	7125	8226	6079	5274	4860	4370	3849	3185	2724	2215	1897	1462
185	7221	8263	6195	5305	4774	4375	3819	3209	2714	2212	1871	1480
186	7105	8217	6260	5145	4776	4406	3905	3204	2725	2230	1858	1505
187	7147	8234	6265	5206	4746	4359	3782	3231	2665	2222	1916	1538
188	7108	8126	6082	5294	4758	4299	3836	3228	2723	2250	1859	1523
189	7141	8192	6139	5187	4785	4377	3798	3251	2667	2190	1802	1500
190	7178	8205	6309	5230	4749	4293	3936	3261	2651	2245	1909	1488
191	7073	8206	6199	5215	4779	4435	3821	3224	2669	2209	1869	1468
192	7057	8119	6085	5162	4762	4359	3815	3191	2660	2232	1892	1453
193	7009	8128	6138	5178	4831	4330	3863	3235	2649	2231	1864	1466
194	7089	8189	6143	5192	4714	4343	3835	3249	2685	2202	1874	1487
195	7021	8270	6103	5261	4772	4403	3809	3212	2710	2169	1846	1514
196	7020	8216	6076	5194	4757	4357	3868	3189	2668	2260	1864	1434
197	7033	8204	6075	5175	4733	4411	3789	3214	2682	2242	1867	1440
198	7107	8190	6090	5193	4770	4345	3870	3173	2719	2318	1838	1490
199	7026	8299	6095	5197	4796	4443	3831	3236	2722	2276	1862	1474
200	7084	8223	6028	5152	4884	4368	3907	3131	2682	2224	1866	1473
201	7054	8190	5986	5200	4808	4455	3893	3220	2627	2295	1915	1491
202	7013	8113	6021	5225	4768	4438	3855	3197	2695	2227	1908	1446
203	7021	8199	6054	5144	4793	4417	3838	3258	2679	2284	1875	1495
204	7072	8160	6075	5145	4733	4404	3823	3204	2649	2286	1852	1446
205	7159	8169	6165	5175	4787	4468	3863	3252	2629	2257	1908	1486
206	7081	8178	6060	5145	4743	4431	3830	3248	2660	2298	1847	1469
207	7096	8248	6013	5155	4732	4402	3870	3232	2681	2238	1915	1452
208	6968	8197	6051	5075	4713	4339	3901	3205	2685	2266	1866	1471
209	7088	8267	6042	5089	4744	4411	3867	3291	2690	2289	1884	1455
210	7112	8252	5944	5131	4760	4382	3846	3118	2720	2255	1843	1410
211	7110	8131	5952	5091	4703	4404	3835	3214	2684	2245	1907	1436
212	6994	8109	6035	5160	4803	4396	3832	3188	2737	2256	1933	1469
213	6998	8182	6082	5191	4775	4441	3829	3254	2722	2270	1909	1461
214	6932	8200	6013	5170	4776	4433	3893	3246	2703	2283	1854	1454
215	7074	8299	6020	5126	4805	4437	3879	3173	2687	2270	1834	1449
216	7089	8118	6045	5112	4807	4453	3807	3200	2649	2219	1864	1466
217	7011	8071	5946	5085	4751	4380	3889	3177	2659	2256	1833	1425
218	7032	8100	6015	5138	4738	4425	3893	3209	2678	2249	1904	1425
219	7011	8156	6056	5006	4733	4429	3821	3209	2647	2269	1858	1482
220	7097	8093	6065	5129	4759	4483	3822	3238	2683	2247	1870	1479
221	7080	8200	5978	5127	4736	4378	3850	3226	2699	2207	1860	1459
222	7130	8132	6162	5149	4783	4446	3890	3257	2676	2270	1877	1476
223	7053	8097	5936	5217	4691	4434	3827	3179	2648	2259	1889	1443
224	7079	8269	6080	5209	4729	4427	3891	3187	2657	2297	1858	1450
225	6960	8194	6035	5138	4689	4368	3830	3204	2671	2256	1826	1408
226	6910	8208	6026	5130	4671	4430	3857	3171	2661	2256	1880	1448
227	6999	8124	5999	5106	4729	4458	3854	3196	2670	2215	1862	1433
228	7006	8084	6000	5207	4783	4494	3843	3160	2665	2298	1878	1448
229	6915	8103	6017	5083	4707	4499	3873	3174	2704	2271	1838	1482
230	7005	8106	6027	5097	4825	4550	3903	3189	2680	2239	1854	1421
231	6928	8086	5975	5123	4800	4561	3814	3174	2731	2271	1859	1407
232	7098	8091	5913	5177	4806	4513	3930	3184	2696	2276	1887	1450
233	7052	8241	5948	5114	4815	4458	3875	3140	2708	2201	1834	1397
234	6946	8166	5943	5120	4789	4490	3837	3201	2723	2231	1801	1442
235	6988	8311	6037	5121	4736	4469	3865	3130	2674	2268	1858	1419
236	6939	8286	5900	5129	4852	4545	3869	3183	2748	2275	1871	1449
237	6940	8264	6006	5146	4802	4514	3859	3131	2703	2267	1832	1443
238	6972	8122	5940	5075	4739	4548	3801	3153	2672	2248	1857	1447
239	7061	8171	5924	5119	4795	4516	3808	3201	2701	2300	1874	1482
240	7055	8258	5996	5085	4800	4472	3867	3152	2756	2228	1892	1419
241	7083	8328	5987	5242	4791	4559	3914	3223	2662	2257	1880	1429
242	6990	8227	6000	5116	4866	4490	3913	3181	2654	2211	1883	1480
243	7033	8308	5902	5139	4855	4516	3852	3182	2690	2241	1862	1440
244	6992	8379	5993	5197	4808	4532	3927	3167	2736	2271	1835	1428
245	6990	8134	5997	5146	4866	4446	3857	3131	2690	2255	1848	1419
246	7071	8162	5903	5136	4866	4574	3869	3132	2679	2227	1874	1446
247	7141	8151	5858	5136	4808	4569	3894	3134	2706	2241	1910	1434
248	7179	8225	5896	5162	4802	4485	3826	3202	2698	2210	1868	1440
249	7099	8203	5930	5219	4796	4535	3913	3134	2685	2237	1846	1389
250	7171	8286	5993	5194	4884	4617	3879	3187	2711	2256	1844	1421
251	7214	8243	6034	5150	4842	4602	3913	3158	2694	2268	1851	1369
252	7079	8159	5936	5069	4895	4518	3791	3133	2669	2241	1858	1407
253	7112	8157	5913	5174	4836	4566	3907	3139	2687	2297	1852	1429
254	7168	8106	5975	5126	4806	4491	3833	3079	2679	2303	1853	1409
255	7215	8220	6024	5076	4856	4503	3896	3102	2689	2260	1860	1406
256	7194	8298	5946	5220	4887	4613	3883	3140	2703	2276	1824	1458
257	7121	8193	6036	5148	4817	4586	3829	3174	2704	2223	1865	1416
258	6983	8169	5934	5108	4805	4517	3872	3146	2705	2187	1814	1439
259	7176	8189	5917	5072	4852	4541	3818	3186	2645	2268	1855	1452
260	7099	8228	5937	5071	4858	4546	3860	3152	2751	2243	1821	1422
261	7068	8158	5938	5088	4845	4533	3949	3124	2794	2245	1806	1436
262	7150	8216	5915	5081	4798	4625	3974	3130	2808	2212	1871	1465
263	7073	8158	5892	5095	4819	4590	3795	3125	2812	2249	1843	1403
264	7171	8143	5971	5148	4885	4586	3937	3149	2879	2282	1830	1394
265	7104	8256	6003	5049	4947	4580	3934	3089	2828	2270	1870	1453
266	7057	8250	5928	5184	4861	4570	3943	3188	2777	2272	1827	1444
267	7094	8116	5846	5182	4900	4514	3880	3177	2787	2252	1834	1391
268	7062	8144	5915	5021	4910	4613	3928	3207	2827	2225	1877	1419
269	7093	8091	5976	5094	4754	4434	3867	3130	2751	2241	1886	1402
270	7153	8283	6049	5149	4866	4623	3932	3121	2841	2243	1912	1430
271	7091	8199	5942	5081	4893	4617	3869	3182	2841	2282	1895	1398
272	7091	8190	5893	5132	4875	4540	3943	3107	2765	2280	1877	1399
273	7014	8158	5855	5133	4879	4599	3950	3107	2766	2318	1858	1342
274	7138	8224	5929	5135	4887	4618	3796	3229	2798	2312	1891	1425
275	7200	8301	5895	5164	4983	4667	3993	3154	2779	2279	1909	1448
276	7162	8158	6055	5162	4896	4649	4001	3085	2750	2286	1896	1430
277	6980	8159	5916	5174	4886	4579	3873	3149	2773	2243	1863	1414
278	7049	8181	5908	5078	4881	4625	3841	3184	2699	2239	1900	1442
279	7058	8206	5953	5188	4941	4611	3869	3237	2768	2241	1885	1455
280	7185	8282	5972	5164	4942	4605	3942	3176	2785	2261	1835	1442
281	7106	8135	5985	5235	4943	4624	3869	3161	2753	2263	1841	1415
282	7062	8112	5891	5109	4908	4583	3942	3168	2755	2257	1843	1461
283	7044	8162	5937	5057	4887	4641	3926	3150	2705	2252	1835	1404
284	7017	8207	5967	5055	4896	4604	3939	3176	2742	2330	1806	1449
285	7083	8159	5844	5053	4901	4554	3883	3130	2705	2265	1850	1411
286	7160	8087	5864	5127	4934	4641	3891	3141	2784	2269	1835	1419
287	7062	8142	5849	5051	4939	4628	3934	3203	2730	2252	1850	1414
288	7051	8165	5865	5078	4893	4643	3992	3146	2708	2203	1856	1412
289	7008	8222	5841	5114	4867	4624	3897	3139	2707	2264	1854	1411
290	7093	8152	5882	5160	4881	4618	3858	3156	2762	2243	1849	1406
291	7292	8140	5915	5052	4923	4635	3915	3108	2727	2194	1834	1426
292	7074	8209	5843	5013	4920	4680	3937	3158	2773	2215	1838	1420
293	7140	8161	5941	5052	4913	4613	3951	3167	2788	2241	1825	1431
294	7238	8209	6030	5088	4939	4605	3949	3172	2760	2236	1867	1447
295	7164	8314	5951	5154	4940	4629	3966	3109	2716	2279	1876	1426
296	7069	8191	5905	5009	4909	4608	3831	3192	2739	2242	1877	1405
297	7025	8162	5844	5071	4967	4532	3920	3204	2778	2260	1887	1423
298	7091	8216	5892	5055	4901	4535	3905	3217	2730	2240	1845	1417
299	7117	8204	5923	5026	4918	4631	3877	3148	2765	2216	1873	1426
300	7121	8029	5929	5111	4923	4593	3932	3180	2703	2173	1865	1400
301	7250	8212	5986	5086	4859	4670	3906	3090	2726	2224	1836	1417
302	7124	8085	5853	5028	4877	4579	3890	3172	2688	2230	1834	1422
303	7213	8193	6007	5202	4929	4661	3938	3139	2747	2270	1799	1410
304	7025	8276	5937	5006	4841	4635	3935	3177	2719	2206	1851	1403
305	7166	8047	5953	5047	4912	4582	3968	3125	2740	2222	1871	1453
306	7107	8143	5834	5030	4883	4645	3862	3179	2750	2246	1873	1393
307	7171	8255	6035	5120	4911	4577	3919	3138	2777	2235	1846	1396
308	7121	8185	5844	5052	4899	4631	3923	3159	2741	2216	1834	1484
309	7165	8171	5835	5043	4864	4591	3967	3142	2731	2212	1865	1400
310	6997	8151	5888	5070	4879	4681	3921	3169	2690	2191	1881	1439
311	7144	8161	5819	4951	4926	4670	3950	3040	2696	2251	1865	1399
312	7091	8077	5844	5072	4906	4609	3918	3216	2679	2235	1843	1420
313	7130	8166	5921	5014	4852	4654	3899	3106	2609	2239	1848	1409
314	7058	8076	5970	5039	4930	4644	3904	3097	2751	2204	1821	1427
315	7055	8087	5824	5144	4991	4645	3887	3160	2760	2215	1850	1432
316	7209	8178	5823	5205	4913	4685	3939	3110	2785	2197	1841	1426
317	7086	8071	5808	5094	4847	4615	3878	3098	2683	2224	1830	1435
318	7128	8212	5890	5152	4934	4631	3907	3149	2770	2237	1812	1434
319	7134	8302	5996	5156	4897	4661	3907	3102	2733	2211	1798	1435
320	7030	8162	5809	5089	4898	4558	3961	3120	2698	2201	1794	1384
321	7066	8101	5909	5021	4874	4541	3882	3114	2768	2257	1818	1406
322	7140	8014	5838	5092	4926	4624	3912	3134	2670	2178	1829	1378
323	7109	8145	5864	5109	4918	4564	3930	3194	2755	2201	1852	1417
324	7144	8279	5959	5079	4814	4653	3938	3140	2705	2148	1828	1414
325	7076	8241	5922	5088	4892	4601	3909	3112	2690	2192	1852	1404
326	7070	8205	5956	5065	4935	4594	3991	3119	2681	2244	1854	1396
327	7062	8105	5977	5055	4933	4610	3927	3125	2758	2274	1815	1404
328	7074	8122	5884	4977	4881	4606	3908	3154	2712	2194	1865	1376
329	7171	8144	5946	5096	5012	4686	3975	3161	2696	2242	1856	1393
330	7031	8115	5923	4967	4875	4614	3907	3165	2680	2204	1836	1413
331	7195	8254	5855	5073	5003	4680	3946	3183	2750	2247	1864	1384
332	7109	8091	5886	5083	4858	4678	3855	3114	2695	2176	1827	1404
333	7148	8178	5877	5102	5010	4578	3881	3150	2706	2215	1847	1395
334	7144	8369	5869	5058	4941	4659	3902	3115	2702	2237	1881	1404
335	7034	8113	5807	5005	4965	4631	3814	3108	2711	2192	1846	1393
336	7046	8132	5804	5069	4996	4600	3824	3092	2661	2198	1837	1394
337	6993	8071	5780	5010	4929	4580	3872	3102	2652	2200	1846	1402
338	7075	8267	5825	5028	4969	4598	3901	3099	2703	2137	1867	1418
339	6979	8074	5815	4986	4901	4634	3872	3103	2648	2214	1779	1379
340	7098	8091	5726	5015	4941	4632	3863	3039	2633	2199	1793	1395
341	7097	8215	5807	5094	4959	4545	3920	3118	2708	2183	1865	1393
342	7153	8253	5802	5106	4900	4501	3871	3058	2651	2080	1855	1394
343	7199	8183	5920	5047	4949	4616	3921	3102	2708	2229	1855	1387
344	7146	8084	5771	4941	4921	4550	3898	3141	2681	2217	1825	1348
345	7100	8029	5782	4961	5000	4590	3858	3098	2704	2185	1855	1381
346	7097	8161	5839	5003	4966	4626	3839	3081	2773	2134	1804	1367
347	7136	8175	5875	5054	4909	4582	3839	3114	2710	2216	1830	1388
348	7013	8200	5778	5007	5000	4597	3946	3114	2663	2182	1815	1382
349	7068	8047	5756	5030	4884	4593	3851	3134	2737	2200	1820	1379
350	7047	8130	5807	4998	4957	4630	3904	3129	2759	2149	1907	1413
351	7028	8256	5830	4972	4911	4587	3858	3098	2716	2198	1855	1381
352	7138	8253	5864	5075	4967	4611	3851	3157	2669	2205	1867	1406
353	6974	8068	5833	5059	4933	4570	3921	3182	2701	2162	1834	1382
354	7079	8045	5801	4942	4934	4527	3924	3102	2646	2130	1821	1375
355	7077	8160	5767	4993	4938	4641	3869	3130	2637	2203	1815	1376
356	8900	8230	5786	5095	4940	4598	3861	3116	2669	2160	1839	1402
357	8837	8157	5869	5086	5049	4610	3880	3161	2667	2163	1875	1400
358	8845	8175	5788	5018	4942	4626	3840	3158	2654	2184	1831	1362
359	8917	8189	5749	4965	4892	4577	3894	3081	2688	2178	1847	1391
360	9060	8207	5833	4971	4956	4605	3879	3071	2641	2236	1815	1406
361	8808	8107	5815	5015	4854	4580	3839	3065	2643	2142	1843	1402
362	8785	7995	5791	5035	4945	4608	3824	3048	2643	2206	1838	1389
363	8821	8056	5702	5001	4977	4587	3910	3120	2608	2178	1846	1386
364	8785	8130	5704	5056	4938	4531	3854	3088	2668	2177	1845	1362
365	8872	8165	5780	4978	4890	4533	3819	3124	2644	2174	1908	1398
366	8791	8144	5800	5072	4858	4583	3882	3073	2636	2222	1873	1385
367	8898	8160	5748	4958	4929	4542	3816	3064	2682	2179	1896	1373
368	8785	8083	5786	4969	4897	4510	3895	3087	2697	2195	1815	1404
369	8792	8149	5818	5083	4943	4623	3875	3074	2664	2154	1831	1366
370	8876	8133	5710	5049	4935	4568	3875	3079	2645	2157	1828	1393
371	8733	8146	5737	4917	4975	4598	3856	3087	2669	2186	1832	1382
372	8831	8048	5805	4961	4944	4552	3839	3135	2639	2161	1841	1387
373	8707	8002	5810	5032	4932	4628	3882	3079	2671	2174	1837	1363
374	8907	8031	5817	5028	4928	4549	3869	3112	2610	2140	1830	1408
375	8812	8124	5718	5016	4989	4520	3822	3014	2639	2147	1804	1373
376	8794	8037	5743	5017	4959	4563	3852	3084	2682	2159	1793	1362
377	8751	8129	5786	4982	4888	4509	3882	3020	2687	2190	1841	1327
378	8839	8206	5811	5015	4919	4549	3859	3121	2650	2193	1822	1394
379	8841	8181	5760	5004	4933	4577	3864	3117	2641	2215	1811	1345
380	8723	8060	5775	5003	4914	4550	3860	3111	2664	2162	1833	1381
381	8860	8135	5716	5021	4931	4487	3845	3111	2655	2169	1799	1356
382	8630	8087	5730	5016	4971	4565	3810	3045	2726	2152	1839	1362
383	8806	8159	5785	5029	5016	4578	3818	3047	2692	2155	1797	1363
384	8777	8007	5819	5000	4973	4582	3890	3059	2636	2158	1820	1365
385	8802	8198	5818	4950	5006	4529	3818	3082	2654	2179	1818	1372
386	8822	8082	5731	4939	4947	4538	3842	3079	2639	2182	1798	1350
387	8722	8062	5689	4981	4956	4530	3835	3090	2655	2125	1863	1367
388	8740	8091	5740	4935	4926	4589	3895	3087	2631	2147	1822	1375
389	8682	8040	5732	4978	4902	4522	3804	3082	2661	2167	1834	1379
390	8625	8062	5748	4998	4891	4508	3843	3043	2650	2170	1756	1345
391	8853	8101	5741	5088	4882	4480	3751	3110	2723	2156	1865	1365
392	8712	8174	5696	4925	4867	4466	3745	3088	2633	2110	1866	1360
393	8689	8101	5719	4945	4917	4496	3765	3080	2638	2175	1793	1352
394	8740	8046	5803	5028	4878	4514	3833	3158	2630	2124	1774	1361
395	8755	8070	5738	4990	4940	4546	3804	3101	2676	2155	1799	1412
396	8778	8056	5676	4946	4934	4547	3851	3123	2636	2137	1848	1346
397	8746	8140	5697	5008	4923	4510	3812	3116	2674	2141	1830	1374
398	8701	7981	5658	5018	4843	4509	3816	3134	2581	2142	1821	1357
399	8741	8156	5682	4968	4846	4442	3771	3089	2624	2145	1840	1365
400	8887	8203	5803	5049	4917	4567	3852	3088	2638	2157	1785	1377
401	8765	8115	5735	4972	4863	4525	3858	3114	2638	2167	1783	1369
402	8602	8025	5685	4934	4941	4501	3845	3073	2631	2170	1767	1346
403	8688	7985	5767	4969	4903	4523	3822	3063	2632	2095	1757	1359
404	8665	7964	5735	4967	4887	4509	3824	3123	2640	2168	1780	1365
405	8715	8057	5650	5007	4898	4540	3848	3029	2622	2125	1810	1392
406	8720	8124	5729	5035	4892	4541	3814	3049	2628	2105	1836	1371
407	8699	8016	5690	4922	4900	4534	3806	3156	2656	2160	1797	1356
408	8759	8143	5788	5103	4897	4572	3920	3095	2666	2192	1776	1395
409	8806	8065	5861	5003	4882	4483	3840	3121	2605	2192	1782	1370
410	8743	8015	5742	4994	4887	4509	3796	3106	2631	2172	1783	1374
411	8795	7981	5738	5050	4844	4437	3761	3110	2606	2112	1774	1355
412	8711	8120	5787	5034	4894	4548	3813	3107	2641	2114	1779	1364
413	8709	8153	5751	5010	4970	4524	3806	3085	2671	2201	1812	1334
414	8673	8015	5709	4970	4890	4466	3794	3136	2589	2125	1774	1379
415	8778	8035	5659	4970	4849	4507	3816	3093	2582	2139	1799	1349
416	8644	8125	5641	4952	4907	4471	3850	3133	2620	2150	1804	1376
417	8807	8062	5667	4902	4866	4485	3817	3124	2616	2163	1778	1362
418	8748	8015	5761	4960	4854	4531	3803	3079	2608	2131	1769	1354
419	8756	7981	5767	5001	4883	4477	3792	3065	2605	2118	1815	1374
420	8731	8085	5703	5016	4829	4475	3789	3181	2590	2175	1758	1358
421	8653	8039	5686	5053	4865	4485	3809	3088	2569	2138	1816	1355
422	8730	8103	5721	4945	4857	4438	3744	3081	2692	2155	1791	1318
423	8652	7993	5723	5022	4907	4465	3811	3101	2606	2164	1784	1332
424	8678	8101	5758	5004	4920	4450	3761	3097	2602	2151	1770	1358
425	8796	7964	5662	4922	4855	4449	3851	3069	2579	2153	1759	1337
426	8627	8000	5653	4917	4939	4410	3752	3097	2651	2118	1778	1358
427	8680	7935	5689	4889	4905	4463	3782	3166	2585	2152	1747	1359
428	8690	7934	5703	4838	4886	4464	3754	3068	2591	2111	1777	1342
429	8694	8061	5799	4942	4893	4467	3719	3121	2580	2142	1807	1385
430	8716	8106	5771	4971	4873	4474	3813	3103	2664	2109	1766	1357
431	8714	7931	5649	5024	4897	4524	3815	3106	2484	2120	1756	1352
432	8638	8106	5719	5053	4867	4439	3801	3104	2628	2121	1734	1340
433	8716	8065	5693	4929	4838	4458	3728	3107	2611	2117	1817	1357
434	8732	7865	5682	4968	4894	4446	3732	3100	2640	2159	1809	1319
435	8779	8011	5677	5010	4950	4338	3735	3109	2589	2120	1793	1343
436	8732	8077	5708	4983	4858	4444	3726	3081	2617	2141	1810	1333
437	8729	8071	5706	4999	4861	4464	3744	3073	2616	2079	1766	1315
438	8744	8089	5763	5020	4946	4501	3816	3136	2609	2131	1812	1340
439	8692	7989	5669	4911	4807	4500	3775	3068	2572	2069	1703	1338
440	8816	7967	5718	4957	4874	4424	3755	3069	2536	2074	1717	1315
441	8674	8038	5724	4903	4807	4487	3733	3041	2613	2153	1755	1323
442	8787	8063	5752	4976	4871	4483	3738	3087	2602	2114	1739	1313
443	8746	8029	5687	4894	4870	4500	3705	3064	2582	2107	1770	1322
444	8675	7959	5689	5033	4843	4428	3762	3018	2533	2106	1793	1354
445	8638	8035	5692	4952	4898	4486	3682	3077	2600	2129	1757	1368
446	8709	7962	5616	4917	4927	4404	3726	3023	2544	2171	1771	1313
447	8704	8013	5679	4961	4907	4388	3755	3126	2588	2128	1761	1339
448	8599	8084	5608	4884	4804	4480	3720	3017	2559	2116	1764	1360
449	8714	8059	5691	5000	4838	4477	3709	3064	2560	2091	1755	1325
450	8658	7997	5708	4923	4923	4410	3753	3088	2594	2094	1768	1344
451	8755	8046	5635	4987	4872	4437	3685	3078	2584	2107	1787	1304
452	8705	8034	5614	4955	4861	4450	3764	3030	2608	2126	1811	1341
453	8616	8029	5658	4961	4879	4444	3726	3055	2615	2101	1764	1353
454	8579	7959	5625	4932	4843	4407	3728	3086	2550	2149	1796	1326
455	8643	8121	5707	4905	4903	4416	3733	3098	2622	2125	1784	1333
456	8674	8074	5627	4930	4898	4398	3693	3084	2589	2119	1763	1322
457	8668	8021	5690	4947	4824	4403	3745	3081	2559	2105	1793	1337
458	8568	7928	5651	4972	4804	4414	3715	3070	2557	2070	1772	1310
459	8591	7929	5655	4974	4845	4434	3757	3022	2597	2126	1781	1307
460	8653	8027	5679	4866	4810	4448	3675	3031	2591	2107	1737	1338
461	8660	7984	5693	4947	4909	4414	3766	3017	2585	2112	1722	1308
462	8710	7920	5677	4944	4852	4379	3699	3043	2618	2061	1762	1297
463	8661	8041	5701	4966	4897	4383	3724	3034	2615	2138	1768	1326
464	8721	8056	5757	5019	4810	4469	3708	3064	2621	2108	1745	1314
465	8623	8014	5607	4955	4828	4408	3663	3095	2606	2084	1826	1350
466	8592	7921	5644	4988	4860	4340	3712	3059	2616	2108	1834	1360
467	8609	7933	5632	4949	4823	4356	3697	3076	2607	2085	1794	1360
468	8668	8060	5693	4998	4903	4495	3747	3139	2611	2105	1758	1343
469	8563	8033	5613	4949	4875	4463	3671	3051	2592	2151	1773	1310
470	8615	7892	5665	5017	4870	4355	3711	3036	2609	2111	1766	1344
471	8604	7987	5682	4987	4827	4452	3658	3092	2598	2178	1794	1317
472	8588	7930	5703	4984	4888	4425	3706	3049	2575	2091	1767	1302
473	8714	7971	5629	4902	4928	4384	3704	3070	2605	2121	1789	1295
474	8660	7982	5648	4955	4855	4352	3693	3094	2568	2136	1761	1339
475	8630	7948	5617	4922	4794	4387	3729	3048	2546	2105	1762	1307
476	8571	7967	5699	4952	4786	4373	3662	3090	2595	2086	1798	1319
477	8487	8041	5692	4938	4866	4420	3663	3102	2690	2090	1821	1333
478	8618	8035	5614	4932	4867	4435	3672	3028	2646	2109	1790	1295
479	8554	7956	5664	4995	4784	4340	3720	3026	2645	2104	1786	1358
480	8562	7968	5702	4892	4825	4397	3710	3005	2536	2104	1768	1299
481	8566	7845	5626	4932	4823	4449	3660	3054	2584	2114	1785	1347
482	8579	7946	5629	4928	4857	4373	3639	3034	2557	2100	1769	1288
483	8506	7952	5656	4981	4817	4286	3674	3113	2614	2146	1745	1293
484	8638	8020	5684	4930	4910	4449	3700	3116	2613	2093	1759	1295
485	8663	7953	5705	4932	4879	4436	3707	3144	2588	2111	1790	1355
486	8533	7944	5649	4900	4919	4368	3649	3061	2563	2077	1768	1309
487	8687	7888	5513	4911	4888	4486	3716	3065	2553	2154	1787	1318
488	8502	7981	5525	4886	4870	4400	3692	3051	2521	2106	1734	1314
489	8490	7951	5489	4933	4848	4454	3677	3090	2580	2087	1757	1327
490	8686	8010	5694	4940	4869	4418	3670	3054	2605	2124	1778	1312
491	8556	7947	5621	4979	4870	4391	3677	3131	2597	2151	1752	1319
492	8533	8002	5615	4984	4847	4373	3676	3047	2574	2098	1750	1332
493	8491	7981	5666	5014	4841	4452	3669	3054	2587	2129	1733	1326
494	8628	8008	5646	4986	4879	4381	3666	3101	2558	2105	1766	1334
495	8510	8032	5611	5006	4837	4421	3711	3047	2577	2120	1721	1335
496	8503	8006	5650	5049	4809	4403	3712	3034	2597	2092	1716	1342
497	8589	7987	5647	4940	4855	4451	3661	3061	2674	2190	1793	1361
498	8561	7916	5671	4976	4814	4357	3661	3065	2527	2103	1745	1365
499	8570	7900	5674	5007	4830	4445	3675	3145	2595	2120	1716	1349
500	8584	7935	5602	5004	4738	4345	3690	3019	2565	2089	1744	1355
501	8571	7997	5624	4981	4800	4349	3687	3017	2593	2154	1725	1305
502	8466	8011	5749	4932	4804	4353	3711	2981	2581	2089	1769	1306
503	8567	8112	5672	5023	4781	4422	3683	3050	2595	2158	1742	1303
504	8458	8009	5680	4943	4773	4456	3670	3057	2613	2080	1726	1337
505	8577	7943	5666	5044	4755	4394	3682	3017	2563	2141	1773	1297
506	8545	8025	5613	4946	4869	4331	3612	2983	2578	2148	1711	1337
507	8627	7922	5644	4947	4755	4321	3648	3023	2561	2095	1752	1320
508	8635	7963	5647	4945	4748	4395	3591	3006	2593	2092	1700	1305
509	8625	7987	5670	5046	4814	4397	3592	2976	2640	2072	1717	1311
510	8562	8006	5701	4965	4822	4392	3616	3044	2566	2049	1780	1360
511	8597	7920	5603	4977	4744	4346	3636	3039	2551	2121	1718	1306
512	8659	8102	5708	4992	4822	4411	3646	2943	2620	2137	1703	1345
513	8701	8025	5655	5049	4814	4393	3654	3013	2578	2113	1682	1336
514	8539	7916	5681	4997	4775	4364	3603	2982	2598	2104	1710	1350
515	8446	7980	5612	5039	4832	4381	3654	2987	2576	2136	1700	1308
516	8559	7991	5621	4941	4794	4416	3679	3019	2523	2100	1731	1323
517	8602	7987	5722	5002	4876	4419	3636	2942	2615	2128	1755	1330
518	8636	7986	5620	4890	4811	4430	3647	2991	2534	2135	1719	1288
519	8547	7976	5599	5021	4842	4408	3670	2918	2549	2124	1714	1335
520	8580	7956	5676	4965	4748	4426	3592	2920	2604	2126	1709	1340
521	8564	7960	5667	4948	4786	4343	3586	3034	2615	2148	1736	1325
522	8668	8019	5698	4986	4851	4344	3704	3021	2600	2067	1751	1325
523	8589	7862	5714	4971	4771	4442	3621	2992	2569	2091	1670	1318
524	8460	7934	5612	4926	4824	4449	3691	3037	2536	2144	1707	1356
525	8578	7947	5721	4979	4846	4350	3655	3024	2614	2062	1754	1291
526	8457	8033	5691	4996	4731	4396	3604	2995	2527	2077	1706	1295
527	8487	8019	5600	4965	4820	4426	3619	3010	2568	2113	1692	1322
528	8597	7845	5613	5052	4756	4403	3601	2991	2569	2095	1718	1308
529	8639	7955	5685	4923	4819	4407	3692	2947	2594	2107	1704	1296
530	8452	7978	5569	4992	4787	4423	3720	2968	2539	2081	1690	1322
531	8627	7904	5631	4998	4871	4362	3680	3010	2559	2049	1777	1326
532	8520	8024	5647	5027	4778	4435	3594	3022	2539	2142	1681	1314
533	8502	7941	5585	4955	4729	4319	3615	3002	2561	2102	1716	1333
534	8553	8010	5661	5039	4780	4347	3593	2989	2606	2081	1743	1318
535	8538	7954	5735	4970	4784	4376	3611	3060	2589	2100	1731	1304
536	8519	7992	5690	5072	4771	4383	3649	3002	2634	2073	1745	1286
537	8555	7968	5704	4981	4808	4364	3635	2979	2637	2136	1747	1336
538	8561	7988	5690	4950	4773	4370	3608	2983	2559	2113	1731	1317
539	8547	7890	5626	4992	4726	4362	3607	3040	2617	2061	1678	1292
540	8624	7973	5654	4966	4803	4332	3608	2960	2566	2086	1736	1345
541	8541	7905	5640	4983	4769	4403	3614	2973	2558	2095	1740	1335
542	8540	7887	5662	4910	4790	4340	3605	3031	2575	2098	1713	1283
543	8591	7902	5628	4944	4774	4375	3582	3025	2623	2132	1729	1352
544	8626	7952	5709	4973	4788	4319	3614	3041	2571	2075	1748	1300
545	8658	7943	5654	5040	4831	4383	3673	2992	2566	2120	1716	1297
546	8676	8056	5672	5067	4807	4433	3679	3048	2615	2090	1704	1283
547	8496	8003	5637	4937	4790	4346	3665	3012	2633	2079	1730	1309
548	8554	7947	5690	4928	4789	4358	3590	3033	2531	2103	1753	1359
549	8502	7907	5601	4950	4755	4404	3576	3040	2602	2115	1697	1342
550	8585	7989	5648	5057	4843	4407	3605	3029	2625	2153	1700	1299
551	8575	7997	5613	4923	4784	4351	3565	2962	2568	2104	1749	1295
552	8471	7886	5578	5031	4761	4315	3537	3016	2593	2096	1655	1320
553	8583	7941	5667	5017	4754	4273	3595	2918	2580	2083	1709	1328
554	8553	7966	5685	4986	4792	4388	3569	3021	2601	2126	1713	1294
555	8540	8015	5672	4995	4784	4371	3605	3071	2573	2092	1713	1284
556	8670	7873	5740	4942	4738	4342	3573	3065	2561	2104	1695	1311
557	8591	7883	5593	4997	4761	4323	3586	3044	2586	2102	1705	1271
558	8462	7862	5457	4964	4775	4375	3500	2987	2592	2052	1712	1329
559	8541	7920	5691	4987	4804	4280	3549	2992	2595	2082	1702	1297
560	8516	8010	5653	4990	4745	4380	3501	3001	2568	2037	1738	1286
561	8574	7918	5543	5006	4774	4289	3669	2956	2537	2072	1715	1309
562	8577	8093	5588	5008	4718	4309	3600	2952	2599	2122	1719	1282
563	8627	7962	5613	4908	4753	4369	3606	3011	2578	2019	1716	1341
564	8592	7915	5607	4859	4693	4396	3597	3001	2572	2116	1680	1295
565	8597	8045	5666	4956	4802	4292	3555	2954	2594	2110	1675	1307
566	8576	7880	5557	4886	4716	4349	3633	2999	2593	2078	1719	1310
567	8539	7850	5641	4950	4816	4343	3637	2972	2534	2041	1717	1303
568	8584	7906	5462	4980	4806	4373	3559	3040	2625	2077	1693	1341
569	8650	7934	5662	4997	4858	4391	3577	3009	2593	2097	1721	1314
570	8615	7828	5567	4936	4705	4266	3600	2990	2579	2024	1722	1321
571	8499	7871	5563	4912	4839	4279	3643	3019	2541	2096	1738	1322
572	8564	8009	5577	4950	4763	4299	3586	2977	2535	2055	1743	1303
573	8580	7868	5566	4890	4824	4313	3591	2984	2576	2067	1754	1324
574	8450	7901	5607	4863	4739	4309	3526	3039	2576	2081	1732	1328
575	8568	7852	5614	4988	4725	4342	3576	3024	2568	2065	1740	1305
576	8566	7952	5623	4996	4782	4348	3594	2993	2577	2129	1729	1318
577	8569	7811	5564	4964	4793	4309	3559	2966	2530	2074	1683	1333
578	8593	7941	5604	4914	4788	4407	3566	2965	2582	2123	1713	1330
579	8377	7883	5606	4928	4777	4291	3582	2976	2593	2041	1707	1298
580	8603	7946	5502	4996	4750	4356	3582	3002	2586	2089	1720	1287
581	8619	7908	5605	5010	4702	4357	3630	2929	2580	2043	1685	1304
582	8621	7908	5521	4937	4794	4302	3559	3002	2560	2054	1700	1300
583	8624	7921	5608	4985	4745	4337	3595	3010	2586	2082	1679	1301
584	8598	7801	5598	4947	4775	4285	3583	3036	2555	2099	1709	1319
585	8584	7984	5519	5021	4738	4284	3522	2983	2594	2046	1732	1280
586	8525	7956	5578	5017	4789	4296	3587	2914	2569	2091	1686	1313
587	8603	7830	5541	4979	4758	4327	3560	2995	2569	2097	1688	1302
588	8585	7905	5618	4966	4805	4288	3633	2965	2531	2059	1711	1308
589	8639	7908	5593	5015	4771	4338	3582	3022	2564	2090	1686	1259
590	8645	7931	5503	4927	4756	4312	3551	2990	2560	2054	1724	1327
591	8587	7913	5531	4921	4708	4399	3533	2969	2553	2043	1691	1315
592	8670	7896	5564	4998	4792	4331	3477	2915	2555	2065	1654	1260
593	8595	7906	5554	4919	4728	4377	3568	2974	2549	2110	1738	1277
594	8577	7942	5599	4984	4762	4256	3520	2941	2585	2076	1702	1322
595	8633	7994	5652	4936	4784	4296	3539	2990	2556	2089	1714	1275
596	8497	7919	5584	4862	4788	4273	3569	2985	2591	2120	1707	1324
597	8637	7929	5516	4926	4815	4275	3562	2989	2551	2049	1706	1320
598	8641	7907	5608	4911	4813	4323	3547	3011	2568	2043	1734	1296
599	8621	7929	5630	4883	4698	4263	3528	3028	2526	2030	1714	1300
600	8672	7859	5553	4866	4761	4364	3616	2969	2511	2038	1666	1330
601	8547	7902	5626	4893	4769	4300	3570	3036	2561	2083	1708	1301
602	8688	7914	5553	4911	4720	4347	3552	2997	2531	2045	1670	1289
603	8694	7863	5654	4966	4757	4294	3505	3002	2600	2060	1700	1295
604	8596	7852	5543	4871	4735	4325	3562	2987	2581	2053	1683	1311
605	8610	7916	5560	4910	4736	4274	3512	3035	2521	2077	1725	1314
606	8746	7856	5623	4855	4744	4318	3551	2974	2500	2065	1672	1315
607	8671	7852	5532	4863	4706	4253	3499	3004	2542	2020	1758	1305
608	8587	7848	5581	4899	4762	4318	3535	2987	2560	2042	1716	1286
609	8746	7893	5610	4993	4794	4335	3611	2992	2551	2043	1739	1296
610	8683	7940	5539	4968	4738	4321	3550	3021	2545	2035	1653	1275
611	8799	7862	5556	4961	4758	4217	3580	2982	2550	2063	1685	1288
612	8671	7860	5544	4909	4742	4231	3563	2981	2517	2045	1705	1289
613	8647	7945	5500	4903	4756	4286	3529	2987	2532	2067	1726	1301
614	8678	7897	5636	4922	4775	4336	3535	2977	2530	2032	1712	1284
615	8591	7823	5541	4929	4756	4300	3508	2963	2574	2045	1710	1302
616	8533	7977	5499	4923	4739	4247	3510	3011	2568	2084	1680	1296
617	8610	7904	5550	4962	4777	4314	3528	2975	2641	2059	1714	1293
618	8657	7800	5543	4956	4715	4231	3464	2959	2497	2046	1701	1255
619	8727	7885	5563	4910	4769	4306	3520	3001	2532	2041	1679	1267
620	8624	7942	5646	5007	4756	4198	3504	2986	2526	2048	1725	1312
621	8706	7870	5565	4952	4717	4259	3482	2998	2544	2026	1708	1294
622	8681	7840	5540	4869	4695	4290	3493	2966	2542	2038	1731	1330
623	8720	7942	5513	4984	4836	4321	3536	2984	2555	2034	1664	1287
624	8686	7938	5395	4973	4677	4276	3533	2948	2633	2059	1715	1341
625	8691	7946	5516	4873	4754	4271	3474	2987	2547	2005	1712	1290
626	8563	7921	5551	4902	4761	4261	3475	2956	2468	2029	1710	1249
627	8627	7999	5541	4885	4730	4214	3463	2956	2539	2035	1681	1289
628	8717	7933	5496	4891	4774	4257	3472	3004	2592	2070	1711	1302
629	8693	7913	5685	4981	4824	4273	3530	2975	2594	2124	1736	1288
630	8664	7811	5499	4928	4727	4314	3410	2980	2557	2023	1667	1273
631	8615	7875	5589	4899	4816	4323	3510	2975	2510	2037	1683	1284
632	8727	7784	5455	4953	4743	4270	3519	2971	2522	2028	1707	1287
633	8719	7972	5565	4857	4762	4307	3509	2996	2475	2029	1682	1266
634	8737	7905	5473	4981	4747	4227	3512	2986	2508	2001	1669	1284
635	8743	7838	5552	4888	4768	4277	3536	2927	2518	2036	1727	1289
636	8655	7843	5528	4814	4714	4233	3483	2925	2595	2025	1681	1299
637	8735	7924	5521	4931	4707	4213	3434	2987	2551	2056	1659	1313
638	8614	7825	5521	4990	4751	4269	3405	2930	2523	2016	1678	1292
639	8709	7975	5581	4845	4752	4279	3484	2905	2542	1981	1709	1256
640	8673	7784	5592	4971	4737	4306	3451	2973	2556	2030	1693	1315
641	8586	7891	5489	5000	4755	4338	3454	2915	2640	1993	1692	1280
642	8781	7882	5546	4925	4722	4315	3440	2938	2559	2057	1679	1284
643	8717	7832	5559	4860	4713	4310	3408	2992	2483	1998	1700	1306
644	8605	7900	5508	4993	4647	4262	3399	2984	2518	2004	1662	1291
645	8675	8012	5593	5012	4731	4334	3466	2997	2541	2034	1661	1330
646	8560	7856	5614	4954	4739	4337	3449	3001	2473	2011	1681	1257
647	8743	7973	5571	5022	4694	4256	3437	2958	2497	2051	1755	1301
648	8624	7928	5577	4855	4792	4285	3402	3034	2534	1996	1717	1276
649	8647	7844	5568	4948	4665	4207	3434	2935	2529	2017	1691	1323
650	8613	7871	5565	4960	4788	4307	3410	2976	2518	1983	1663	1294
651	8680	7902	5575	4945	4823	4333	3463	2947	2535	2042	1689	1284
652	8632	7900	5627	4942	4677	4319	3423	2931	2585	2051	1681	1301
653	8597	7923	5581	4970	4748	4304	3445	2933	2465	2012	1670	1271
654	8766	7926	5589	5011	4714	4284	3422	2963	2554	2013	1691	1330
655	8685	7923	5505	5038	4723	4296	3381	2915	2527	2032	1661	1333
656	8666	7799	5500	4945	4662	4259	3376	2928	2609	2005	1665	1275
657	8652	7981	5616	4930	4726	4263	3414	2978	2567	2014	1629	1287
658	8616	7890	5535	4942	4746	4336	3391	2943	2551	2050	1698	1327
659	8713	7934	5548	4937	4692	4273	3377	2929	2537	2047	1655	1283
660	8753	7864	5534	4936	4759	4325	3370	2909	2575	2021	1697	1289
661	8621	7967	5639	5076	4705	4317	3475	2942	2551	2068	1650	1289
662	8700	7943	5644	4954	4736	4237	3413	2898	2553	2032	1700	1288
663	8666	7956	5502	4910	4782	4260	3401	2938	2558	2008	1657	1315
664	8779	7993	5601	5059	4778	4309	3424	2971	2587	2033	1647	1287
665	8627	7988	5517	5037	4718	4293	3382	2958	2600	2037	1659	1311
666	8640	7789	5617	4915	4726	4244	3409	2955	2578	1998	1670	1309
667	8631	7869	5503	4905	4668	4263	3384	2949	2566	2019	1649	1327
668	8746	7951	5634	4948	4746	4318	3388	2981	2572	2044	1673	1270
669	8701	7895	5613	4942	4725	4290	3428	2930	2556	2004	1645	1263
670	8699	7888	5595	4928	4747	4242	3383	2929	2575	2007	1656	1289
671	8654	7783	5575	4947	4769	4257	3370	2959	2516	2034	1713	1283
672	8658	7833	5609	4940	4754	4234	3405	2950	2592	2021	1699	1281
673	8674	7907	5586	4989	4711	4255	3391	2923	2530	2011	1693	1308
674	8642	7807	5535	5033	4741	4291	3420	2948	2588	2016	1728	1287
675	8699	7906	5578	4981	4739	4247	3434	2969	2607	2028	1623	1310
676	8766	7855	5625	4979	4797	4277	3355	2881	2533	1990	1657	1249
677	8707	7897	5495	4987	4757	4245	3397	2929	2521	2003	1679	1284
678	8685	7996	5547	4940	4744	4258	3391	2935	2540	1981	1683	1282
679	8636	7975	5550	4963	4737	4283	3391	2973	2552	1989	1667	1297
680	8852	7961	5589	4926	4707	4244	3431	2933	2592	2001	1697	1308
681	8765	7850	5560	4966	4786	4241	3379	2960	2569	1991	1692	1271
682	8717	7942	5608	5106	4747	4305	3406	2937	2554	2006	1691	1314
683	8799	7991	5517	5023	4864	4251	3433	2999	2638	2007	1696	1292
684	8745	7860	5543	5027	4794	4250	3400	2918	2558	2037	1668	1310
685	8650	7910	5588	5032	4698	4259	3368	2957	2559	2006	1679	1287
686	8713	7804	5653	5058	4707	4303	3363	2943	2505	2015	1679	1261
687	8755	7993	5550	4981	4753	4329	3384	2926	2566	2055	1677	1287
688	8760	7882	5517	4984	4695	4218	3391	2890	2540	1992	1655	1318
689	8675	7838	5610	5005	4717	4182	3340	2928	2572	2003	1680	1291
690	8708	7915	5587	5051	4759	4219	3385	2943	2504	2063	1670	1254
691	8665	7861	5555	5005	4670	4256	3393	2975	2567	1999	1667	1320
692	8669	7835	5585	5020	4745	4218	3276	2947	2559	1979	1664	1311
693	8773	7858	5562	4919	4758	4246	3394	2968	2533	2043	1671	1303
694	8674	7913	5527	5015	4775	4260	3422	2902	2550	2015	1666	1292
695	8691	7935	5604	5056	4729	4227	3313	2915	2557	2002	1682	1302
696	8679	7978	5453	5027	4713	4299	3352	2910	2581	2039	1670	1301
697	8851	7954	5565	4991	4733	4219	3435	2968	2573	2043	1687	1299
698	8652	7950	5482	4982	4695	4319	3406	3009	2551	1961	1672	1264
699	8712	7878	5464	4972	4736	4288	3398	2983	2543	1952	1680	1293
700	8641	7908	5580	5010	4764	4353	3382	2971	2578	2008	1657	1290
701	8647	7821	5569	5023	4686	4225	3327	2978	2579	2040	1675	1306
702	8800	7912	5546	4997	4741	4211	3355	3006	2593	2004	1669	1281
703	8737	7921	5517	5066	4710	4209	3400	2995	2604	1983	1671	1282
704	8723	7869	5524	5038	4762	4294	3408	2956	2590	1967	1688	1321
705	8701	7824	5545	4992	4742	4203	3351	2983	2506	2034	1684	1286
706	8657	7977	5496	5072	4733	4334	3389	2935	2573	1938	1688	1289
707	8785	7995	5571	5052	4782	4273	3390	2973	2563	2014	1680	1270
708	8689	7955	5555	4880	4699	4293	3398	2961	2544	2014	1672	1302
709	8753	7974	5555	4912	4703	4278	3408	2949	2576	1991	1654	1278
710	8717	7768	5562	4950	4708	4283	3398	2962	2529	2008	1666	1279
711	8756	7920	5590	4957	4749	4292	3360	2933	2597	2008	1699	1273
712	8808	7892	5518	4913	4719	4276	3423	2953	2597	2039	1671	1301
713	8737	7828	5606	4991	4662	4295	3347	2990	2581	1993	1681	1251
714	8717	7934	5551	4966	4758	4223	3345	2949	2553	1924	1677	1310
715	8686	7838	5506	5030	4774	4276	3402	2990	2571	2009	1624	1287
716	8663	7809	5546	5030	4700	4279	3406	2969	2512	1956	1638	1250
717	8729	7896	5559	5008	4642	4253	3321	2950	2541	2001	1693	1283
718	8761	7933	5556	4992	4686	4250	3370	2896	2611	2001	1707	1307
719	8700	7812	5541	5013	4685	4232	3420	2892	2555	1975	1656	1262
720	8723	7869	5528	4964	4754	4215	3410	2934	2575	2055	1672	1281
721	8738	7938	5505	5026	4776	4243	3330	2948	2486	1978	1638	1281
722	8828	7874	5480	4987	4702	4217	3310	2938	2562	2028	1697	1288
723	8707	7774	5552	4976	4698	4242	3354	2934	2555	2023	1671	1288
724	8784	7820	5496	5026	4739	4272	3348	2894	2574	2024	1706	1257
725	8735	7887	5473	5028	4695	4215	3341	2932	2565	2015	1691	1259
726	8650	7845	5440	5055	4712	4136	3359	2911	2539	2019	1638	1293
727	8819	7822	5549	4960	4750	4212	3354	2948	2543	1999	1716	1315
728	8761	7886	5567	4900	4680	4203	3304	2920	2597	2022	1717	1302
729	8693	7950	5510	4986	4695	4261	3388	2977	2571	2040	1654	1317
730	8646	7860	5491	5056	4737	4260	3345	2983	2558	2047	1707	1308
731	8736	7895	5480	5008	4711	4245	3349	2986	2571	2011	1680	1248
732	8721	7921	5563	5113	4725	4277	3382	2904	2550	2021	1655	1296
733	8791	7807	5604	5010	4725	4249	3372	2903	2531	2013	1624	1268
734	8812	7768	5466	4993	4614	4215	3295	2946	2569	2017	1668	1304
735	8821	8011	5573	5033	4686	4333	3365	2970	2559	2030	1730	1268
736	8850	7945	5633	4964	4712	4204	3401	2873	2560	2025	1638	1284
737	8878	7978	5590	5108	4717	4293	3345	2960	2556	1986	1686	1290
738	8723	7757	5637	4960	4695	4229	3343	2931	2531	1982	1663	1290
739	8752	7855	5572	4985	4728	4195	3255	2978	2540	2028	1694	1254
740	8779	7892	5490	5116	4724	4278	3284	2913	2530	2008	1674	1280
741	8759	7856	5620	4997	4699	4178	3310	2958	2525	2018	1715	1291
742	8772	7876	5505	4958	4679	4249	3345	2925	2575	2017	1689	1296
743	8718	7853	5564	5016	4653	4220	3362	2918	2546	2025	1665	1309
744	8733	7855	5527	4994	4666	4278	3364	2947	2550	2034	1714	1311
745	8786	7804	5551	4947	4708	4263	3368	2919	2561	2022	1709	1286
746	8757	7812	5622	5082	4662	4215	3353	2959	2493	2030	1680	1300
747	8800	7904	5567	5030	4698	4245	3437	2926	2532	2004	1642	1328
748	8787	7829	5550	5036	4697	4177	3360	2968	2526	2020	1677	1267
749	8734	7859	5585	4952	4696	4221	3374	2933	2532	2026	1674	1306
750	8688	7717	5479	5054	4703	4220	3311	2955	2550	1977	1698	1290
751	8716	7853	5502	5006	4717	4167	3339	2925	2515	2026	1664	1310
752	8780	7938	5534	4960	4704	4313	3299	2999	2537	2046	1684	1248
753	8793	7838	5503	5025	4668	4172	3329	2932	2526	2003	1645	1264
754	8738	7837	5479	5001	4683	4215	3312	2940	2529	2013	1671	1277
755	8738	8048	5468	4913	4687	4178	3370	2918	2529	2009	1666	1278
756	8834	7881	5531	4994	4764	4167	3343	2977	2518	1993	1689	1304
757	8824	7771	5515	4982	4640	4219	3332	2962	2565	2040	1669	1302
758	8672	7919	5492	4972	4717	4132	3342	2978	2545	2032	1661	1286
759	8856	7830	5527	5046	4756	4333	3351	2939	2526	2024	1691	1324
760	8796	7778	5521	5001	4710	4180	3304	2946	2565	1972	1670	1285
761	8807	7897	5601	5101	4740	4196	3342	2922	2528	2051	1709	1290
762	8762	7841	5542	4990	4722	4272	3343	2886	2540	1975	1685	1283
763	8809	7931	5542	4986	4690	4200	3394	2931	2497	1965	1631	1303
764	8692	7876	5508	5094	4708	4253	3337	2925	2547	2017	1692	1293
765	8736	7767	5562	4932	4769	4174	3301	2899	2513	1996	1675	1311
766	8836	7929	5481	5008	4697	4225	3345	2909	2518	1997	1658	1311
767	8675	7806	5493	5016	4693	4132	3351	2998	2542	2010	1662	1281
768	8834	7867	5547	4984	4667	4205	3288	3000	2559	2046	1689	1316
769	8727	7857	5499	4963	4697	4221	3316	2969	2507	2016	1684	1275
770	8745	7759	5465	4972	4656	4248	3367	2905	2563	2002	1664	1264
771	8657	7740	5565	4976	4714	4171	3307	2935	2514	1977	1715	1268
772	8716	7803	5492	4950	4705	4183	3330	2932	2535	1983	1669	1258
773	8740	7794	5473	4951	4646	4145	3302	2952	2521	1988	1671	1282
774	8712	7819	5540	4947	4630	4207	3292	2913	2530	2018	1668	1273
775	8710	7839	5533	5013	4713	4231	3384	2980	2506	2008	1663	1316
776	8776	7826	5510	4962	4653	4243	3307	2922	2526	2022	1692	1281
777	8754	7840	5461	4972	4711	4149	3321	2925	2476	1949	1692	1265
778	8761	7827	5505	4926	4661	4200	3330	2902	2490	1996	1629	1278
779	8883	7802	5601	5100	4721	4268	3363	2936	2514	2020	1695	1290
780	8795	7848	5458	4933	4629	4209	3348	2944	2523	1979	1679	1303
781	8724	7770	5604	5031	4679	4269	3372	2921	2580	2024	1681	1280
782	8626	7880	5581	5025	4671	4183	3303	2951	2535	1981	1643	1272
783	8699	7870	5460	5020	4624	4244	3331	2944	2510	2013	1665	1249
784	8699	7810	5581	5040	4716	4201	3319	2923	2544	1959	1630	1261
785	8747	7887	5487	4955	4615	4198	3328	2914	2462	1978	1693	1263
786	8707	7890	5539	4995	4699	4171	3286	2944	2543	1987	1708	1278
787	8786	7801	5474	4952	4632	4194	3316	2937	2476	1978	1678	1275
788	8736	7889	5527	5048	4701	4177	3248	2931	2498	2018	1683	1294
789	8852	7850	5480	5029	4654	4215	3245	2916	2531	1979	1628	1277
790	8772	7851	5385	4946	4673	4229	3262	2922	2500	1990	1669	1280
791	8703	7967	5479	4999	4689	4183	3267	2909	2505	1985	1670	1282
792	8789	7871	5540	4949	4766	4174	3299	2911	2496	1983	1657	1278
793	8757	7833	5539	5032	4675	4259	3374	2943	2505	1986	1646	1266
794	8818	7799	5507	4980	4727	4219	3251	2854	2485	1964	1702	1265
795	8793	7835	5475	4966	4569	4161	3340	2908	2511	1984	1685	1241
796	8719	7778	5500	4953	4665	4143	3283	2808	2512	1980	1690	1257
797	8729	7808	5487	5028	4618	4172	3333	2953	2497	2036	1679	1242
798	8645	7862	5525	4947	4704	4187	3285	2917	2540	1944	1687	1291
799	8792	7910	5467	4991	4646	4213	3319	2852	2488	1997	1662	1272
800	8733	7873	5490	5028	4631	4178	3267	2891	2497	1981	1668	1251
801	8807	7834	5521	5047	4576	4117	3337	2864	2467	2012	1645	1239
802	8782	7819	5499	4982	4699	4166	3311	2926	2431	1981	1668	1286
803	8726	7914	5492	5018	4664	4196	3322	2911	2487	2007	1703	1283
804	8747	7872	5496	4982	4604	4164	3330	2920	2535	2012	1631	1256
805	8709	7732	5479	5007	4627	4148	3294	2927	2512	2005	1687	1255
806	8741	7863	5545	4995	4657	4153	3267	2839	2443	1998	1668	1233
807	8683	7779	5520	5022	4621	4190	3308	2911	2503	1954	1687	1254
808	8763	7957	5476	5012	4573	4170	3278	2906	2517	1991	1669	1246
809	8750	7804	5494	4976	4640	4179	3252	2930	2547	1994	1685	1283
810	8839	7760	5541	4935	4678	4190	3312	2907	2520	1971	1698	1300
811	8855	7865	5535	4995	4706	4264	3341	2930	2487	1990	1722	1305
812	8736	7912	5438	4940	4667	4230	3334	2912	2494	1970	1672	1267
813	8843	7705	5516	5060	4624	4129	3257	2875	2450	1978	1634	1264
814	8706	7796	5539	4970	4625	4119	3230	2899	2594	2003	1686	1286
815	8808	7952	5495	5033	4618	4164	3273	2887	2464	2013	1667	1287
816	8694	7912	5591	4986	4588	4085	3323	2944	2488	1974	1676	1256
817	8762	7819	5496	5027	4588	4165	3322	2904	2531	1929	1657	1303
818	8777	7799	5379	4964	4624	4085	3246	2890	2514	2024	1679	1288
819	8682	7887	5496	4977	4651	4103	3271	2809	2502	1948	1668	1312
820	8646	7794	5558	4988	4609	4148	3277	2861	2536	1973	1663	1273
821	8687	7840	5445	4987	4587	4178	3346	2859	2543	2036	1680	1302
822	8919	7762	5565	5028	4673	4214	3286	2923	2482	2055	1673	1279
823	8710	7834	5440	4981	4642	4181	3275	2929	2509	1951	1665	1260
824	8726	7755	5377	5023	4607	4146	3295	2889	2548	1965	1647	1265
825	8675	7856	5551	4921	4568	4170	3234	2894	2532	1972	1619	1256
826	8788	7877	5452	4968	4647	4138	3363	2902	2516	1971	1670	1292
827	8821	7826	5551	5013	4681	4189	3325	2885	2533	2039	1676	1290
828	8765	7803	5484	4972	4610	4123	3272	2881	2482	1995	1682	1281
829	8784	7853	5519	4999	4606	4102	3229	2891	2487	2010	1678	1261
830	8765	7817	5533	5007	4614	4177	3283	2919	2483	1983	1622	1276
831	8731	7933	5501	4965	4634	4167	3272	2923	2509	1969	1668	1283
832	8778	7866	5352	4890	4534	4138	3323	2861	2498	2049	1655	1297
833	8761	7801	5528	4922	4660	4130	3333	2918	2522	2025	1684	1268
834	8687	7845	5542	5042	4541	4194	3275	2928	2524	1955	1669	1259
835	8778	7822	5548	4997	4642	4192	3271	2882	2535	1985	1652	1301
836	8647	7830	5510	5029	4587	4175	3308	2940	2524	2013	1641	1245
837	8725	7821	5370	4946	4679	4228	3310	2940	2462	2004	1676	1283
838	8839	7824	5564	5011	4652	4206	3307	2907	2492	2013	1633	1321
839	8782	7806	5591	5021	4648	4239	3295	2889	2532	1948	1655	1287
840	8691	7828	5508	5023	4612	4163	3304	2924	2451	1925	1619	1319
841	8648	7873	5477	4999	4666	4237	3285	2873	2485	1974	1656	1255
842	8600	7831	5489	5073	4649	4185	3264	2877	2511	1982	1628	1306
843	8596	7736	5546	5041	4550	4188	3286	2861	2502	1965	1674	1259
844	8825	7860	5570	5045	4688	4260	3243	2907	2507	1993	1623	1264
845	8790	7813	5434	5008	4619	4161	3273	2899	2571	1996	1646	1317
846	8764	7818	5594	4982	4528	4114	3250	2913	2455	1961	1657	1305
847	8708	7870	5564	4983	4600	4185	3283	2878	2582	2000	1680	1286
848	8777	7857	5546	5016	4552	4185	3300	2882	2540	1922	1600	1233
849	8770	7764	5432	5028	4601	4208	3290	2839	2558	1961	1633	1292
850	8713	7864	5523	5031	4567	4238	3356	2915	2539	1998	1647	1268
851	8730	7791	5407	5087	4505	4136	3296	2918	2498	2004	1638	1306
852	8581	7673	5402	4977	4564	4167	3242	2892	2509	1968	1691	1265
853	8750	7819	5483	4967	4624	4155	3261	2881	2483	1975	1629	1253
854	8761	7870	5539	5012	4697	4151	3278	2901	2568	1965	1629	1287
855	8833	7890	5416	4960	4584	4128	3316	2869	2559	1995	1628	1264
856	8752	7847	5557	5027	4647	4176	3284	2868	2501	2013	1673	1246
857	8799	7827	5430	4980	4599	4157	3294	2875	2495	1950	1665	1245
858	8783	7827	5479	5003	4584	4136	3285	2901	2480	1943	1682	1281
859	8666	7781	5496	4952	4563	4231	3281	2880	2475	1967	1672	1279
860	8759	7774	5486	5077	4647	4092	3298	2952	2533	1978	1653	1309
861	8704	7747	5498	5029	4635	4176	3251	2880	2551	1961	1693	1315
862	8713	7784	5478	5056	4570	4226	3280	2936	2468	1990	1694	1249
863	8758	7800	5494	5003	4616	4177	3250	2874	2510	2024	1688	1315
864	8785	7787	5503	4959	4544	4138	3249	2879	2484	1971	1643	1283
865	8605	7791	5484	5045	4602	4160	3243	2858	2482	1985	1656	1291
866	8795	7817	5489	5066	4630	4194	3191	2865	2541	1953	1671	1308
867	8779	7699	5493	5019	4586	4109	3235	2880	2533	1989	1664	1298
868	8676	7825	5523	4945	4547	4151	3199	2881	2489	1966	1655	1310
869	8738	7773	5525	4949	4616	4124	3310	2941	2420	2013	1669	1267
870	8572	7823	5520	5007	4589	4100	3188	2853	2461	1964	1638	1289
871	8650	7699	5509	4988	4509	4156	3225	2884	2430	1955	1669	1246
872	8782	7858	5437	5028	4530	4144	3206	2855	2471	1976	1680	1286
873	8725	7740	5515	5050	4574	4176	3302	2886	2426	1981	1675	1270
874	8735	7697	5547	4981	4582	4228	3320	2884	2480	1953	1634	1264
875	8724	7763	5516	4944	4531	4114	3254	2872	2467	1981	1637	1296
876	8663	7775	5474	4958	4525	4195	3289	2892	2494	1957	1667	1275
877	8775	7769	5491	4976	4519	4118	3226	2881	2431	2002	1629	1259
878	8729	7783	5512	5013	4547	4187	3240	2865	2450	1970	1646	1296
879	8699	7846	5473	4970	4558	4119	3264	2889	2427	1926	1622	1246
880	8859	7838	5478	5033	4530	4196	3254	2852	2412	1966	1660	1289
881	8935	7732	5478	4963	4475	4061	3270	2809	2490	1969	1655	1253
882	8840	7828	5548	4945	4559	4106	3242	2820	2417	2023	1649	1300
883	8840	7739	5499	4978	4562	4160	3230	2820	2431	1961	1671	1262
884	8864	7811	5497	5066	4590	4110	3308	2851	2453	1922	1613	1293
885	8838	7779	5448	5062	4547	4091	3251	2906	2440	1956	1663	1306
886	8851	7883	5519	5056	4590	4099	3187	2848	2481	1968	1647	1257
887	8838	7729	5466	5009	4528	4060	3215	2835	2450	1981	1706	1244
888	8819	7754	5505	4984	4538	4072	3218	2844	2484	1992	1664	1240
889	8805	7809	5499	5017	4594	4060	3238	2849	2448	1946	1684	1259
890	8891	7814	5596	5030	4541	4106	3288	2838	2494	1976	1671	1279
891	8881	7717	5548	4959	4506	4132	3215	2887	2457	1992	1670	1263
892	8935	7832	5474	5043	4566	4122	3289	2842	2474	1986	1641	1276
893	8835	7738	5503	5044	4628	4147	3262	2875	2380	1992	1656	1296
894	8783	7740	5500	5086	4534	4118	3210	2867	2456	1953	1645	1255
895	8842	7787	5552	4991	4540	4135	3233	2879	2458	1922	1667	1289
896	8776	7734	5477	5053	4424	4095	3214	2862	2383	1959	1665	1269
897	8828	7741	5492	5012	4538	4076	3242	2861	2448	1962	1630	1283
898	8798	7868	5613	5004	4520	4068	3238	2870	2327	1948	1615	1280
899	8812	7868	5546	5087	4504	4184	3249	2873	2447	1908	1650	1263
900	8791	7787	5560	5065	4419	4134	3255	2861	2375	1917	1582	1279
901	8859	7885	5526	5033	4476	4119	3298	2832	2424	1924	1628	1248
902	8719	7784	5499	4977	4553	4113	3201	2824	2390	1958	1645	1254
903	8755	7715	5530	5035	4522	4140	3229	2818	2399	1985	1668	1276
904	8836	7792	5540	4998	4492	4057	3196	2835	2494	1951	1678	1250
905	8886	7788	5542	5024	4514	4109	3288	2826	2402	1954	1683	1279
906	8746	7803	5456	5080	4484	4100	3264	2905	2407	1973	1644	1276
907	8816	7783	5489	5019	4531	4023	3234	2805	2470	1995	1650	1271
908	8807	7819	5460	5014	4465	4119	3207	2846	2432	1925	1617	1310
909	8807	7779	5492	5033	4468	4135	3224	2861	2437	1970	1680	1244
910	8847	7850	5532	4982	4463	4182	3271	2897	2425	1921	1711	1289
911	8877	7780	5609	5036	4576	4092	3247	2872	2491	1928	1707	1306
912	8763	7810	5487	5070	4571	4080	3258	2849	2469	1918	1664	1270
913	8824	7771	5560	5069	4438	4124	3213	2882	2420	1933	1636	1294
914	8817	7822	5505	4948	4484	4083	3190	2857	2447	1966	1642	1234
915	8835	7741	5481	5025	4518	4076	3140	2847	2427	2008	1712	1258
916	8789	7758	5495	5087	4459	4106	3198	2838	2394	1968	1666	1237
917	8735	7791	5528	5003	4508	4093	3277	2854	2451	1948	1657	1288
918	8786	7763	5538	4995	4520	4137	3245	2882	2433	2013	1595	1255
919	8824	7842	5468	5014	4512	4059	3241	2877	2432	1989	1654	1243
920	8746	7710	5534	4976	4555	4126	3217	2938	2404	1997	1660	1254
921	8903	7748	5536	5020	4504	4112	3199	2910	2470	1976	1660	1313
922	8791	7767	5484	5054	4508	4072	3204	2863	2442	1933	1663	1274
923	8803	7772	5495	5010	4464	4069	3235	2891	2433	1941	1652	1257
924	8792	7801	5569	5111	4550	4100	3227	2898	2456	1977	1656	1262
925	8752	7769	5541	5023	4502	4109	3263	2847	2393	1967	1646	1259
926	8792	7783	5542	5037	4410	4110	3281	2876	2386	1973	1649	1277
927	8832	7809	5427	5052	4539	4074	3263	2859	2438	1959	1671	1255
928	8848	7804	5516	5033	4481	4102	3239	2833	2445	1977	1615	1274
929	8882	7712	5553	5005	4417	4068	3209	2884	2375	1969	1620	1245
930	8881	7841	5536	4987	4451	4094	3222	2905	2309	1963	1648	1292
931	8768	7764	5454	4945	4502	4095	3251	2841	2450	1988	1670	1248
932	8782	7644	5530	4966	4492	4057	3213	2850	2401	1974	1628	1289
933	8847	7760	5391	5038	4501	4079	3224	2888	2461	1971	1642	1273
934	8806	7710	5571	5014	4459	4047	3251	2831	2421	1970	1623	1318
935	8898	7795	5426	5056	4518	4097	3200	2826	2412	1990	1595	1275
936	8814	7823	5573	4982	4494	4075	3229	2909	2396	1952	1675	1242
937	8912	7806	5509	5067	4503	4083	3241	2884	2441	2002	1680	1267
938	8805	7724	5464	4956	4423	4072	3263	2872	2400	1964	1679	1267
939	8665	7751	5492	5093	4460	4109	3214	2864	2437	1968	1691	1227
940	8839	7751	5528	4993	4479	4107	3210	2826	2477	1939	1674	1263
941	8706	7762	5362	5037	4547	4067	3223	2840	2358	1971	1634	1255
942	8796	7783	5539	5065	4481	4073	3205	2866	2391	1967	1653	1271
943	8705	7684	5449	5044	4583	4084	3252	2829	2417	1998	1681	1229
944	8708	7825	5470	5072	4518	4060	3251	2850	2348	1940	1659	1259
945	8824	7698	5487	4998	4427	4159	3284	2856	2365	1944	1618	1245
946	8839	7803	5548	5011	4553	4113	3261	2872	2343	1928	1638	1259
947	8903	7869	5511	5129	4480	4107	3223	2835	2397	1987	1655	1283
948	8709	7792	5516	5029	4488	4097	3203	2862	2335	1980	1671	1263
949	8801	7798	5502	5045	4434	4076	3200	2837	2379	1930	1640	1257
950	8755	7836	5577	5039	4472	4099	3295	2801	2353	1931	1629	1254
951	8779	7679	5566	4997	4518	4043	3186	2839	2354	1957	1625	1250
952	8717	7821	5596	5035	4511	4042	3234	2817	2363	1973	1679	1249
953	8771	7822	5562	5066	4485	4072	3236	2902	2355	1946	1677	1288
954	8743	7754	5476	5042	4546	4010	3248	2804	2374	1900	1667	1259
955	8744	7748	5475	4982	4468	4065	3251	2813	2312	1944	1679	1266
956	8820	7837	5599	5090	4561	4160	3200	2859	2395	1921	1664	1254
957	8781	7684	5466	4966	4514	4078	3209	2859	2440	1938	1627	1260
958	8783	7732	5494	5080	4510	4121	3221	2836	2413	1934	1665	1237
959	8848	7776	5559	5044	4494	4027	3229	2834	2398	1917	1655	1254
960	8800	7787	5481	5035	4495	4084	3203	2870	2385	1936	1645	1204
961	8722	7748	5541	5065	4491	4131	3193	2786	2332	1914	1615	1229
962	8803	7732	5514	5028	4502	4083	3226	2821	2365	1944	1617	1275
963	8827	7705	5517	5061	4499	4068	3202	2781	2346	1937	1673	1282
964	8803	7758	5465	4999	4443	4141	3235	2834	2343	1982	1634	1244
965	8788	7725	5540	5012	4425	4107	3187	2814	2335	1970	1688	1263
966	8759	7735	5543	5091	4470	4087	3240	2764	2310	1901	1630	1258
967	8779	7662	5532	5021	4532	4062	3210	2792	2368	1994	1633	1274
968	8811	7696	5570	5013	4465	4103	3191	2762	2380	1942	1652	1255
969	8744	7787	5467	4980	4470	4068	3248	2866	2402	1936	1632	1259
970	8813	7618	5478	5044	4519	4049	3253	2835	2392	1965	1651	1259
971	8794	7722	5482	5018	4486	4080	3195	2863	2334	1944	1643	1245
972	8686	7761	5472	5049	4465	4040	3245	2850	2379	1993	1673	1291
973	8882	7732	5455	5055	4486	4037	3208	2875	2316	1942	1653	1246
974	8787	7720	5478	5033	4532	4044	3221	2789	2336	1939	1626	1242
975	8776	7722	5451	5042	4499	4025	3219	2783	2382	2006	1669	1234
976	8863	7763	5490	5026	4536	4032	3213	2839	2361	2006	1653	1238
977	8721	7703	5443	4961	4537	4057	3229	2778	2376	1976	1661	1287
978	8815	7727	5423	5061	4432	4069	3213	2841	2338	1957	1641	1291
979	8769	7634	5446	5000	4488	4093	3272	2882	2370	1927	1641	1205
980	8811	7788	5470	5002	4516	4062	3208	2792	2420	1945	1681	1291
981	8730	7716	5497	4960	4525	4001	3213	2785	2381	1964	1628	1233
982	8727	7638	5470	5070	4471	4071	3200	2867	2397	1974	1647	1245
983	8777	7706	5480	5069	4556	4034	3238	2877	2304	1966	1655	1262
984	8732	7746	5528	5077	4514	4107	3172	2854	2355	1949	1622	1252
985	8730	7737	5465	5081	4498	4036	3176	2904	2379	1944	1615	1272
986	8736	7731	5476	5058	4507	4073	3181	2812	2331	1943	1578	1250
987	8877	7799	5536	5074	4520	4025	3244	2855	2331	1951	1644	1284
988	8750	7808	5463	4971	4518	4110	3227	2815	2354	1957	1637	1252
989	8822	7668	5520	5075	4499	4068	3287	2840	2331	1945	1620	1261
990	8766	7675	5463	5052	4549	4118	3245	2799	2312	1991	1621	1277
991	8771	7625	5471	5032	4480	4057	3261	2826	2346	1956	1643	1248
992	8778	7666	5529	5047	4483	4004	3185	2823	2292	1961	1641	1271
993	8806	7828	5554	5062	4434	4062	3262	2817	2347	1945	1634	1251
994	8819	7796	5508	5030	4535	4070	3300	2864	2352	1947	1670	1268
995	8848	7871	5425	5037	4578	4112	3310	2812	2326	1985	1681	1285
996	8813	7840	5494	5062	4447	4073	3332	2805	2320	1930	1610	1247
997	8851	7740	5532	5151	4553	4058	3218	2838	2383	1994	1692	1254
998	8774	7721	5454	5010	4508	4056	3247	2839	2321	1973	1640	1262
999	8872	7766	5480	4961	4458	4055	3257	2867	2338	1971	1642	1257
