time	200	160	128	102.4	81.92	65.536	52.4288	41.94304	33.554432	26.8435456	21.47483648	17.179869184
0	95	90	68	60	60	45	42	44	41	37	42	48
1	93	88	69	62	54	45	44	40	45	42	47	44
2	102	78	62	53	57	46	43	46	37	45	40	47
3	97	82	72	50	54	44	50	41	49	48	39	46
4	104	95	68	53	50	47	40	42	44	43	46	45
5	117	84	80	56	53	47	49	44	43	40	43	48
6	134	100	79	52	49	46	44	41	46	41	43	39
7	151	111	69	55	46	39	46	41	45	42	44	41
8	176	143	83	62	49	51	45	45	43	46	44	46
9	198	157	85	58	49	43	44	39	43	40	44	39
10	212	179	95	58	45	43	49	43	45	43	43	43
11	256	191	114	63	50	46	49	41	47	42	47	41
12	296	230	141	62	47	47	49	43	44	43	42	40
13	367	252	149	74	56	46	42	40	41	43	50	43
14	406	293	168	78	50	49	43	44	40	38	42	43
15	441	346	203	74	54	49	47	42	40	41	36	43
16	506	404	245	90	51	47	48	43	37	47	43	42
17	572	447	291	90	52	48	44	44	48	51	41	43
18	681	533	327	98	54	50	43	39	39	45	43	41
19	768	591	391	111	50	53	44	43	43	43	44	42
20	854	627	439	117	53	47	41	42	36	35	46	49
21	962	739	511	136	60	53	42	45	47	39	40	44
22	1060	823	547	125	62	50	43	48	47	45	48	44
23	1144	903	629	153	61	54	43	44	42	42	44	38
24	1235	975	715	158	67	55	47	41	42	41	44	46
25	1403	1080	778	199	71	57	43	43	42	40	43	48
26	1495	1160	843	217	74	56	44	38	39	45	41	46
27	1549	1244	936	234	86	60	52	47	45	43	42	44
28	1655	1307	1018	267	91	56	48	45	45	42	48	41
29	1715	1421	1080	286	104	59	50	45	46	43	46	45
30	1880	1486	1111	338	114	68	51	38	43	45	41	42
31	1878	1553	1181	384	127	69	47	45	45	41	41	43
32	1959	1580	1258	434	160	69	48	41	44	45	48	40
33	2084	1671	1341	471	173	71	50	47	44	43	48	41
34	2074	1709	1383	534	187	83	44	44	43	45	41	45
35	2158	1739	1430	577	229	78	49	41	50	47	43	40
36	2218	1845	1479	639	216	96	60	45	48	37	43	37
37	2293	1916	1574	670	274	98	50	36	44	38	45	48
38	2429	1955	1572	719	296	106	55	48	42	47	36	42
39	2478	1933	1636	791	341	103	55	42	45	42	42	43
40	2443	2008	1696	872	376	119	56	45	46	44	45	41
41	2521	1996	1696	867	389	127	54	43	48	44	46	43
42	2608	2056	1750	951	434	145	59	49	44	42	41	40
43	2662	2102	1798	965	471	150	61	49	47	42	51	38
44	2666	2192	1776	1023	523	163	68	48	46	39	48	44
45	2710	2195	1798	1038	551	170	64	43	49	44	45	42
46	2745	2220	1904	1090	581	195	68	47	48	45	45	42
47	2782	2244	1845	1072	619	201	69	49	50	43	43	43
48	2795	2301	1878	1133	671	209	76	41	47	44	41	43
49	2841	2381	1924	1193	659	222	67	47	42	40	49	39
50	2814	2400	1945	1207	701	237	63	47	43	42	40	46
51	2912	2408	1935	1239	746	255	79	50	49	43	47	41
52	2915	2340	1980	1247	778	272	86	48	45	45	40	44
53	2959	2407	1995	1302	818	293	82	60	43	38	43	45
54	2954	2394	1985	1321	825	312	92	53	47	39	41	42
55	2963	2441	2055	1306	841	324	83	59	48	41	44	42
56	2986	2481	2069	1327	887	347	100	56	42	46	48	42
57	3082	2495	2051	1390	865	369	108	54	47	43	44	39
58	3059	2513	2105	1413	955	389	107	55	44	40	50	43
59	3085	2602	2150	1402	915	402	111	56	52	46	46	44
60	3140	2589	2104	1453	951	421	127	53	52	43	43	41
61	3198	2651	2209	1424	964	434	120	64	42	45	41	46
62	3133	2680	2195	1498	1017	455	135	63	53	42	46	44
63	3207	2730	2207	1453	1037	479	137	59	51	42	42	41
64	3206	2780	2217	1542	1068	488	162	63	51	38	43	42
65	3242	2719	2199	1526	1066	522	164	68	45	42	46	38
66	3301	2780	2224	1558	1093	512	176	63	49	46	42	41
67	3325	2780	2300	1620	1095	529	176	69	48	42	44	42
68	3395	2786	2268	1631	1118	586	180	76	49	48	45	42
69	3375	2817	2259	1558	1153	579	196	73	45	46	44	41
70	3404	2807	2385	1627	1157	623	206	70	53	41	45	47
71	3428	2878	2417	1714	1193	626	220	78	45	45	44	36
72	3402	2812	2388	1688	1220	640	211	83	51	45	47	47
73	3480	2966	2417	1710	1227	670	233	82	49	42	44	42
74	3504	2949	2391	1727	1249	692	243	97	52	46	45	44
75	3526	2928	2404	1730	1283	714	252	93	47	44	47	37
76	3536	2952	2453	1750	1289	718	271	86	49	48	43	42
77	3565	2950	2480	1806	1321	727	291	93	60	51	44	47
78	3604	3017	2588	1876	1314	747	304	97	50	39	47	39
79	3673	3019	2517	1855	1355	797	315	109	61	44	43	41
80	3638	3040	2552	1862	1362	816	328	106	60	46	42	42
81	3670	3090	2518	1868	1398	846	319	119	54	50	44	49
82	3725	3101	2606	1866	1423	832	355	122	54	48	45	40
83	3704	3112	2594	1887	1410	875	388	118	57	45	42	44
84	3807	3170	2613	1991	1470	887	393	135	50	50	41	45
85	3738	3196	2620	1967	1492	891	411	140	53	45	40	45
86	3919	3274	2751	1983	1524	954	416	138	52	47	42	43
87	3812	3288	2739	2077	1571	974	420	146	55	47	45	43
88	3869	3278	2750	2029	1582	1023	449	151	58	51	45	41
89	3837	3266	2645	2079	1622	1037	463	160	61	53	42	44
90	3935	3377	2761	2104	1618	1027	478	171	61	51	46	47
91	3977	3359	2787	2132	1656	1032	500	179	61	48	42	45
92	3911	3355	2768	2121	1694	1092	519	190	63	55	47	46
93	3995	3346	2867	2194	1671	1110	544	181	71	57	48	53
94	3939	3352	2856	2200	1684	1144	591	202	66	55	39	50
95	4048	3394	2821	2205	1784	1180	565	202	59	51	47	53
96	4100	3420	2890	2285	1785	1129	578	217	71	54	48	44
97	4100	3446	2936	2293	1833	1236	617	219	72	58	50	46
98	4109	3468	2956	2266	1840	1256	650	231	70	59	46	60
99	4144	3539	2908	2329	1864	1280	683	243	71	64	53	54
100	4085	3540	3022	2344	1906	1329	691	261	66	58	48	47
101	4180	3605	2971	2463	1946	1346	720	278	69	61	51	48
102	4238	3592	3022	2489	2009	1368	708	257	78	62	49	55
103	4135	3621	3127	2519	1987	1395	755	284	75	60	54	61
104	4282	3594	2980	2445	2021	1431	782	281	75	69	55	50
105	4319	3732	3153	2589	2078	1454	792	314	79	66	49	58
106	4297	3656	3163	2529	2034	1484	824	325	83	62	55	54
107	4312	3672	3092	2556	2101	1518	852	342	82	72	57	59
108	4373	3705	3179	2604	2139	1546	886	328	91	77	58	63
109	4370	3761	3193	2617	2144	1600	921	374	82	76	57	68
110	4355	3778	3168	2629	2209	1629	959	364	98	77	58	69
111	4431	3750	3235	2669	2230	1658	945	388	90	78	58	68
112	4467	3853	3292	2686	2224	1779	1032	399	95	80	66	71
113	4466	3769	3297	2700	2318	1699	1039	420	89	86	56	81
114	4463	3874	3350	2822	2354	1808	1076	426	86	93	68	78
115	4569	3961	3395	2844	2376	1779	1061	460	110	93	73	82
116	4574	3920	3330	2862	2385	1834	1150	462	99	91	73	91
117	4528	3911	3469	2841	2441	1812	1149	459	110	105	67	85
118	4580	3993	3418	2893	2460	1894	1177	510	111	103	79	83
119	4612	3943	3515	2918	2514	1952	1231	512	115	106	82	97
120	4612	3998	3526	2904	2529	1915	1243	522	115	110	89	96
121	4649	4017	3453	2952	2567	2007	1280	559	122	118	89	101
122	4683	4051	3562	2980	2520	2010	1310	534	122	121	94	108
123	4693	4064	3560	3033	2596	2004	1358	577	139	125	95	112
124	4684	4087	3498	3033	2635	2085	1366	610	144	133	99	119
125	4779	4167	3559	3062	2570	2112	1451	618	141	140	108	125
126	4722	4068	3628	3136	2627	2128	1431	650	148	139	109	142
127	4820	4088	3610	3113	2766	2174	1525	677	141	138	116	145
128	4848	4193	3670	3158	2704	2244	1546	695	170	164	126	162
129	4763	4125	3618	3146	2714	2205	1605	680	159	167	129	160
130	4793	4225	3758	3248	2817	2325	1644	748	160	170	138	176
131	4847	4235	3678	3233	2876	2336	1649	736	186	179	140	185
132	4863	4218	3711	3233	2915	2329	1700	748	192	173	155	203
133	4875	4319	3864	3291	2870	2338	1727	782	185	190	161	210
134	4941	4354	3806	3382	2930	2450	1761	813	201	197	180	219
135	4969	4318	3832	3377	2902	2430	1796	854	202	223	188	234
136	4937	4299	3789	3374	2961	2428	1817	874	217	222	192	245
137	4903	4352	3772	3357	2940	2521	1889	921	227	236	217	264
138	5045	4367	3865	3481	3036	2568	1914	890	249	260	221	287
139	4956	4408	3876	3454	3028	2608	1928	968	237	249	242	303
140	5035	4417	3847	3452	3080	2627	1980	969	258	271	242	327
141	5050	4427	3925	3472	3076	2643	2068	1015	262	270	248	338
142	5044	4407	3927	3525	3145	2629	2052	1005	291	285	260	353
143	5139	4434	3992	3542	3228	2710	2110	1089	297	307	273	377
144	5142	4499	3991	3566	3241	2788	2106	1067	320	350	293	385
145	5122	4502	4072	3554	3215	2797	2166	1123	316	370	311	435
146	5190	4543	4028	3601	3312	2824	2211	1144	335	360	334	438
147	5203	4579	4092	3593	3266	2871	2285	1172	362	380	353	434
148	5222	4687	4176	3679	3352	2942	2364	1191	365	392	381	489
149	5194	4683	4105	3713	3287	2898	2335	1279	380	413	396	478
150	5229	4583	4124	3665	3358	2905	2342	1254	426	434	406	532
151	5209	4574	4094	3775	3393	2980	2356	1278	414	447	470	571
152	5283	4667	4161	3792	3409	2994	2447	1305	443	449	449	589
153	5233	4751	4220	3835	3457	2999	2460	1356	444	514	495	619
154	5332	4740	4279	3808	3437	3100	2548	1379	451	534	499	641
155	5390	4623	4186	3815	3483	3107	2510	1382	493	526	528	647
156	5335	4779	4215	3875	3477	3123	2557	1441	508	565	569	695
157	5452	4702	4316	3906	3573	3155	2587	1471	544	593	588	704
158	5434	4712	4336	3955	3548	3158	2635	1462	574	631	633	766
159	5383	4767	4264	4018	3606	3200	2702	1523	573	631	640	779
160	5415	4714	4379	3894	3536	3228	2696	1550	611	688	700	820
161	5449	4823	4301	3967	3659	3264	2765	1578	646	728	713	821
162	5455	4872	4340	3986	3659	3261	2757	1613	681	744	764	889
163	5494	4915	4454	4018	3706	3375	2805	1648	692	754	800	895
164	5515	4874	4406	4026	3699	3254	2880	1682	696	804	791	944
165	5439	4861	4453	3979	3713	3338	2868	1720	730	809	864	929
166	5528	4866	4442	4062	3708	3334	2931	1755	759	854	876	964
167	5626	4976	4449	3994	3763	3439	2925	1762	810	883	966	1015
168	5554	5027	4594	4095	3750	3600	3055	1841	820	911	957	1086
169	5607	5013	4498	4155	3814	3420	2977	1843	855	941	991	1109
170	5584	5030	4461	4146	3807	3504	3020	1856	899	963	1082	1100
171	5590	4925	4479	4124	3814	3486	3027	1868	942	991	1071	1113
172	5714	5044	4657	4198	3831	3594	3114	1902	949	1039	1122	1150
173	5608	4993	4572	4251	3950	3594	3154	1956	997	1071	1124	1190
174	5724	5098	4709	4275	3782	3630	3158	1992	1004	1112	1130	1243
175	5709	5062	4580	4281	3922	3685	3193	2001	1070	1137	1246	1185
176	5775	5066	4653	4386	3978	3640	3232	2049	1114	1178	1216	1288
177	5756	5080	4642	4246	3903	3688	3269	2113	1110	1185	1257	1276
178	5668	5136	4675	4283	3920	3679	3271	2069	1149	1201	1330	1270
179	5684	5099	4663	4312	4048	3716	3249	2172	1195	1256	1329	1370
180	5696	5169	4621	4363	3954	3753	3291	2171	1241	1307	1385	1321
181	5684	5157	4775	4323	4069	3738	3331	2187	1252	1289	1396	1358
182	5779	5258	4727	4386	4101	3764	3438	2283	1296	1340	1443	1342
183	5775	5217	4724	4371	4019	3789	3377	2238	1341	1399	1468	1423
184	5798	5151	4840	4386	4095	3849	3411	2276	1352	1406	1450	1370
185	5848	5138	4823	4470	4129	3801	3401	2313	1418	1466	1515	1462
186	5720	5205	4822	4475	4184	3912	3454	2308	1420	1466	1534	1448
187	5842	5236	4845	4451	4095	3860	3405	2321	1459	1516	1573	1489
188	5867	5202	4823	4481	4252	3881	3565	2448	1566	1518	1615	1496
189	5833	5198	4792	4479	4162	3941	3534	2387	1557	1571	1639	1521
190	5919	5354	4943	4491	4166	3922	3518	2436	1604	1648	1626	1553
191	5974	5260	4892	4468	4121	3938	3617	2425	1659	1637	1699	1562
192	5947	5265	4893	4523	4125	3936	3498	2498	1717	1629	1686	1547
193	5991	5278	4931	4578	4098	3936	3571	2536	1735	1668	1703	1564
194	5846	5281	4913	4542	4189	3948	3707	2576	1749	1749	1776	1573
195	6024	5330	4996	4527	4260	4040	3690	2588	1814	1776	1769	1619
196	5968	5371	4911	4623	4233	4012	3685	2621	1854	1788	1782	1605
197	5948	5329	4960	4554	4200	4040	3710	2597	1885	1876	1779	1658
198	5997	5343	4952	4571	4238	4052	3672	2626	1893	1840	1828	1667
199	5961	5273	5031	4603	4367	4169	3722	2669	1971	1883	1810	1635
200	6060	5421	5078	4584	4328	4157	3806	2723	1985	1917	1877	1643
201	5984	5384	4997	4608	4266	4129	3721	2729	2007	1948	1919	1679
202	6102	5341	4947	4641	4309	4067	3746	2756	2008	1975	1911	1705
203	5999	5477	5108	4687	4350	4111	3828	2818	2092	1992	1968	1718
204	6057	5438	5028	4692	4289	4096	3797	2793	2126	2031	1952	1690
205	6050	5424	5053	4857	4379	4172	3813	2892	2138	2041	1982	1722
206	6069	5463	5173	4698	4450	4217	3906	2898	2179	2073	1969	1712
207	6127	5483	5156	4673	4420	4232	3895	2915	2188	2067	2012	1731
208	6137	5506	5098	4719	4392	4220	3949	2888	2176	2045	1981	1726
209	6056	5434	5119	4757	4453	4292	3905	2929	2235	2138	2011	1779
210	6121	5490	5095	4769	4491	4192	3907	2902	2279	2115	2085	1769
211	6126	5511	5123	4818	4402	4248	3985	2968	2372	2169	2068	1789
212	6088	5482	5178	4786	4445	4241	3960	2971	2331	2205	2077	1784
213	6163	5571	5167	4815	4376	4369	3981	3021	2396	2204	2093	1809
214	6152	5623	5274	4857	4493	4372	4058	3029	2447	2207	2123	1778
215	6249	5583	5269	4798	4483	4287	3894	3007	2461	2266	2058	1810
216	6207	5539	5297	4871	4456	4315	4038	3109	2453	2291	2110	1822
217	6187	5615	5325	4839	4485	4333	4010	3046	2520	2296	2157	1802
218	6245	5594	5409	4919	4576	4504	4132	3149	2540	2333	2148	1837
219	6226	5628	5234	4925	4546	4438	4082	3138	2571	2323	2203	1819
220	6261	5666	5259	4964	4497	4442	4126	3185	2564	2314	2186	1879
221	6254	5665	5377	4919	4627	4570	4143	3164	2634	2385	2169	1823
222	6371	5686	5280	4887	4570	4442	4166	3167	2642	2403	2172	1841
223	6340	5659	5324	4957	4598	4454	4145	3207	2688	2374	2201	1867
224	6384	5713	5448	5036	4753	4628	4284	3274	2724	2471	2243	1896
225	6318	5643	5411	4951	4540	4479	4119	3239	2667	2401	2198	1866
226	6365	5666	5344	4946	4696	4556	4134	3239	2700	2463	2244	1911
227	6389	5590	5384	5094	4590	4415	4142	3220	2703	2468	2241	1839
228	6381	5673	5439	5067	4629	4441	4258	3245	2794	2475	2255	1847
229	6410	5766	5378	5108	4616	4467	4145	3283	2792	2507	2321	1900
230	6445	5726	5430	5054	4653	4552	4241	3361	2811	2546	2247	1899
231	6488	5773	5434	5055	4567	4534	4246	3318	2819	2527	2273	1846
232	6466	5754	5460	5078	4744	4601	4223	3385	2880	2545	2271	1914
233	6494	5773	5483	5059	4711	4651	4200	3376	2887	2562	2264	1917
234	6470	5713	5444	5064	4556	4575	4224	3388	2847	2578	2328	1935
235	6479	5777	5407	5110	4702	4563	4230	3388	2881	2564	2262	1917
236	6466	5808	5556	5239	4796	4694	4347	3454	2906	2605	2311	1873
237	6501	5836	5410	5113	4761	4600	4359	3457	2840	2601	2309	1910
238	6507	5874	5545	5205	4680	4633	4352	3458	2937	2676	2331	1961
239	6530	5870	5575	5230	4761	4612	4346	3448	3017	2670	2329	1936
240	6532	5858	5611	5117	4627	4623	4312	3434	2919	2623	2296	1917
241	6619	5928	5630	5270	4821	4661	4326	3476	3028	2647	2304	1919
242	6597	5919	5520	5242	4763	4660	4323	3513	3035	2722	2349	1934
243	6654	5905	5606	5233	4765	4675	4370	3510	2993	2691	2325	1952
244	6537	5897	5702	5247	4909	4854	4350	3554	3039	2687	2301	1949
245	6639	5951	5628	5273	4989	4826	4509	3461	3002	2691	2310	1922
246	6688	5977	5673	5233	4734	4696	4412	3541	3012	2740	2329	1976
247	6646	5889	5700	5289	4815	4778	4407	3583	3068	2754	2395	1972
248	6678	5881	5739	5275	4845	4773	4460	3568	3119	2746	2379	1937
249	6724	5920	5709	5266	4804	4756	4433	3575	3043	2792	2355	1983
250	6733	5998	5784	5378	4924	4834	4514	3590	3103	2799	2380	1951
251	6809	5972	5863	5383	4867	4826	4482	3570	3154	2795	2397	1984
252	6734	6142	5700	5290	4875	4771	4377	3564	3118	2837	2370	1926
253	6782	5938	5761	5267	4804	4778	4396	3589	3142	2775	2379	1983
254	6759	6032	5817	5331	4841	4767	4480	3623	3170	2771	2403	1988
255	6837	6097	5773	5489	4944	4847	4493	3630	3193	2800	2433	1940
256	6871	6146	5826	5418	4943	4892	4466	3622	3214	2820	2429	1968
257	6847	6127	5774	5363	4878	4810	4477	3682	3174	2805	2388	1972
258	6765	6086	5770	5368	4874	4730	4427	3639	3224	2865	2370	1964
259	6842	6023	5872	5321	5002	4849	4481	3696	3185	2826	2392	1956
260	6851	6077	5900	5331	4961	4956	4573	3684	3223	2878	2397	1983
261	6788	6125	5840	5442	4932	4901	4532	3708	3239	2903	2400	1965
262	6892	5986	5782	5437	4870	4832	4519	3672	3205	2831	2416	1982
263	6899	6156	5872	5422	5009	4984	4558	3756	3257	2838	2439	1983
264	7011	6169	5834	5465	4977	4970	4547	3717	3256	2869	2385	1962
265	6955	6235	5887	5491	5028	4969	4516	3700	3300	2926	2462	1970
266	6951	6216	5942	5491	5019	4926	4665	3780	3340	2869	2442	2034
267	6944	6186	5889	5480	5009	5006	4588	3792	3395	2936	2406	1959
268	6961	6214	5884	5499	4981	5017	4540	3750	3230	2936	2438	2007
269	7010	6232	5890	5571	5008	4974	4630	3812	3300	2963	2416	2000
270	7064	6248	5950	5567	5043	5009	4580	3860	3373	2970	2464	1999
271	7010	6185	5898	5536	5070	4978	4645	3827	3309	2940	2423	2019
272	7010	6181	5942	5473	5016	5146	4585	3874	3359	2957	2492	2024
273	6993	6188	5950	5474	5098	4976	4606	3875	3339	2924	2443	2031
274	7006	6286	6058	5658	5052	5190	4773	3861	3334	2985	2419	1983
275	7065	6274	5911	5580	4975	5029	4697	3956	3393	2956	2442	2036
276	7240	6375	6052	5628	5179	5115	4695	3920	3363	2941	2452	2025
277	6991	6296	6014	5617	5053	5022	4727	3865	3374	2955	2470	1963
278	7037	6274	5946	5675	5081	5132	4700	3915	3376	2946	2404	1995
279	7093	6318	6030	5647	5072	5139	4725	3852	3398	2990	2455	2043
280	7072	6306	6115	5669	5200	5141	4790	3921	3415	2995	2449	1976
281	7156	6336	6059	5683	5147	5120	4705	3881	3479	3004	2465	2076
282	7112	6318	6099	5713	5147	5198	4766	3934	3432	2977	2474	1990
283	7117	6330	6095	5678	5103	5103	4785	3864	3378	3027	2462	2044
284	7202	6267	6039	5680	5101	5142	4773	3965	3458	3011	2395	2044
285	7117	6317	6155	5737	5072	5094	4782	3982	3495	2988	2463	2060
286	7143	6384	6101	5770	5150	5057	4723	3906	3451	3021	2467	2094
287	7134	6298	6165	5688	5187	5155	4798	3999	3364	3037	2540	2068
288	7162	6408	6264	5766	5225	5152	4851	3919	3464	3045	2516	2040
289	7181	6405	6023	5724	5264	5112	4744	4002	3455	3068	2498	2038
290	7143	6448	6287	5801	5261	5258	4868	4069	3459	3047	2490	2047
291	7214	6354	6099	5733	5265	5215	4851	4055	3467	3072	2473	2028
292	7228	6381	6112	5727	5145	5314	4861	3995	3461	3045	2484	2028
293	7310	6440	6230	5743	5241	5339	4968	4038	3441	3020	2472	1993
294	7428	6435	6158	5855	5242	5182	4864	4034	3484	3040	2448	2021
295	7292	6425	6325	5814	5271	5253	4893	3978	3522	3088	2485	2053
296	7334	6457	6231	5780	5236	5318	5046	4171	3494	3091	2459	2013
297	7233	6499	6334	5768	5319	5464	4990	4177	3510	3041	2440	2051
298	7302	6340	6278	5802	5286	5329	5007	4009	3511	3095	2461	2012
299	7323	6424	6254	5792	5241	5283	4950	4035	3544	3119	2497	2003
300	7365	6476	6263	5781	5339	5370	4926	4046	3493	3118	2547	2013
301	7380	6555	6304	5836	5242	5377	4928	4094	3511	3089	2488	2009
302	7339	6498	6254	5836	5307	5320	4881	4081	3544	3075	2503	2026
303	7373	6603	6255	5858	5322	5426	4974	4079	3552	3138	2490	2058
304	7357	6426	6286	5657	5381	5377	4918	3991	3534	3086	2473	2025
305	7403	6489	6336	5838	5335	5347	4874	4043	3507	3108	2481	2036
306	7375	6476	6365	5897	5410	5388	5001	4126	3571	3109	2483	2060
307	7522	6532	6345	5921	5351	5482	4976	4082	3540	3145	2518	2037
308	7530	6514	6274	5793	5361	5414	4884	4073	3560	3117	2527	2063
309	7357	6525	6411	5836	5380	5443	5033	4125	3479	3114	2481	2058
310	7417	6577	6370	5840	5479	5424	4989	4082	3472	3181	2519	2045
311	7485	6580	6337	5905	5453	5331	4985	4133	3552	3143	2499	2038
312	7522	6593	6338	5894	5498	5405	5020	4107	3546	3105	2467	1986
313	7409	6490	6332	5872	5418	5457	4989	4185	3550	3172	2507	2099
314	7487	6524	6369	5864	5457	5398	5083	4168	3625	3122	2499	2038
315	7506	6539	6379	5978	5525	5467	5089	4212	3501	3082	2511	2038
316	7507	6633	6400	5930	5519	5393	5081	4155	3603	3196	2476	2084
317	7391	6618	6445	5914	5583	5420	4982	4172	3613	3167	2491	2034
318	7534	6780	6454	6005	5503	5481	5083	4099	3625	3192	2520	2071
319	7546	6693	6514	5930	5532	5428	5022	4200	3608	3194	2529	2053
320	7637	6696	6444	5888	5496	5426	5075	4195	3662	3141	2479	2034
321	7618	6615	6464	5925	5553	5440	4973	4085	3607	3155	2489	2033
322	7577	6599	6512	5917	5499	5427	5035	4217	3646	3179	2510	2034
323	7523	6715	6543	5879	5607	5443	5138	4206	3618	3157	2505	2008
324	7573	6689	6500	6085	5549	5482	5113	4210	3696	3148	2512	2060
325	7583	6760	6392	5965	5629	5539	5158	4215	3596	3123	2535	2062
326	7527	6593	6464	5886	5487	5408	5061	4206	3637	3124	2519	2052
327	7707	6724	6517	6080	5526	5533	5050	4215	3628	3215	2507	2042
328	7645	6695	6553	6002	5507	5404	5057	4189	3593	3132	2481	2048
329	7655	6700	6511	6004	5625	5580	5126	4286	3633	3120	2488	2070
330	7649	6749	6629	5979	5632	5417	5088	4185	3698	3148	2510	2095
331	7642	6694	6572	5971	5713	5519	5111	4204	3626	3155	2592	2001
332	7671	6685	6417	5991	5639	5459	5115	4319	3682	3170	2535	2067
333	7783	6808	6507	6023	5634	5591	5161	4258	3649	3182	2553	2022
334	7755	6805	6538	6092	5699	5559	5170	4212	3620	3240	2511	2062
335	7677	6735	6416	6111	5699	5499	5054	4213	3686	3223	2497	2054
336	7713	6718	6540	5971	5619	5571	5189	4231	3666	3177	2534	2047
337	7725	6771	6613	5994	5683	5442	5127	4199	3649	3235	2526	2065
338	7776	6785	6533	6074	5678	5499	5133	4276	3677	3280	2582	2049
339	7774	6698	6620	6083	5626	5576	5241	4237	3678	3221	2575	2068
340	7736	6637	6563	6012	5683	5529	5245	4233	3623	3177	2515	2052
341	7783	6790	6706	6058	5670	5544	5222	4337	3737	3268	2508	2036
342	7781	6763	6568	6072	5648	5595	5250	4289	3680	3178	2540	2061
343	7770	6795	6695	6226	5750	5537	5365	4339	3681	3149	2512	2077
344	7721	6864	6645	6034	5643	5666	5254	4359	3706	3208	2546	2070
345	7705	6804	6605	6055	5710	5628	5249	4140	3656	3177	2568	2049
346	7727	6870	6540	6046	5688	5630	5164	4341	3625	3174	2483	2086
347	7792	6849	6715	6183	5759	5712	5263	4332	3667	3189	2499	2038
348	7762	6880	6669	6108	5859	5692	5296	4361	3660	3241	2548	2068
349	7804	6906	6632	6148	5735	5584	5323	4346	3707	3202	2509	2051
350	7777	6801	6621	6197	5762	5652	5303	4400	3711	3247	2517	2067
351	7775	6789	6708	6143	5717	5701	5309	4342	3721	3297	2468	2098
352	7896	6945	6586	6268	5699	5757	5349	4364	3693	3222	2541	2047
353	7821	6826	6683	6181	5799	5623	5309	4336	3661	3183	2550	2015
354	7839	6876	6749	6237	5891	5684	5248	4330	3693	3176	2524	2059
355	7843	6814	6759	6215	5837	5753	5331	4452	3670	3193	2533	2074
356	7815	6835	6779	6220	5890	5791	5332	4260	3697	3194	2557	2084
357	7836	6846	6722	6255	5811	5758	5304	4389	3682	3234	2522	2064
358	7921	6882	6773	6106	5930	5762	5368	4409	3697	3236	2520	2056
359	7863	6899	6738	6159	6019	5780	5337	4317	3725	3235	2528	2109
360	8041	6945	6728	6189	5999	5820	5400	4330	3780	3258	2545	2113
361	7917	6816	6766	6213	5908	5736	5393	4388	3686	3254	2548	2046
362	7977	7011	6746	6264	5909	5763	5369	4431	3703	3264	2522	2051
363	7928	7000	6768	6207	5929	5692	5328	4399	3681	3256	2529	2074
364	7909	6980	6796	6185	5961	5807	5421	4433	3690	3276	2595	2058
365	7969	6911	6786	6210	5965	5784	5301	4365	3717	3274	2548	2073
366	7949	6988	6811	6236	5936	5792	5404	4380	3702	3247	2523	2063
367	7857	6948	6802	6198	5997	5750	5499	4387	3663	3236	2584	2078
368	7999	6975	6823	6257	5997	5814	5388	4323	3757	3267	2586	2038
369	7931	6961	6878	6256	5959	5745	5379	4388	3775	3226	2575	2016
370	7997	6963	6873	6356	6066	5789	5421	4445	3691	3264	2570	2081
371	7994	7045	6842	6183	5996	5814	5422	4397	3703	3277	2534	2092
372	8082	7028	6802	6246	5928	5776	5419	4512	3724	3345	2593	2043
373	7933	6956	6785	6373	5925	5813	5447	4415	3684	3281	2548	2065
374	8067	6987	6677	6306	6048	5846	5394	4394	3778	3266	2547	2078
375	7996	7133	6798	6322	6061	5854	5440	4377	3737	3253	2484	2078
376	8073	7060	6789	6286	5976	5827	5380	4447	3761	3251	2585	2078
377	8000	7009	6805	6367	6003	5806	5462	4415	3735	3276	2486	2079
378	8105	7093	6961	6423	5962	5921	5474	4462	3776	3300	2542	2117
379	8098	7081	6896	6338	5975	5929	5465	4482	3747	3321	2566	2100
380	8063	7090	6838	6375	6064	5811	5399	4412	3741	3232	2574	2086
381	8114	6984	6925	6345	6059	5846	5448	4447	3740	3255	2553	2068
382	8013	7127	6927	6379	5990	6011	5493	4492	3728	3274	2546	2124
383	8071	7081	7022	6377	6004	5844	5552	4437	3771	3293	2554	2085
384	8167	7137	6865	6372	6101	5929	5503	4461	3746	3245	2591	2080
385	8020	7075	7006	6423	6006	5951	5585	4536	3698	3303	2602	2091
386	8113	7184	6986	6341	5978	5886	5523	4542	3742	3228	2515	2086
387	8137	7100	6981	6454	6100	6011	5499	4536	3754	3295	2549	2051
388	8218	7151	6993	6386	6121	5903	5504	4500	3804	3357	2583	2062
389	8122	7068	6945	6445	6088	6014	5523	4544	3741	3212	2540	2059
390	8028	7066	6970	6445	6081	5986	5517	4427	3738	3311	2546	2051
391	8096	7189	6938	6483	6007	5921	5571	4412	3738	3241	2499	2084
392	8058	7166	6970	6448	6010	6013	5668	4521	3771	3266	2608	2144
393	8201	7172	6908	6363	5984	6023	5530	4502	3766	3317	2573	2086
394	8122	7166	6945	6437	6098	6019	5501	4391	3792	3332	2538	2119
395	8231	7165	7039	6463	5994	6029	5510	4447	3777	3253	2569	2093
396	8187	7174	7004	6400	6036	5991	5550	4489	3752	3339	2537	2038
397	8141	7151	6925	6486	6080	5992	5540	4491	3801	3281	2532	2066
398	8143	7185	6983	6485	6063	5932	5508	4529	3760	3262	2605	2090
399	8170	7168	6913	6562	6069	5980	5470	4507	3729	3304	2568	2066
400	8212	7286	6988	6527	6078	5971	5491	4473	3797	3269	2587	2084
401	8123	7199	7099	6542	6060	6096	5571	4497	3755	3295	2574	2096
402	8174	7310	7034	6489	6101	6047	5472	4526	3724	3323	2563	2094
403	8184	7140	7147	6543	6100	6045	5591	4553	3819	3336	2510	2122
404	8312	7212	7105	6498	6063	6043	5522	4521	3745	3325	2532	2084
405	8274	7210	7079	6516	6034	6136	5602	4522	3732	3268	2520	2136
406	8292	7225	7102	6569	6061	6036	5654	4528	3781	3331	2597	2057
407	8199	7186	7112	6576	6088	6133	5609	4520	3725	3299	2538	2098
408	8291	7348	7149	6602	6186	6085	5649	4579	3845	3274	2571	2063
409	8379	7333	7182	6554	6164	6037	5685	4624	3818	3302	2594	2041
410	8361	7277	7132	6549	6175	6051	5634	4560	3827	3306	2539	2062
411	8292	7232	7069	6658	6197	5971	5612	4472	3781	3279	2573	2109
412	8352	7248	7207	6477	6203	6129	5678	4648	3805	3279	2535	2085
413	8369	7216	7124	6588	6135	6083	5674	4650	3874	3331	2566	2097
414	8286	7348	7201	6666	6184	6091	5696	4518	3800	3294	2581	2077
415	8445	7364	7209	6647	6156	6262	5732	4639	3743	3284	2575	2115
416	8371	7311	7197	6613	6181	6157	5721	4585	3759	3254	2536	2100
417	8326	7349	7041	6626	6084	6205	5659	4541	3820	3287	2583	2088
418	8303	7344	7154	6686	6146	6201	5713	4579	3795	3362	2532	2081
419	8361	7399	7202	6563	6145	6173	5718	4572	3771	3311	2573	2092
420	8296	7360	7213	6616	6188	6230	5789	4529	3740	3364	2567	2079
421	8373	7381	7121	6654	6179	6253	5700	4562	3700	3332	2598	2062
422	8468	7363	7319	6754	6337	6169	5755	4568	3819	3384	2582	2087
423	8409	7419	7235	6568	6299	6227	5652	4701	3726	3318	2581	2100
424	8491	7318	7161	6523	6229	6178	5773	4516	3780	3311	2591	2071
425	8435	7293	7263	6699	6332	6196	5793	4582	3776	3281	2569	2105
426	8387	7326	7141	6664	6312	6163	5772	4530	3827	3300	2606	2108
427	8435	7389	7301	6747	6252	6217	5731	4657	3798	3312	2600	2106
428	8414	7452	7161	6600	6258	6246	5759	4604	3772	3303	2620	2087
429	8443	7341	7228	6675	6262	6176	5719	4601	3816	3285	2565	2110
430	8377	7436	7223	6643	6454	6283	5771	4610	3804	3343	2569	2093
431	8383	7354	7292	6613	6396	6297	5857	4651	3731	3344	2557	2066
432	8468	7400	7268	6708	6352	6314	5911	4667	3839	3313	2591	2092
433	8346	7431	7339	6675	6410	6376	5834	4713	3889	3395	2557	2097
434	8377	7316	7266	6774	6397	6269	5778	4605	3821	3291	2666	2118
435	8512	7410	7278	6698	6362	6241	5792	4612	3860	3346	2657	2074
436	8485	7424	7242	6798	6413	6219	5767	4569	3799	3336	2565	2116
437	8526	7456	7265	6734	6361	6200	5690	4612	3830	3326	2550	2121
438	8518	7613	7422	6807	6458	6325	5809	4690	3902	3390	2593	2125
439	8478	7421	7380	6818	6497	6337	5717	4674	3842	3350	2615	2152
440	8499	7509	7267	6720	6578	6239	5860	4581	3770	3324	2609	2132
441	8455	7460	7271	6669	6505	6424	5820	4634	3909	3373	2608	2146
442	8638	7520	7294	6772	6524	6290	5817	4616	3890	3400	2545	2059
443	8526	7572	7321	6777	6501	6363	5789	4620	3768	3370	2612	2142
444	8540	7511	7296	6835	6646	6329	5897	4657	3882	3320	2595	2142
445	8528	7534	7318	6780	6574	6326	5894	4627	3876	3380	2591	2102
446	8491	7465	7375	6769	6560	6324	5934	4664	3810	3401	2588	2106
447	8523	7470	7472	6867	6620	6409	5887	4699	3739	3351	2599	2100
448	8497	7520	7425	6708	6572	6331	5806	4588	3902	3370	2620	2144
449	8592	7458	7475	6786	6549	6395	5842	4617	3856	3349	2644	2111
450	8596	7552	7415	6769	6458	6393	5796	4620	3814	3385	2575	2106
451	8536	7474	7482	6813	6552	6363	5839	4642	3832	3306	2578	2118
452	8516	7573	7462	6812	6537	6301	5832	4608	3824	3305	2582	2093
453	8508	7552	7524	6837	6693	6449	5897	4658	3811	3281	2600	2118
454	8569	7560	7453	6722	6638	6344	5934	4639	3830	3372	2588	2086
455	8623	7589	7470	6860	6677	6510	5868	4677	3845	3314	2593	2154
456	8677	7532	7447	6923	6616	6342	5816	4623	3858	3326	2602	2084
457	8621	7608	7523	6853	6734	6380	5943	4781	3817	3327	2626	2102
458	8575	7626	7511	6838	6591	6423	5861	4662	3819	3370	2596	2123
459	8588	7597	7608	6841	6667	6382	5857	4538	3890	3375	2568	2120
460	8669	7648	7425	6861	6579	6474	5793	4684	3839	3428	2559	2074
461	8630	7554	7598	6869	6585	6492	5865	4719	3847	3386	2600	2168
462	8670	7805	7544	6828	6672	6422	5854	4637	3934	3376	2614	2084
463	8566	7735	7488	6883	6588	6446	5825	4663	3855	3355	2629	2160
464	8690	7506	7535	6864	6627	6507	5841	4666	3893	3387	2581	2081
465	8645	7672	7547	6876	6684	6440	5878	4713	3837	3332	2588	2175
466	8744	7634	7649	7040	6700	6455	5931	4762	3865	3390	2602	2144
467	8600	7699	7601	6906	6653	6505	5924	4689	3859	3367	2616	2125
468	8699	7696	7564	7020	6747	6473	6073	4730	3817	3403	2621	2117
469	8676	7656	7566	6834	6762	6378	5919	4743	3857	3376	2555	2140
470	8715	7587	7487	6957	6754	6540	5984	4573	3854	3357	2574	2148
471	8711	7708	7662	6920	6764	6439	5912	4583	3875	3403	2593	2134
472	8740	7681	7628	6947	6763	6482	5963	4625	3825	3387	2642	2130
473	8776	7746	7691	6900	6772	6491	5978	4636	3885	3338	2620	2131
474	8773	7667	7587	6993	6738	6454	5897	4694	3871	3396	2621	2109
475	8776	7685	7550	6990	6706	6510	5917	4647	3860	3357	2590	2130
476	8633	7696	7530	6986	6708	6495	5822	4643	3895	3372	2639	2051
477	8688	7696	7634	6930	6714	6575	5831	4659	3948	3315	2610	2146
478	8762	7742	7684	6948	6710	6474	5970	4626	3833	3367	2573	2098
479	8724	7754	7648	7064	6674	6587	5981	4642	3897	3350	2636	2082
480	8803	7784	7680	6982	6678	6435	5923	4657	3862	3348	2601	2096
481	8767	7733	7614	7038	6781	6603	5955	4685	3840	3390	2637	2132
482	8791	7712	7711	6994	6725	6551	6025	4570	3785	3357	2599	2146
483	8765	7781	7579	7009	6815	6544	5838	4637	3831	3410	2569	2077
484	8804	7734	7630	6955	6679	6557	6025	4607	3871	3325	2626	2136
485	8738	7739	7676	7037	6731	6602	5928	4764	3871	3410	2596	2127
486	8802	7786	7685	6995	6750	6561	6002	4722	3857	3367	2656	2056
487	8761	7891	7769	7026	6702	6659	5944	4732	3775	3364	2614	2118
488	8825	7761	7714	7009	6668	6552	6039	4729	3800	3346	2605	2154
489	8788	7737	7829	6989	6679	6592	6020	4689	3873	3369	2595	2108
490	8777	7721	7751	7089	6725	6624	6068	4743	3841	3336	2587	2133
491	8832	7856	7812	7130	6645	6608	5925	4666	3870	3406	2626	2082
492	8763	7756	7802	7125	6605	6731	5944	4672	3843	3379	2564	2085
493	8857	7768	7697	7049	6656	6579	5937	4712	3877	3353	2614	2089
494	8821	7861	7808	7098	6805	6782	6076	4745	3880	3358	2560	2095
495	8852	7764	7817	7057	6669	6686	5938	4759	3878	3419	2606	2110
496	8831	7869	7793	7143	6762	6772	5992	4608	3814	3369	2649	2103
497	8866	7861	7864	7131	6853	6766	6003	4691	3848	3342	2595	2135
498	8830	7867	7783	7063	6826	6722	6011	4757	3886	3390	2643	2139
499	8912	7924	7933	7190	6845	6630	5980	4749	3909	3356	2608	2108
500	8933	7948	7836	7142	6740	6662	5999	4738	3871	3385	2622	2133
501	8963	7832	7814	7156	6823	6614	6056	4875	3886	3354	2640	2129
502	8870	7857	7787	7109	6717	6649	5979	4709	3811	3381	2605	2110
503	8921	7962	7985	7127	6872	6721	6106	4726	3900	3344	2569	2063
504	8931	7796	7775	7142	6719	6728	6062	4714	3884	3366	2573	2144
505	8886	7928	7983	7155	6710	6699	6129	4678	3826	3401	2586	2120
506	8929	7989	7934	7153	6788	6708	5969	4649	3833	3314	2561	2100
507	8965	7888	7926	7142	6687	6656	6025	4766	3897	3395	2636	2084
508	8945	7818	7827	7146	6680	6745	6049	4668	3883	3389	2538	2151
509	8920	7929	7903	7185	6735	6742	6031	4724	3854	3382	2552	2093
510	8936	7919	7934	7196	6718	6640	6046	4831	3861	3367	2622	2108
511	8999	7821	7967	7096	6711	6726	6156	4706	3866	3384	2596	2117
512	9071	8017	7905	7190	6794	6761	6172	4800	3817	3423	2648	2123
513	8983	7947	8024	7267	6758	6794	6092	4723	3907	3412	2617	2163
514	8908	7937	7892	7209	6664	6716	6014	4792	3880	3361	2605	2111
515	8983	7968	7861	7169	6790	6710	6033	4818	3925	3329	2602	2144
516	9042	7931	8005	7184	6708	6720	6146	4761	3867	3314	2587	2162
517	9004	7985	8025	7330	6818	6795	6158	4813	3874	3368	2588	2110
518	9023	7962	7989	7137	6746	6789	6034	4723	3872	3364	2584	2123
519	8971	8021	7932	7278	6826	6755	6166	4768	3892	3366	2584	2101
520	8983	7894	7915	7216	6814	6712	5986	4796	3837	3355	2612	2165
521	8980	7984	7993	7248	6782	6750	5996	4750	3871	3362	2559	2090
522	9111	7986	8093	7329	6809	6750	6149	4740	3893	3336	2604	2110
523	8994	7990	7951	7181	6928	6742	6079	4663	3832	3383	2613	2115
524	9098	7972	7906	7250	6948	6757	6149	4728	3892	3314	2597	2085
525	8945	8022	7995	7288	7029	6752	6084	4771	3893	3373	2571	2104
526	9009	7986	8053	7162	7036	6790	6070	4729	3933	3425	2610	2152
527	9063	8115	8070	7317	7059	6783	6221	4766	3886	3373	2636	2125
528	9082	7995	8062	7238	7232	6740	6107	4719	3879	3344	2605	2114
529	9046	8023	8061	7259	7180	6799	6018	4773	3941	3332	2579	2096
530	8913	7997	8199	7344	7062	6792	6145	4754	3863	3414	2571	2124
531	9013	7998	8150	7321	7186	6752	6194	4830	3903	3383	2614	2110
532	9051	8043	8063	7294	7283	6829	6152	4771	3875	3345	2629	2121
533	8970	8144	8100	7274	7294	6800	6218	4749	3829	3355	2584	2099
534	9043	8047	8247	7344	7262	6873	6235	4763	3933	3358	2606	2114
535	8994	8032	8182	7316	7183	6864	6178	4741	3914	3366	2649	2060
536	9005	8046	8167	7194	7258	6828	6195	4878	3952	3403	2625	2088
537	9147	8078	8260	7410	7342	6992	6266	4824	3848	3439	2618	2100
538	9013	8104	8245	7348	7277	6869	6167	4713	3908	3409	2634	2126
539	9013	8117	8166	7356	7112	6838	6135	4784	3896	3416	2592	2078
540	9089	8115	8162	7333	7202	6791	6125	4741	3873	3420	2587	2080
541	9090	8061	8152	7335	7302	6902	6181	4785	3901	3378	2556	2112
542	9087	8127	8197	7287	7155	6841	6132	4811	3949	3342	2624	2163
543	9144	8125	8311	7313	7233	6851	6305	4849	3860	3369	2589	2095
544	9167	8107	8198	7376	7358	6929	6129	4772	3902	3379	2606	2152
545	9133	8106	8250	7431	7348	6851	6124	4817	3951	3351	2610	2111
546	9172	8167	8170	7434	7368	6936	6185	4844	3913	3345	2622	2156
547	9089	8232	8292	7330	7245	6868	6159	4782	3835	3380	2600	2137
548	9196	8150	8209	7310	7373	6847	6125	4770	3859	3352	2644	2110
549	9096	8122	8305	7355	7424	6922	6121	4737	3913	3360	2629	2059
550	9141	8152	8293	7467	7614	6900	6152	4832	3882	3386	2606	2114
551	9193	8108	8113	7408	7487	6916	6134	4834	3874	3352	2641	2119
552	9090	8151	8222	7360	7399	6874	6108	4682	3909	3355	2626	2071
553	9166	8136	8255	7377	7372	6998	6168	4783	3855	3379	2615	2100
554	9278	8150	8308	7395	7414	6894	6199	4837	3891	3451	2601	2156
555	9190	8150	8275	7398	7348	6838	6239	4791	3950	3323	2606	2080
556	9183	8073	8245	7500	7393	6751	6185	4732	3873	3327	2603	2089
557	9212	8214	8259	7349	7284	6862	6172	4806	3905	3407	2649	2102
558	9203	8253	8284	7388	7406	6930	6288	4906	3947	3378	2642	2147
559	9149	8198	8324	7408	7288	6958	6251	4912	3933	3367	2602	2122
560	9227	8281	8168	7366	7333	6906	6196	4877	3869	3381	2645	2099
561	9183	8214	8239	7399	7457	6888	6310	4899	3887	3364	2622	2117
562	9243	8189	8293	7400	7344	6949	6308	4823	3863	3364	2619	2133
563	9173	8285	8286	7476	7302	6990	6235	4828	3937	3415	2644	2116
564	9273	8189	8285	7450	7368	6899	6223	4837	3898	3342	2646	2089
565	9230	8172	8335	7422	7215	6930	6264	4744	3933	3380	2629	2124
566	9134	8217	8347	7468	7298	6911	6251	4809	3922	3329	2577	2095
567	9227	8181	8359	7394	7270	6981	6309	4860	3876	3312	2635	2143
568	9297	8289	8376	7471	7201	6973	6159	4843	3960	3381	2629	2083
569	9199	8324	8422	7560	7249	6974	6261	4841	4020	3480	2686	2121
570	9257	8295	8384	7399	7273	6998	6247	4808	3880	3379	2676	2083
571	9138	8155	8433	7518	7216	6940	6184	4751	3815	3419	2614	2155
572	9293	8257	8384	7439	7360	6943	6205	4791	3925	3358	2626	2134
573	9201	8214	8341	7500	7372	7046	6218	4800	3911	3347	2620	2091
574	9272	8204	8369	7496	7208	6964	6169	4755	3905	3356	2628	2144
575	9269	8363	8403	7549	7259	6979	6199	4799	3936	3416	2611	2095
576	9223	8158	8377	7483	7320	6885	6233	4700	3860	3334	2602	2121
577	9284	8261	8439	7567	7286	6921	6267	4752	3922	3359	2636	2132
578	9282	8166	8424	7482	7366	6903	6206	4851	3972	3405	2584	2109
579	9212	8222	8532	7590	7368	6833	6160	4779	3999	3423	2525	2150
580	9279	8372	8435	7592	7438	6934	6292	4818	3883	3393	2642	2081
581	9217	8181	8400	7571	7416	6865	6261	4808	3939	3361	2590	2090
582	9278	8266	8510	7489	7544	6947	6222	4867	3914	3376	2665	2127
583	9279	8316	8518	7534	7349	7007	6269	4919	3987	3321	2662	2076
584	9278	8286	8597	7479	7331	6875	6329	4924	3973	3434	2635	2107
585	9284	8308	8494	7560	7477	6931	6381	4870	3931	3308	2607	2104
586	9324	8400	8601	7517	7342	6905	6360	4873	3909	3424	2603	2135
587	9240	8386	8649	7500	7428	6989	6195	4820	3887	3408	2642	2146
588	9380	8393	8532	7479	7443	7025	6268	4883	3942	3436	2644	2093
589	9357	8390	8529	7535	7486	6985	6304	4854	3859	3337	2613	2117
590	9308	8420	8469	7559	7479	7018	6274	4767	3813	3392	2580	2087
591	9404	8346	8666	7599	7400	7047	6240	4829	3949	3428	2620	2084
592	9330	8346	8642	7541	7462	7050	6296	4831	3872	3388	2624	2133
593	9345	8269	8580	7549	7369	7032	6293	4865	3885	3409	2593	2104
594	9440	8369	8637	7552	7288	7013	6233	4840	3953	3386	2672	2090
595	9308	8436	8573	7555	7416	6954	6313	4923	3947	3421	2672	2077
596	9419	8389	8633	7588	7382	6884	6340	4820	4011	3435	2672	2165
597	9318	8476	8721	7583	7446	6981	6263	4788	3916	3413	2640	2124
598	9312	8360	8618	7654	7318	7039	6280	4878	3872	3400	2644	2097
599	9413	8326	8655	7565	7319	7005	6157	4800	3897	3435	2673	2106
600	9415	8353	8513	7663	7384	6998	6168	4806	3924	3427	2655	2054
601	9345	8386	8608	7676	7400	7101	6330	4836	3967	3381	2637	2094
602	9493	8489	8680	7552	7299	7052	6260	4778	3938	3407	2676	2140
603	9397	8523	8685	7597	7162	7090	6279	4765	3939	3419	2621	2130
604	9350	8456	8658	7628	7326	7077	6216	4770	3935	3438	2673	2104
605	9450	8360	8724	7641	7288	7050	6306	4780	3963	3339	2625	2081
606	9448	8492	8619	7631	7318	7069	6306	4807	3952	3397	2655	2180
607	9383	8406	8659	7685	7192	7057	6279	4843	3921	3470	2676	2145
608	9405	8345	8692	7613	7150	7029	6268	4714	3966	3384	2650	2132
609	9536	8523	8689	7705	7181	7125	6246	4814	3979	3461	2662	2131
610	9408	8489	8860	7533	7193	7032	6170	4803	4015	3444	2695	2129
611	9525	8465	8670	7549	7230	7056	6235	4900	3940	3468	2616	2185
612	9451	8563	8780	7669	7281	7061	6304	4840	3979	3437	2674	2067
613	9327	8554	8759	7716	7328	7101	6347	4836	3933	3374	2699	2118
614	9498	8529	8914	7659	7274	7090	6277	4859	3923	3387	2651	2174
615	9489	8500	8902	7769	7370	7152	6313	4883	3932	3501	2682	2138
616	9510	8529	8879	7766	7276	7136	6314	4855	3996	3433	2624	2116
617	9517	8584	8877	7622	7367	6993	6283	4823	3905	3394	2643	2117
618	9522	8545	8829	7653	7283	7132	6148	4797	3923	3434	2679	2119
619	9524	8582	8823	7692	7331	7008	6098	4756	3878	3403	2687	2123
620	9440	8494	8914	7703	7444	7019	6257	4809	4008	3417	2656	2156
621	9499	8576	8882	7730	7347	7072	6354	4839	4026	3399	2658	2133
622	9487	8578	8750	7702	7368	7145	6345	4940	3981	3479	2674	2137
623	9515	8585	8792	7768	7380	7177	6255	4874	3931	3475	2667	2132
624	9530	8519	8816	7688	7424	7084	6358	4877	3907	3427	2629	2097
625	9496	8623	8822	7689	7385	7145	6423	4861	3990	3468	2640	2113
626	9562	8496	8959	7642	7434	7081	6313	4890	3937	3419	2692	2155
627	9502	8581	8856	7782	7388	7242	6390	4873	3962	3412	2669	2127
628	9509	8608	8892	7677	7435	7098	6329	4849	4005	3417	2662	2166
629	9578	8657	8964	7809	7363	7133	6356	4847	3990	3449	2642	2156
630	9439	8560	8749	7739	7442	7203	6313	4809	3921	3427	2679	2158
631	9571	8621	8926	7756	7452	7209	6376	4854	3907	3442	2667	2104
632	9604	8567	8817	7799	7464	7073	6337	4935	3906	3378	2634	2127
633	9568	8635	8853	7828	7423	7158	6371	4921	3932	3445	2658	2145
634	9609	8541	8918	7803	7439	7212	6343	4800	3966	3422	2687	2119
635	9581	8568	8882	7762	7416	7196	6343	4877	3955	3440	2632	2100
636	9624	8673	8887	7750	7580	7237	6378	4872	3971	3431	2662	2173
637	9599	8577	8844	7700	7587	7118	6315	4884	3967	3429	2695	2167
638	9606	8604	8950	7771	7567	7162	6352	4908	3907	3400	2643	2164
639	9647	8654	8961	7768	7486	7121	6296	4808	3936	3403	2611	2120
640	9604	8664	8965	7729	7509	7144	6329	4888	3919	3401	2617	2105
641	9626	8721	8923	7739	7584	7067	6307	4900	3897	3376	2611	2082
642	9577	8625	8961	7856	7517	7147	6336	4876	3906	3413	2643	2189
643	9650	8743	9008	7840	7520	7178	6365	4893	3919	3325	2621	2132
644	9690	8626	9019	7730	7640	7169	6398	4845	3931	3437	2717	2140
645	9650	8746	8965	7941	7618	7189	6483	4777	4040	3396	2666	2158
646	9653	8639	9005	7873	7600	7159	6389	4867	3927	3376	2603	2116
647	9684	8603	8904	7905	7550	7207	6431	4906	3961	3380	2642	2134
648	9672	8735	8925	7898	7519	7178	6397	4911	3935	3343	2640	2132
649	9743	8707	9001	7838	7676	7029	6313	4845	3937	3456	2662	2192
650	9722	8673	9056	7898	7583	7245	6368	4896	3960	3419	2676	2113
651	9619	8658	9040	7796	7542	7267	6294	4801	3888	3400	2640	2176
652	9661	8739	9026	7867	7450	7277	6307	4843	3945	3388	2628	2154
653	9649	8694	9047	7855	7625	7176	6351	4834	3937	3374	2623	2093
654	9621	8725	9032	7845	7535	7312	6297	4877	3999	3405	2624	2201
655	9679	8704	9079	7889	7494	7189	6319	4855	3968	3412	2670	2124
656	9675	8679	9108	7880	7626	7158	6321	4932	4017	3418	2697	2180
657	9666	8685	9103	7824	7594	7213	6444	4876	3946	3454	2667	2142
658	9643	8818	9061	7870	7686	7189	6431	4833	3956	3407	2644	2128
659	9661	8657	9058	7912	7714	7242	6366	4745	3963	3369	2671	2160
660	9690	8665	9070	8007	7720	7124	6276	4851	3945	3422	2637	2102
661	9753	8799	9259	7831	7787	7251	6400	4939	3959	3437	2641	2183
662	9705	8762	9076	7956	7686	7213	6380	4813	3956	3413	2657	2149
663	9741	8845	9102	7867	7630	7232	6275	4924	3992	3395	2672	2098
664	9824	8726	9156	8053	7822	7325	6407	4948	3982	3465	2683	2123
665	9765	8861	9074	7960	7881	7402	6406	4845	3990	3435	2694	2174
666	9735	8675	9109	7938	7625	7229	6331	4929	3901	3472	2696	2149
667	9738	8795	9149	7858	7597	7227	6391	4847	3961	3392	2612	2129
668	9716	8780	9161	7892	7752	7179	6398	4943	3996	3416	2646	2116
669	9720	8776	9094	7945	7669	7244	6274	4911	3983	3407	2646	2115
670	9719	8816	9195	7866	7691	7188	6364	4884	3916	3397	2625	2158
671	9881	8863	9168	8041	7763	7264	6337	4836	3929	3407	2646	2106
672	9822	8771	9250	7969	7819	7229	6372	4888	3957	3409	2656	2140
673	9735	8826	9259	8009	7880	7208	6374	4865	3974	3497	2713	2112
674	9761	8782	9139	7956	7845	7309	6375	4890	3898	3415	2638	2168
675	9813	8766	9206	7877	7879	7248	6347	4786	3995	3415	2674	2160
676	9865	8810	9202	7945	7830	7279	6358	4814	4028	3381	2700	2127
677	9759	8771	9196	7956	7891	7184	6305	4849	3959	3457	2635	2170
678	9702	8815	9181	7929	7769	7272	6352	4859	3945	3420	2665	2171
679	9775	8823	9136	7947	7841	7328	6362	4848	3945	3436	2671	2187
680	9812	8832	9361	8011	7912	7382	6330	4845	4021	3474	2646	2168
681	9875	8830	9277	8011	7988	7284	6320	4854	3917	3426	2661	2124
682	9851	8796	9299	7978	7996	7259	6335	4890	3973	3447	2682	2159
683	9900	8700	9246	8014	8071	7292	6367	4877	3956	3355	2645	2128
684	9786	8898	9190	7996	7937	7316	6351	4852	3970	3421	2604	2142
685	9745	8858	9363	7925	8083	7205	6281	4871	3994	3391	2647	2158
686	9836	8882	9300	8093	7907	7304	6338	4958	3962	3405	2575	2173
687	9922	8889	9393	8111	7928	7347	6275	4890	3988	3418	2677	2158
688	9923	8893	9289	8008	7947	7133	6314	4936	3969	3370	2639	2153
689	9808	8887	9353	7996	8108	7295	6303	4940	3995	3451	2664	2123
690	9803	8971	9494	8000	8047	7204	6418	4858	3978	3457	2650	2142
691	9814	8903	9318	8025	7887	7161	6323	4855	4019	3449	2626	2145
692	9935	8926	9433	8022	7984	7335	6379	4947	3977	3454	2677	2153
693	9809	8805	9374	8021	7938	7228	6428	4896	3995	3436	2656	2185
694	10024	8914	9369	8127	8090	7300	6428	4895	3911	3382	2662	2146
695	9820	8872	9340	8017	8032	7257	6275	4891	3972	3370	2651	2097
696	9918	8849	9375	8035	8051	7186	6292	4920	4008	3418	2650	2134
697	10000	9013	9409	8149	7911	7297	6403	4798	4045	3410	2682	2151
698	9901	8956	9426	8095	7861	7320	6332	4921	4054	3385	2634	2155
699	9988	8931	9451	8074	7943	7216	6291	4810	3967	3444	2662	2136
700	9901	8879	9488	8087	7929	7175	6399	4890	3933	3348	2671	2193
701	9891	8868	9464	8003	7750	7206	6202	4768	3959	3383	2675	2174
702	9917	8911	9459	8049	7693	7289	6331	4864	3926	3397	2652	2123
703	9972	8866	9439	8154	7653	7297	6346	4926	3916	3446	2670	2163
704	9840	8929	9526	7985	7864	7295	6281	4861	3999	3383	2672	2157
705	9918	8942	9437	8100	7815	7231	6345	4855	3949	3393	2556	2231
706	10000	8949	9487	8082	7899	7236	6409	4867	3946	3357	2670	2149
707	10078	9024	9485	8156	7898	7289	6409	4920	3968	3355	2647	2125
708	9969	8992	9381	8067	7691	7277	6264	4864	3994	3448	2613	2158
709	9972	8971	9426	7981	7865	7327	6319	4829	3915	3365	2665	2157
710	9917	8908	9371	8032	7903	7212	6413	4842	4024	3408	2597	2174
711	9864	8988	9527	8157	7866	7243	6299	4894	3964	3372	2700	2150
712	9969	8957	9512	8050	7728	7261	6342	4843	3921	3481	2662	2139
713	10064	8875	9574	8057	7889	7309	6340	4877	4014	3404	2669	2164
714	9983	8964	9505	8084	7730	7381	6400	4849	3983	3391	2678	2101
715	9909	9014	9547	8088	7666	7237	6296	4768	3943	3449	2641	2131
716	9910	8990	9488	8096	7818	7327	6348	4923	3903	3359	2637	2140
717	9981	8970	9538	8190	7737	7352	6260	4849	3970	3445	2670	2141
718	9985	8966	9563	8078	7809	7302	6371	4874	3923	3344	2699	2135
719	9999	9032	9547	8035	7791	7258	6383	4899	3989	3403	2648	2153
720	10026	9077	9440	8063	7887	7370	6372	4962	3948	3458	2734	2162
721	10019	8979	9536	8125	7956	7447	6358	4860	4005	3428	2720	2171
722	9892	9064	9474	8041	7792	7393	6476	4878	4009	3418	2683	2186
723	10010	8992	9510	8099	7853	7501	6404	4943	3990	3453	2656	2180
724	10050	8925	9531	8094	7751	7274	6365	4932	3966	3431	2665	2148
725	9968	8983	9678	8190	8060	7316	6398	4889	4004	3432	2710	2189
726	10038	9081	9520	8092	7949	7348	6356	4865	4006	3418	2680	2181
727	9993	9002	9710	8158	7900	7366	6408	4864	4039	3418	2709	2153
728	9957	8943	9560	8144	7879	7378	6426	4887	3980	3462	2688	2211
729	9977	9026	9573	8134	7821	7333	6336	4893	3957	3432	2699	2141
730	10070	9044	9757	8123	7844	7411	6393	4862	3987	3466	2696	2174
731	10030	9114	9635	8134	7928	7403	6339	4905	3991	3376	2677	2203
732	10079	9052	9766	8191	8101	7446	6440	4953	4045	3430	2729	2179
733	9945	9044	9694	8176	7767	7293	6298	4882	3976	3445	2685	2130
734	10064	9105	9631	8147	7917	7331	6385	5005	4025	3501	2717	2212
735	10186	9172	9670	8311	7784	7410	6407	4989	4007	3440	2661	2155
736	10029	9096	9725	8216	7784	7305	6342	4901	3946	3424	2628	2153
737	10006	9085	9784	8198	7914	7305	6293	4890	3966	3414	2724	2202
738	10069	9077	9697	8228	7840	7308	6333	4935	4023	3461	2693	2111
739	10061	9142	9703	8285	7867	7459	6393	5042	3965	3466	2720	2235
740	10052	9065	9669	8237	8143	7460	6366	4971	3992	3441	2677	2150
741	10003	9171	9637	8136	7921	7361	6307	4927	3989	3507	2656	2203
742	10037	9143	9691	8292	7963	7329	6383	5012	3939	3402	2606	2190
743	10051	9128	9744	8223	7852	7464	6432	4964	4004	3439	2710	2182
744	10095	9215	9757	8225	8007	7304	6295	4825	4015	3353	2687	2114
745	10047	9224	9729	8244	7852	7361	6458	5040	4011	3473	2672	2190
746	9993	9059	9750	8254	7970	7432	6442	4970	3995	3463	2621	2133
747	9989	9114	9646	8226	7965	7302	6495	5005	3955	3384	2644	2147
748	10077	9106	9741	8196	7918	7275	6376	4897	4073	3461	2693	2129
749	10159	9181	9724	8152	7888	7307	6363	4918	3890	3355	2682	2117
750	10099	9111	9772	8212	7955	7276	6367	4947	4062	3420	2704	2096
751	10024	9125	9772	8299	8149	7407	6412	4890	4083	3364	2665	2141
752	10091	9155	9821	8187	7900	7368	6420	4939	4000	3381	2668	2175
753	10093	9113	9784	8346	7966	7348	6416	4909	3969	3461	2677	2129
754	9990	9200	9871	8230	7833	7452	6476	4987	3931	3427	2630	2157
755	10065	9153	9787	8286	7899	7430	6465	4890	4056	3437	2696	2128
756	10126	9154	9868	8361	7973	7301	6245	4862	4021	3374	2640	2193
757	10094	9106	9800	8202	7985	7390	6418	5035	4006	3394	2694	2161
758	10051	9093	9935	8182	7966	7370	6386	4868	3958	3446	2671	2136
759	10204	9262	9915	8289	7926	7306	6368	4939	4060	3454	2686	2135
760	10101	9179	9892	8179	7951	7344	6366	4887	4048	3378	2699	2121
761	10244	9263	9941	8202	8056	7359	6533	4901	3973	3448	2704	2217
762	10097	9183	9796	8341	7880	7455	6416	4863	4044	3467	2661	2155
763	10153	9049	9868	8270	7912	7434	6419	4954	3959	3428	2654	2167
764	10205	9197	9823	8261	7946	7325	6450	4939	3998	3479	2690	2183
765	10088	9114	9886	8297	8141	7406	6353	4948	4010	3437	2736	2169
766	10203	9209	9827	8316	7975	7333	6433	4929	4044	3413	2682	2174
767	10207	9149	9804	8284	8048	7475	6417	4926	3976	3464	2684	2169
768	10069	9185	9896	8283	8007	7371	6310	4908	4047	3478	2757	2179
769	10232	9328	10036	8244	8033	7386	6267	4875	4084	3419	2680	2164
770	10215	9317	9884	8302	8009	7367	6376	4969	4044	3404	2619	2169
771	10159	9154	9973	8331	8005	7366	6387	4875	3950	3405	2652	2181
772	9986	9207	9991	8303	8060	7434	6467	4948	4030	3404	2629	2195
773	10199	9204	9993	8288	7981	7366	6328	4890	4005	3450	2676	2190
774	10204	9251	9977	8362	7901	7384	6355	4869	4016	3402	2686	2186
775	10058	9274	10010	8344	7837	7354	6261	4910	3946	3429	2672	2168
776	10122	9148	10029	8290	7929	7284	6391	4832	3995	3413	2693	2124
777	10253	9370	9972	8422	7942	7380	6390	4860	4010	3460	2637	2148
778	10323	9188	9919	8379	7960	7380	6422	4889	3977	3449	2681	2183
779	10258	9259	10040	8376	8054	7443	6477	5021	4057	3505	2687	2213
780	10155	9253	9881	8403	7967	7443	6428	4914	4046	3440	2638	2170
781	10234	9232	9942	8263	7851	7318	6384	4896	4015	3418	2678	2201
782	10202	9200	9963	8357	7962	7335	6318	4949	4029	3426	2698	2183
783	10231	9171	9943	8309	7868	7337	6284	4939	4069	3437	2671	2225
784	10185	9168	9988	8337	8056	7339	6413	4930	4074	3476	2710	2189
785	10180	9254	9906	8391	7992	7420	6399	4844	4047	3395	2702	2173
786	10193	9356	9875	8314	7924	7342	6373	4910	4045	3417	2693	2207
787	10239	9295	10007	8359	7988	7299	6445	4925	4066	3527	2705	2214
788	10290	9268	10069	8416	8004	7364	6449	4953	4088	3467	2718	2167
789	10261	9407	10073	8368	7959	7332	6359	4958	3973	3452	2728	2151
790	10237	9316	10094	8455	8039	7407	6360	4851	4033	3583	2745	2210
791	10246	9297	9983	8300	7947	7346	6384	4914	4043	3426	2601	2197
792	10214	9404	10019	8405	8024	7307	6368	4964	4108	3456	2655	2179
793	10258	9337	10095	8375	7947	7381	6456	4947	3984	3489	2696	2110
794	10231	9366	9918	8403	7991	7272	6399	4995	4050	3390	2725	2144
795	10308	9303	10019	8401	8065	7329	6497	4942	4027	3428	2666	2179
796	10198	9260	10103	8390	8126	7401	6508	5048	4039	3497	2705	2158
797	10327	9291	10076	8299	8030	7406	6455	5001	3964	3456	2703	2194
798	10264	9389	10105	8334	8022	7326	6420	4957	3947	3449	2676	2219
799	10272	9291	9918	8383	7946	7334	6509	4983	4046	3516	2701	2179
800	10295	9269	10087	8398	8087	7416	6440	5003	3951	3409	2679	2144
801	10229	9260	10024	8326	8036	7378	6420	4869	4034	3432	2660	2188
802	10249	9387	10045	8369	7955	7374	6401	4883	4001	3464	2670	2186
803	10381	9339	10077	8334	8046	7388	6404	4939	4014	3485	2693	2158
804	10418	9334	10090	8313	7901	7408	6462	4950	4044	3451	2695	2132
805	10350	9317	10109	8474	8318	7428	6407	4916	3976	3437	2710	2194
806	10383	9333	10156	8397	8101	7386	6336	4957	4053	3435	2719	2173
807	10346	9342	10093	8485	8053	7433	6402	4928	4035	3466	2654	2178
808	10277	9292	10118	8415	8000	7356	6420	4947	3982	3419	2668	2185
809	10351	9447	10060	8383	7971	7339	6340	4886	4021	3409	2689	2170
810	10131	9400	10172	8341	8134	7326	6472	4966	3977	3472	2657	2197
811	10450	9313	10178	8457	8101	7471	6501	4966	3994	3515	2760	2190
812	10321	9373	10043	8411	8125	7491	6419	4900	4031	3417	2684	2181
813	10336	9360	10166	8470	8008	7398	6326	4881	4061	3397	2690	2151
814	10276	9280	10169	8444	8047	7413	6351	4925	4057	3435	2655	2136
815	10391	9286	10147	8343	8155	7393	6415	4972	4033	3443	2666	2166
816	10332	9349	10037	8440	8124	7444	6567	5012	4017	3428	2639	2192
817	10418	9472	9980	8420	8025	7398	6568	4926	4122	3431	2680	2155
818	10390	9352	10080	8425	8123	7456	6475	4991	4004	3390	2715	2153
819	10368	9366	10204	8484	8143	7495	6475	4968	4008	3445	2685	2193
820	10390	9495	10143	8528	8037	7434	6442	4968	3935	3447	2686	2181
821	10435	9364	10253	8430	8084	7424	6313	4937	3972	3478	2675	2203
822	10458	9549	10194	8474	8151	7491	6484	5051	4084	3509	2714	2203
823	10369	9386	10153	8488	7985	7388	6463	5022	4002	3477	2725	2249
824	10397	9354	10292	8432	8189	7488	6449	4999	4006	3376	2658	2161
825	10435	9440	10169	8549	8034	7389	6468	5091	4004	3442	2665	2203
826	10355	9442	10287	8521	7971	7432	6467	5119	4132	3469	2702	2234
827	10451	9456	10420	8532	8150	7522	6447	4996	3986	3453	2734	2192
828	10353	9484	10189	8457	8077	7540	6385	4945	4017	3449	2724	2135
829	10310	9419	10322	8486	8109	7303	6356	4857	4009	3448	2653	2137
830	10345	9517	10194	8411	8079	7399	6399	5029	4023	3434	2686	2205
831	10406	9423	10279	8520	8131	7446	6432	4974	4023	3418	2737	2153
832	10416	9350	10251	8572	8133	7467	6488	4948	4013	3439	2639	2110
833	10409	9390	10261	8478	8076	7403	6480	4900	4016	3413	2720	2166
834	10374	9553	10335	8554	8123	7357	6375	4943	4059	3439	2661	2185
835	10431	9368	10263	8587	8109	7490	6448	4940	4029	3409	2705	2119
836	10387	9460	10236	8424	8095	7447	6496	5183	4103	3391	2681	2128
837	10313	9499	10273	8510	8053	7536	6379	5001	4003	3470	2667	2133
838	10504	9545	10383	8537	8159	7509	6377	4956	4099	3478	2734	2162
839	10510	9495	10276	8689	8321	7500	6495	4975	4085	3525	2707	2172
840	10419	9439	10329	8555	8102	7479	6473	5054	4008	3423	2698	2179
841	10518	9479	10198	8533	8066	7453	6419	4995	4066	3446	2676	2207
842	10502	9485	10283	8555	8027	7506	6505	4895	4093	3494	2736	2188
843	10473	9440	10326	8642	8170	7518	6535	4981	4075	3432	2680	2181
844	10452	9554	10359	8624	8186	7637	6549	5060	4073	3558	2785	2188
845	10553	9570	10317	8614	8240	7578	6679	5034	4049	3412	2629	2178
846	10456	9410	10318	8581	8103	7471	6388	4906	4040	3414	2752	2241
847	10474	9524	10348	8593	8127	7527	6411	4994	4049	3383	2685	2179
848	10469	9396	10330	8519	8144	7490	6523	4961	3985	3463	2717	2226
849	10401	9489	10392	8496	8130	7547	6532	5082	4060	3427	2697	2171
850	10508	9534	10375	8627	8160	7520	6527	5058	4041	3466	2682	2171
851	10510	9359	10375	8593	8178	7534	6490	5023	3997	3462	2704	2188
852	10526	9456	10397	8521	8171	7421	6456	4979	4085	3516	2678	2189
853	10540	9571	10398	8547	8174	7384	6391	4951	4049	3486	2676	2194
854	10535	9540	10285	8579	8189	7482	6478	4952	4068	3552	2708	2198
855	10568	9556	10291	8515	8104	7406	6497	5001	3959	3384	2716	2222
856	10532	9468	10327	8534	8217	7436	6461	4940	4055	3378	2624	2186
857	10517	9542	10378	8502	8123	7458	6368	4962	4033	3448	2691	2170
858	10508	9565	10434	8582	8181	7387	6412	4995	4026	3429	2734	2205
859	10442	9464	10430	8564	8073	7435	6436	4855	4006	3403	2679	2153
860	10486	9538	10294	8645	8173	7502	6400	4949	3990	3389	2677	2127
861	10467	9515	10441	8592	8103	7370	6378	4850	4034	3472	2684	2221
862	10552	9417	10338	8563	8161	7384	6352	4914	3983	3499	2741	2189
863	10537	9610	10375	8548	8060	7402	6447	4956	4035	3479	2742	2180
864	10511	9618	10429	8693	8183	7458	6340	4870	4054	3387	2747	2239
865	10639	9616	10468	8790	8166	7430	6350	4901	4076	3471	2671	2255
866	10677	9568	10438	8607	8343	7399	6425	4920	4017	3491	2707	2194
867	10586	9586	10383	8604	8085	7429	6429	4881	4032	3475	2692	2220
868	10614	9437	10367	8606	8176	7499	6418	4939	4059	3489	2625	2212
869	10469	9525	10435	8612	8230	7438	6455	4878	4048	3421	2662	2214
870	10543	9481	10486	8459	8142	7456	6468	4954	4067	3439	2704	2207
871	10574	9526	10407	8499	8236	7518	6428	4953	4010	3504	2705	2183
872	10598	9597	10406	8608	8063	7457	6401	4841	4044	3431	2738	2176
873	10608	9565	10449	8510	8126	7458	6348	4908	4021	3468	2689	2203
874	10614	9584	10456	8634	8074	7505	6423	4920	3985	3478	2721	2214
875	10552	9680	10429	8637	8169	7435	6472	4972	4060	3444	2719	2150
876	10590	9662	10472	8630	8119	7415	6434	4923	4061	3516	2702	2195
877	10533	9439	10462	8656	8145	7294	6429	4889	4111	3481	2684	2233
878	10666	9542	10442	8609	8195	7394	6432	4878	4045	3412	2617	2171
879	10537	9625	10419	8686	8177	7441	6385	4940	3994	3482	2669	2154
880	10570	9697	10488	8787	8344	7444	6513	4968	4133	3511	2694	2164
881	10631	9647	10472	8635	8209	7451	6388	4882	4022	3473	2745	2211
882	10682	9537	10377	8585	8199	7453	6421	4840	4003	3471	2686	2143
883	10471	9643	10439	8591	8270	7452	6391	4934	4042	3483	2697	2213
884	10692	9628	10501	8752	8164	7594	6385	4966	3976	3447	2695	2166
885	10628	9686	10527	8656	8225	7523	6481	4984	4011	3475	2672	2177
886	10609	9615	10512	8687	8283	7583	6406	5000	3984	3482	2712	2195
887	10596	9576	10500	8720	8289	7476	6371	5029	3997	3493	2710	2174
888	10583	9562	10600	8555	8246	7467	6444	5075	4010	3483	2736	2140
889	10574	9595	10499	8576	8290	7489	6494	4987	3965	3557	2694	2178
890	10731	9633	10664	8731	8291	7578	6511	4957	4039	3434	2718	2216
891	10583	9629	10423	8751	8342	7562	6474	5019	4094	3504	2701	2185
892	10593	9814	10518	8708	8147	7439	6481	4986	4000	3454	2681	2189
893	10552	9644	10468	8717	8129	7486	6384	4922	3995	3449	2687	2197
894	10644	9658	10508	8647	8250	7450	6431	4885	3945	3433	2691	2241
895	10656	9651	10528	8643	8333	7390	6463	4941	4008	3471	2696	2129
896	10595	9694	10646	8767	8175	7496	6473	5041	4070	3430	2668	2183
897	10703	9677	10484	8761	8230	7559	6522	5019	4106	3454	2728	2189
898	10677	9675	10441	8649	8188	7554	6491	5020	4090	3440	2751	2202
899	10741	9583	10446	8727	8216	7516	6466	4978	4049	3504	2717	2160
900	10716	9568	10487	8806	8261	7491	6380	4886	3992	3504	2811	2251
901	10666	9793	10496	8785	8336	7569	6538	5085	4086	3473	2765	2245
902	10681	9634	10564	8640	8189	7492	6423	4965	4065	3546	2753	2255
903	10624	9556	10494	8716	8274	7472	6359	4976	4007	3453	2753	2240
904	10674	9643	10591	8716	8329	7414	6428	4982	4107	3452	2744	2249
905	10853	9713	10615	8709	8340	7504	6388	4990	4050	3496	2700	2216
906	10595	9636	10541	8724	8254	7490	6402	4926	4041	3501	2681	2210
907	10713	9715	10525	8668	8306	7438	6408	5043	4057	3484	2752	2234
908	10669	9619	10544	8661	8161	7470	6462	4927	3949	3442	2728	2180
909	10772	9585	10662	8580	8361	7612	6466	4994	4124	3463	2724	2196
910	10704	9702	10633	8690	8227	7573	6531	5045	4005	3558	2744	2191
911	10822	9817	10660	8664	8311	7497	6507	4984	4022	3461	2747	2182
912	10588	9682	10672	8683	8292	7553	6566	5000	3942	3437	2718	2179
913	10781	9793	10630	8685	8163	7551	6622	4985	4022	3493	2776	2230
914	10782	9660	10610	8611	8087	7391	6489	4970	3980	3496	2711	2214
915	10696	9741	10713	8727	8214	7487	6408	4954	4056	3533	2716	2227
916	10720	9738	10714	8687	8218	7441	6338	4895	4030	3436	2729	2205
917	10679	9757	10721	8725	8281	7560	6462	4998	4047	3454	2772	2236
918	10656	9694	10684	8699	8313	7586	6465	4942	4021	3485	2751	2194
919	10804	9721	10774	8778	8326	7490	6398	5017	4035	3426	2719	2201
920	10723	9742	10659	8639	8224	7572	6408	4976	4044	3437	2688	2177
921	10660	9769	10735	8783	8233	7418	6388	4956	4052	3407	2704	2197
922	10654	9722	10734	8787	8192	7424	6429	4970	4118	3469	2715	2184
923	10866	9704	10718	8866	8182	7450	6411	4996	4020	3492	2696	2161
924	10727	9723	10658	8705	8299	7615	6462	4957	4091	3421	2694	2197
925	10734	9799	10608	8641	8242	7555	6502	4988	4028	3498	2736	2172
926	10842	9893	10665	8808	8212	7503	6436	4912	3994	3553	2759	2219
927	10729	9815	10761	8784	8322	7582	6468	4925	4118	3557	2776	2253
928	10734	9828	10699	8707	8382	7619	6597	5008	4079	3569	2836	2259
929	10744	9766	10802	8785	8199	7646	6520	5047	4073	3525	2770	2284
930	10771	9874	10686	8727	8276	7534	6478	4947	4025	3515	2778	2231
931	10779	9764	10736	8731	8210	7577	6498	4926	4049	3538	2833	2233
932	10813	9746	10822	8806	8387	7571	6429	4974	4080	3530	2756	2241
933	10778	9846	10718	8776	8273	7500	6510	4971	4112	3510	2744	2227
934	10784	9845	10744	8740	8348	7514	6485	4999	4077	3583	2768	2218
935	10760	9709	10678	8789	8457	7559	6325	4936	4085	3532	2777	2237
936	10786	9672	10956	8696	8352	7585	6430	4923	4076	3510	2724	2279
937	10786	9828	10781	8745	8455	7696	6495	5085	4034	3547	2792	2245
938	10771	9787	10731	8731	8264	7587	6599	5004	4051	3535	2735	2253
939	10721	9802	10837	8668	8226	7660	6468	4994	4121	3522	2748	2199
940	10764	9836	10687	8673	8375	7567	6571	5117	4021	3489	2781	2201
941	10915	9856	10710	8641	8251	7430	6504	4970	4054	3501	2725	2231
942	10760	9676	10778	8722	8341	7478	6533	4965	4057	3507	2697	2225
943	10799	9853	10849	8899	8479	7513	6670	5046	4057	3475	2757	2300
944	10874	9753	10813	8760	8440	7669	6490	4963	4002	3577	2726	2252
945	10763	9848	10815	8662	8426	7597	6507	4992	4023	3510	2818	2201
946	10784	9748	10776	8718	8356	7490	6552	4898	4058	3579	2748	2239
947	10907	9897	10875	8807	8366	7666	6493	4942	4120	3588	2772	2212
948	10804	9814	10687	8820	8249	7574	6495	5001	4018	3564	2715	2205
949	10784	9768	10940	8870	8240	7628	6448	5064	4070	3487	2779	2241
950	10805	9882	10776	8849	8361	7505	6444	5017	4016	3465	2753	2230
951	10839	9820	10938	8707	8306	7586	6327	4933	4061	3555	2712	2230
952	10762	9732	10836	8859	8148	7464	6381	4885	4088	3478	2692	2157
953	10810	9887	10760	8881	8284	7389	6467	5020	4031	3469	2686	2164
954	10782	9856	10800	8796	8316	7530	6512	5027	3997	3493	2707	2199
955	10920	9749	10808	8859	8231	7432	6383	4966	4031	3496	2670	2186
956	10912	9874	10839	8876	8370	7498	6384	4878	4028	3499	2802	2187
957	10807	9816	10901	8773	8243	7404	6423	5010	4015	3451	2685	2180
958	10889	9794	10862	8820	8327	7590	6563	4943	4123	3532	2794	2223
959	10816	9943	10794	8895	8240	7569	6563	4890	4034	3533	2738	2219
960	10930	9834	10807	8827	8285	7643	6509	5007	4020	3491	2729	2143
961	11017	9833	10727	8855	8259	7512	6495	4989	4007	3540	2752	2179
962	10947	9973	10899	8844	8447	7584	6515	4921	4099	3584	2725	2237
963	10965	9814	10784	8861	8266	7503	6514	5048	4093	3560	2758	2260
964	10973	9825	10870	8739	8324	7597	6566	4982	4074	3486	2788	2247
965	10855	9876	10901	8815	8200	7430	6507	4899	4061	3572	2771	2215
966	10946	9927	10791	8834	8348	7441	6423	4963	4005	3441	2664	2188
967	10843	9738	10879	8785	8269	7584	6395	4914	3999	3454	2726	2219
968	10909	9824	10898	8872	8231	7450	6468	4984	4074	3552	2699	2233
969	10930	9773	10907	8876	8414	7498	6532	5023	4046	3463	2695	2176
970	10911	9893	10830	8852	8331	7525	6400	4955	4038	3483	2710	2225
971	10998	9855	10843	8813	8317	7517	6668	5046	4018	3475	2688	2189
972	10816	9871	10901	8778	8384	7542	6478	4949	4023	3477	2709	2244
973	10816	9847	10808	8897	8306	7648	6462	4976	4012	3455	2734	2217
974	10983	9877	10892	8888	8187	7530	6495	4972	4006	3499	2690	2220
975	10869	9939	10830	8843	8502	7518	6432	5050	4013	3524	2777	2175
976	10912	9944	10950	8759	8222	7494	6377	4951	4029	3472	2669	2161
977	10833	9849	10890	8870	8367	7568	6469	5010	4031	3431	2685	2194
978	10985	9918	10914	8952	8334	7563	6531	5025	4021	3477	2727	2181
979	10898	9906	10856	8844	8353	7673	6526	4968	4028	3483	2671	2210
980	10943	9948	10906	8824	8271	7494	6394	4908	4041	3481	2697	2195
981	10976	9944	10960	8836	8269	7612	6421	4903	4099	3509	2675	2169
982	11012	10094	10954	8929	8328	7645	6474	5041	3994	3548	2823	2189
983	10990	9977	10903	8940	8355	7567	6469	5014	4028	3486	2728	2190
984	10935	9806	10919	8941	8368	7469	6431	4944	3986	3522	2701	2208
985	11015	10014	10911	9045	8357	7455	6511	4980	4052	3539	2775	2228
986	11050	10018	10968	9006	8406	7578	6593	5017	3988	3561	2720	2227
987	10889	9953	10946	8957	8395	7570	6550	5026	3929	3501	2760	2268
988	10887	9985	10899	8998	8349	7431	6335	4917	4043	3492	2700	2218
989	10923	9947	11028	8961	8524	7620	6380	4981	4026	3470	2696	2179
990	11007	9851	10961	8957	8379	7634	6532	5022	4048	3525	2737	2203
991	11024	10016	11064	8939	8398	7513	6484	4921	4024	3467	2752	2249
992	10932	9986	10990	9005	8314	7574	6404	5029	4003	3495	2723	2205
993	10891	9957	10912	8908	8398	7627	6421	4927	4037	3409	2639	2234
994	10962	9974	10980	8925	8483	7462	6445	4930	3973	3446	2759	2198
995	11006	9942	11009	8933	8378	7590	6556	4923	4076	3466	2717	2239
996	10940	9965	10890	8952	8326	7472	6502	4939	4039	3522	2675	2171
997	11079	9934	10981	9109	8461	7647	6529	5044	4094	3494	2704	2232
998	10996	9880	11020	8963	8379	7726	6515	5051	4033	3449	2712	2179
999	11082	10078	10991	9064	8405	7653	6438	4908	4012	3509	2699	2200
