time	200	160	128	102.4	81.92	65.536	52.4288	41.94304	33.554432	26.8435456	21.47483648	17.17986918
5	254	187	138	106	85	66	58	50	43	40	45	44
6	335	245	195	131	101	74	63	48	51	44	44	44
7	438	278	239	143	111	90	61	57	49	50	43	45
8	572	392	284	194	125	87	72	63	52	50	44	46
9	722	456	363	230	155	111	84	59	53	50	49	46
10	925	561	424	253	172	127	83	68	58	52	47	41
11	1176	666	538	306	208	137	84	78	57	48	49	47
12	1531	865	710	353	240	144	103	87	57	59	46	50
13	1908	1056	839	427	298	161	109	83	57	51	54	41
14	2317	1337	1058	483	339	178	108	89	70	59	52	47
15	2823	1778	1327	605	396	208	126	102	71	54	57	49
16	3367	2220	1673	725	431	237	148	116	76	66	48	46
17	3926	2789	2069	931	519	248	140	121	75	69	56	48
18	4446	3405	2524	1095	622	276	150	134	80	67	60	53
19	4934	3923	2959	1323	702	318	186	132	92	62	59	49
20	5262	4475	3390	1618	816	365	192	147	98	77	62	57
21	5685	4899	3812	1896	965	427	231	159	108	83	69	57
22	6100	5530	4259	2206	1105	475	233	186	111	85	68	58
23	6437	5910	4585	2458	1294	545	263	203	128	90	71	62
24	6834	6262	5005	2760	1470	591	300	231	130	102	71	64
25	6920	6595	5138	3030	1626	705	322	254	155	103	80	72
26	7248	6994	5469	3326	1811	794	355	274	148	112	85	76
27	7522	7210	5519	3582	2028	896	377	300	175	121	85	82
28	7527	7243	5839	3816	2178	991	452	335	191	132	95	89
29	7644	7369	6012	3976	2369	1169	497	350	191	137	100	89
30	7787	7590	6096	4179	2536	1196	565	404	205	156	106	99
31	7737	7745	6100	4322	2697	1389	616	450	224	177	101	115
32	7814	7787	6293	4539	2880	1500	697	502	246	164	132	127
33	7772	7849	6368	4648	3012	1585	768	556	277	190	126	136
34	8028	7975	6471	4885	3131	1727	841	599	295	212	141	135
35	7948	7947	6704	5054	3307	1863	926	665	326	225	157	159
36	7965	8059	6498	5255	3434	1972	1003	703	364	244	161	166
37	7822	7996	6626	5265	3499	2068	1089	757	367	277	173	174
38	8238	7982	6693	5375	3681	2154	1164	804	406	301	173	195
39	8069	7836	6595	5394	3686	2225	1229	860	432	319	195	199
40	7914	7963	6862	5604	3730	2356	1373	956	454	362	204	218
41	7997	7835	6660	5510	3908	2435	1403	1004	495	399	244	238
42	7674	7959	6731	5598	3872	2526	1463	1061	534	380	250	242
43	8175	7720	6755	5547	3979	2669	1590	1130	570	443	251	269
44	8164	7917	6662	5591	4079	2742	1652	1227	620	480	277	304
45	7887	7751	6737	5569	4046	2798	1737	1289	661	518	293	311
46	8055	7818	6815	5683	4207	2874	1832	1346	701	544	317	322
47	8170	7933	6867	5689	4287	2876	1897	1371	741	561	348	354
48	7995	7752	6761	5611	4315	2993	1939	1474	769	625	341	386
49	7899	7602	6744	5588	4368	3020	2009	1534	831	658	378	403
50	7909	7825	6851	5612	4409	3137	2050	1642	884	682	364	406
51	7867	7672	6732	5635	4351	3271	2130	1675	934	731	428	447
52	7786	7721	6778	5658	4393	3155	2136	1744	996	794	437	446
53	7895	7629	6794	5614	4427	3206	2169	1759	1036	838	443	498
54	8104	7749	6902	5724	4556	3284	2272	1860	1092	856	479	505
55	7900	7786	6761	5782	4580	3324	2314	1942	1121	890	499	553
56	7865	7524	6735	5675	4535	3330	2357	1975	1185	946	540	562
57	8033	7511	6680	5717	4561	3395	2412	2043	1211	972	567	585
58	7892	7617	6603	5720	4531	3341	2375	2019	1237	998	559	606
59	8066	7541	6606	5602	4518	3390	2412	2035	1324	1009	609	616
60	7746	7453	6520	5658	4526	3390	2493	2118	1302	1090	604	649
61	7696	7503	6610	5596	4620	3459	2485	2176	1391	1134	671	663
62	7824	7533	6587	5652	4482	3469	2475	2186	1481	1136	671	698
63	7794	7614	6774	5707	4641	3592	2596	2244	1456	1195	706	703
64	7760	7490	6767	5684	4587	3516	2589	2287	1527	1212	751	736
65	7526	7433	6484	5625	4572	3501	2627	2296	1559	1258	756	740
66	7726	7388	6508	5619	4602	3578	2656	2294	1589	1244	784	815
67	7902	7454	6519	5691	4696	3611	2669	2351	1649	1311	800	815
68	7644	7441	6646	5638	4545	3559	2687	2333	1663	1330	820	824
69	7707	7540	6702	5589	4594	3586	2671	2382	1698	1349	880	852
70	7451	7376	6613	5635	4559	3544	2734	2356	1708	1380	879	851
71	7579	7267	6495	5530	4627	3560	2692	2411	1766	1388	917	869
72	7786	7432	6535	5557	4642	3614	2723	2461	1779	1402	942	919
73	7715	7252	6384	5484	4555	3641	2723	2431	1822	1483	996	900
74	7747	7323	6490	5577	4626	3592	2686	2487	1832	1489	995	934
75	7757	7320	6479	5520	4574	3585	2768	2526	1810	1482	997	932
76	7666	7177	6480	5556	4545	3674	2738	2545	1923	1506	1054	920
77	7495	7066	6480	5492	4550	3635	2793	2513	1931	1524	1037	951
78	7489	7201	6566	5487	4564	3588	2855	2540	1895	1566	1087	953
79	7558	7231	6519	5477	4597	3579	2817	2553	1940	1611	1128	991
80	7417	7134	6372	5465	4519	3619	2783	2482	1939	1597	1164	1037
81	7632	7286	6558	5493	4662	3618	2785	2552	1982	1560	1165	1030
82	7522	7361	6469	5443	4529	3633	2840	2574	2027	1604	1178	1015
83	7460	7198	6510	5474	4512	3662	2783	2579	2013	1598	1165	1064
84	7619	7272	6412	5441	4584	3524	2741	2569	2056	1615	1209	1077
85	7452	7059	6412	5389	4497	3607	2803	2558	2032	1654	1207	1106
86	7328	7252	6426	5470	4501	3626	2801	2634	2051	1648	1243	1094
87	7522	7186	6312	5382	4559	3545	2795	2583	2108	1627	1257	1102
88	7511	7239	6348	5531	4544	3609	2811	2595	2077	1686	1276	1102
89	7371	7031	6444	5391	4523	3618	2798	2630	2114	1648	1277	1135
90	7586	7174	6580	5425	4528	3645	2872	2577	2045	1689	1238	1115
91	7408	7246	6425	5371	4496	3583	2847	2624	2083	1685	1296	1112
92	7435	7228	6296	5468	4501	3677	2833	2597	2089	1705	1309	1148
93	7566	7213	6354	5428	4522	3660	2819	2567	2117	1693	1324	1143
94	7377	7044	6354	5389	4481	3541	2822	2649	2155	1714	1367	1173
95	7283	7004	6428	5392	4395	3543	2853	2622	2124	1765	1360	1149
96	7245	7039	6349	5322	4472	3611	2861	2627	2131	1710	1341	1150
97	7394	7204	6532	5371	4503	3598	2848	2672	2092	1756	1389	1177
98	7382	7152	6436	5380	4451	3643	2902	2622	2186	1749	1365	1162
99	7546	7080	6295	5363	4434	3567	2861	2624	2190	1752	1343	1173
100	7441	7071	6352	5298	4413	3581	2852	2646	2128	1730	1439	1222
101	7224	6944	6316	5278	4448	3635	2822	2629	2154	1791	1436	1194
102	7358	7012	6316	5304	4444	3601	2854	2657	2209	1756	1436	1182
103	7385	6909	6151	5338	4434	3582	2913	2644	2132	1791	1396	1209
104	7246	7061	6315	5279	4344	3616	2886	2620	2147	1786	1437	1177
105	7497	7194	6200	5314	4384	3600	2903	2672	2188	1817	1441	1241
106	7240	6994	6265	5397	4441	3597	2882	2667	2164	1800	1453	1193
107	7271	7043	6294	5262	4430	3608	2867	2618	2165	1763	1470	1240
108	7328	6853	6293	5269	4482	3551	2906	2627	2163	1815	1480	1221
109	7438	7068	6186	5197	4420	3541	2901	2601	2168	1790	1478	1214
110	7405	6939	6207	5187	4463	3604	2919	2634	2145	1804	1469	1202
111	7302	6988	6258	5208	4401	3576	2923	2644	2196	1812	1458	1259
112	7382	6985	6176	5268	4334	3622	2879	2622	2217	1795	1478	1265
113	7413	6959	6227	5183	4393	3544	2858	2690	2232	1817	1480	1233
114	7333	7025	6097	5189	4361	3560	2909	2648	2210	1833	1488	1233
115	7317	6997	6094	5218	4306	3535	2801	2644	2183	1804	1490	1248
116	7298	6950	6220	5306	4384	3581	2916	2645	2233	1803	1511	1252
117	7331	6849	6248	5253	4370	3556	2853	2642	2202	1819	1473	1255
118	7329	7058	6015	5248	4428	3543	2842	2591	2230	1751	1473	1226
119	7361	7009	6173	5234	4392	3584	2861	2674	2185	1823	1494	1226
120	7343	6976	6251	5253	4446	3530	2882	2655	2155	1791	1528	1290
121	7334	6901	6280	5192	4399	3581	2887	2672	2282	1838	1492	1257
122	7441	6754	6105	5127	4284	3506	2870	2662	2215	1837	1504	1268
123	7300	6741	6105	5150	4351	3488	2919	2653	2257	1765	1483	1221
124	7228	6888	6193	5169	4330	3488	2865	2634	2203	1809	1484	1239
125	7362	6729	6114	5252	4378	3592	2848	2649	2236	1795	1500	1280
126	7367	6912	6036	5204	4353	3551	2921	2671	2231	1864	1501	1232
127	7352	6933	6064	5196	4398	3571	2862	2662	2188	1813	1517	1233
128	7364	6954	6181	5115	4329	3530	2883	2577	2214	1831	1535	1268
129	7265	6939	6096	5151	4355	3461	2816	2696	2251	1839	1502	1271
130	7383	6935	6020	5083	4301	3472	2829	2577	2199	1834	1495	1228
131	7108	6860	6074	5055	4324	3479	2862	2622	2230	1820	1523	1288
132	7366	6806	6066	5149	4293	3530	2847	2623	2307	1817	1482	1269
133	7301	6846	6010	5088	4308	3588	2873	2664	2221	1830	1503	1245
134	7166	6734	6145	5112	4281	3489	2875	2625	2252	1834	1544	1269
135	7175	6793	6042	5133	4331	3555	2883	2659	2227	1882	1504	1263
136	7227	6782	6080	5081	4256	3599	2900	2623	2192	1810	1503	1258
137	7268	6909	5959	5096	4237	3541	2871	2656	2203	1821	1498	1279
138	7182	6693	6114	5101	4309	3484	2846	2628	2231	1850	1526	1256
139	7333	6765	5976	5118	4306	3518	2840	2650	2228	1873	1534	1274
140	7172	6831	6014	5074	4293	3579	2888	2683	2184	1848	1538	1257
141	7270	6687	6121	5082	4261	3518	2933	2650	2230	1821	1512	1275
142	7207	6731	6095	5261	4328	3489	2874	2625	2205	1850	1489	1251
143	7094	6621	6022	5052	4238	3521	2827	2585	2187	1826	1488	1240
144	7270	6719	5982	5158	4287	3486	2861	2640	2232	1850	1532	1290
145	7180	6776	6081	4976	4212	3438	2911	2644	2220	1873	1508	1260
146	7118	6729	6096	4936	4229	3489	2824	2611	2194	1877	1535	1287
147	7103	6724	6077	5006	4246	3438	2903	2546	2178	1843	1523	1285
148	7150	6688	6164	5087	4266	3541	2855	2585	2222	1860	1485	1289
149	7075	6918	5985	5112	4247	3436	2856	2554	2206	1842	1546	1265
150	7224	6555	6062	4899	4193	3413	2860	2606	2212	1844	1540	1275
151	7203	6810	6015	4992	4240	3494	2804	2593	2202	1855	1536	1245
152	7325	6696	5966	5046	4191	3469	2876	2598	2217	1821	1532	1277
153	7212	6664	5904	5049	4293	3479	2857	2530	2163	1889	1505	1285
154	7094	6666	6042	4974	4196	3457	2845	2613	2216	1870	1495	1289
155	7065	6721	6000	4953	4218	3437	2813	2616	2177	1826	1476	1268
156	7225	6658	6040	5002	4196	3493	2791	2591	2256	1868	1537	1278
157	7067	6656	6039	5062	4225	3433	2840	2596	2237	1826	1484	1264
158	7257	6788	5999	4964	4241	3410	2876	2541	2200	1863	1518	1266
159	7036	6735	5955	5086	4218	3492	2834	2553	2201	1856	1488	1298
160	7196	6712	6040	5002	4221	3443	2816	2625	2233	1867	1508	1232
161	7083	6750	5996	5050	4239	3507	2866	2615	2265	1858	1492	1240
162	7023	6856	6015	4996	4221	3456	2788	2582	2206	1887	1533	1271
163	7191	6594	5978	5009	4208	3369	2799	2601	2248	1848	1523	1264
164	7094	6924	6071	5038	4234	3485	2831	2611	2218	1886	1517	1282
165	7107	6688	5977	5065	4156	3443	2837	2610	2179	1859	1534	1272
166	7040	6787	5882	4972	4190	3418	2848	2616	2190	1829	1521	1269
167	7095	6732	6003	5006	4212	3445	2803	2572	2199	1893	1534	1284
168	7088	6811	6054	4988	4156	3422	2791	2615	2206	1852	1529	1257
169	7021	6718	5949	5068	4219	3401	2826	2550	2201	1873	1515	1282
170	7135	6761	6040	4975	4199	3439	2831	2576	2171	1873	1512	1296
171	7247	6783	5986	5052	4185	3496	2810	2582	2228	1843	1527	1260
172	7022	6663	6009	4998	4202	3480	2811	2633	2256	1851	1487	1272
173	7233	6718	5902	4984	4177	3464	2805	2547	2207	1788	1488	1266
174	7256	6803	5855	4964	4300	3480	2800	2578	2210	1872	1510	1254
175	7275	6706	5920	4988	4216	3405	2764	2544	2209	1853	1530	1254
176	7075	6722	5956	4923	4218	3433	2852	2564	2206	1849	1518	1305
177	7171	6644	5918	4982	4113	3437	2837	2575	2210	1891	1468	1299
178	7266	6595	5893	4968	4164	3478	2846	2601	2133	1873	1478	1288
179	7088	6630	5885	4893	4166	3451	2817	2581	2189	1823	1487	1267
180	7038	6625	5812	4928	4126	3499	2827	2641	2258	1865	1470	1261
181	6992	6641	5906	4954	4117	3499	2822	2597	2221	1855	1480	1278
182	7183	6624	5947	4905	4182	3471	2798	2586	2185	1852	1509	1276
183	7103	6668	5843	4916	4201	3489	2849	2599	2160	1840	1504	1273
184	7107	6726	5902	5034	4208	3461	2847	2587	2177	1896	1472	1239
185	7117	6636	5960	5023	4192	3483	2856	2557	2165	1838	1506	1246
186	7274	6675	5786	4966	4159	3431	2853	2593	2191	1862	1511	1286
187	7065	6692	5819	4965	4192	3416	2831	2556	2211	1839	1529	1237
188	7061	6677	5961	4961	4266	3447	2852	2582	2216	1847	1510	1271
189	7064	6488	5779	4896	4131	3409	2809	2504	2153	1875	1496	1278
190	7252	6579	5719	4887	4058	3420	2723	2536	2228	1870	1530	1293
191	7111	6654	5857	4904	4102	3334	2758	2576	2165	1874	1525	1297
192	6999	6560	5904	4876	4107	3390	2772	2472	2179	1809	1482	1264
193	7134	6653	5823	4917	4115	3425	2805	2567	2152	1862	1546	1313
194	7175	6789	6024	5007	4179	3462	2778	2523	2183	1838	1501	1263
195	7056	6722	5762	4833	4047	3376	2797	2548	2203	1892	1503	1261
196	7179	6806	5978	4932	4102	3455	2812	2571	2189	1870	1516	1287
197	7179	6619	5758	4912	4123	3432	2823	2567	2179	1838	1457	1280
198	7153	6735	5833	4928	4125	3430	2725	2504	2214	1836	1467	1268
199	6985	6730	5749	4922	4117	3397	2797	2549	2174	1853	1500	1293
200	7157	6662	5888	4931	4142	3427	2814	2571	2182	1850	1470	1278
201	7114	6512	5837	4837	4095	3400	2805	2493	2188	1908	1466	1267
202	6994	6650	5852	4850	4086	3457	2835	2513	2172	1854	1441	1236
203	7219	6784	5747	4851	4145	3417	2805	2545	2186	1800	1505	1267
204	7146	6695	5807	4873	4105	3457	2787	2525	2179	1863	1496	1258
205	7083	6513	5730	4954	4146	3422	2799	2527	2241	1840	1497	1261
206	7092	6586	5921	4859	4102	3361	2797	2580	2222	1871	1512	1259
207	7088	6599	5737	4861	4122	3459	2842	2530	2218	1846	1466	1271
208	7112	6633	5818	4927	4151	3502	2788	2514	2156	1809	1460	1234
209	6994	6556	5817	4863	4138	3424	2806	2595	2185	1912	1546	1289
210	7268	6750	5799	4874	4130	3502	2811	2588	2139	1808	1519	1265
211	7090	6639	5767	4921	4064	3439	2778	2568	2103	1886	1478	1264
212	7142	6610	5793	4936	4099	3373	2770	2571	2085	1858	1477	1275
213	7261	6749	5805	4893	4167	3439	2820	2531	2117	1848	1512	1272
214	7043	6702	5906	4855	4173	3468	2850	2510	2146	1817	1519	1244
215	6931	6681	5859	4938	4099	3419	2806	2537	2120	1830	1485	1288
216	7020	6598	5748	4819	4115	3419	2797	2512	2098	1834	1503	1258
217	6952	6623	5777	4950	4148	3435	2866	2508	2204	1816	1475	1277
218	6895	6783	5894	4848	4148	3445	2818	2528	2125	1853	1488	1299
219	7125	6663	5802	4839	4140	3475	2824	2549	2180	1881	1486	1294
220	6982	6714	5827	4918	4102	3421	2800	2515	2172	1859	1464	1277
221	6952	6627	5839	4851	4107	3367	2806	2551	2157	1843	1471	1273
222	7145	6664	5790	4907	4054	3356	2811	2506	2141	1880	1490	1272
223	7091	6626	5832	4851	4127	3398	2810	2558	2086	1869	1494	1284
224	7029	6498	5723	4827	4090	3416	2800	2536	2159	1855	1476	1246
225	6943	6600	5791	4844	4143	3412	2776	2541	2150	1883	1445	1284
226	7133	6729	5861	4773	4026	3368	2776	2523	2208	1832	1496	1308
227	7068	6549	5767	4741	4048	3393	2781	2504	2144	1915	1463	1281
228	7010	6617	5703	4791	4062	3405	2779	2501	2180	1856	1470	1259
229	7118	6596	5607	4857	4129	3435	2746	2547	2163	1862	1486	1282
230	6988	6560	5789	4861	4036	3392	2813	2525	2139	1888	1485	1283
231	7216	6639	5650	4777	4016	3407	2817	2536	2193	1859	1494	1263
232	7083	6685	5769	4797	4047	3429	2786	2573	2207	1909	1481	1263
233	7001	6651	5774	4827	4075	3427	2746	2546	2142	1873	1513	1278
234	7017	6313	5695	4836	4066	3389	2815	2454	2137	1857	1467	1292
235	7008	6571	5772	4815	4061	3403	2778	2514	2140	1827	1470	1253
236	6977	6661	5744	4781	4087	3362	2799	2543	2168	1891	1466	1260
237	6939	6522	5808	4839	4050	3410	2771	2542	2137	1868	1509	1253
238	7050	6665	5732	4702	4078	3373	2775	2521	2120	1863	1477	1288
239	6936	6562	5811	4794	4123	3409	2788	2533	2122	1858	1472	1262
240	7035	6544	5750	4852	4028	3371	2790	2476	2181	1845	1474	1281
241	7236	6594	5760	4809	4015	3376	2786	2547	2216	1859	1441	1299
242	7008	6577	5695	4728	3995	3398	2848	2568	2152	1789	1475	1278
243	6946	6676	5783	4812	4055	3351	2792	2512	2168	1849	1489	1273
244	7102	6619	5607	4880	4083	3443	2788	2512	2115	1815	1489	1250
245	7192	6518	5769	4810	4006	3328	2742	2528	2150	1853	1464	1301
246	7215	6740	5827	4866	4035	3337	2821	2505	2171	1877	1492	1248
247	6992	6660	5629	4717	4062	3381	2780	2531	2181	1846	1462	1313
248	6935	6469	5676	4680	4085	3355	2760	2513	2121	1864	1495	1305
249	7092	6615	5785	4784	4016	3409	2793	2510	2132	1841	1485	1278
250	7174	6609	5730	4797	4079	3363	2790	2538	2095	1832	1507	1265
251	6960	6525	5681	4743	4003	3340	2762	2465	2078	1857	1513	1327
252	7064	6654	5642	4700	4106	3406	2784	2490	2205	1863	1483	1262
253	7035	6610	5687	4789	4068	3366	2741	2513	2183	1824	1505	1257
254	6965	6644	5665	4722	4028	3342	2788	2520	2131	1877	1488	1272
255	7034	6576	5682	4771	4040	3362	2784	2518	2189	1840	1508	1266
256	7031	6540	5668	4843	4053	3442	2761	2555	2127	1815	1500	1260
257	7026	6689	5729	4722	4052	3370	2750	2452	2105	1828	1454	1235
258	7076	6450	5786	4748	4029	3350	2771	2523	2115	1896	1485	1282
259	7191	6613	5748	4676	4070	3403	2757	2539	2154	1816	1467	1302
260	7099	6548	5618	4767	4007	3340	2814	2483	2149	1838	1498	1295
261	6999	6549	5703	4725	4039	3358	2785	2495	2153	1830	1493	1256
262	6999	6613	5730	4745	3991	3390	2755	2463	2138	1828	1513	1282
263	7119	6655	5676	4734	3995	3332	2715	2496	2139	1808	1461	1268
264	6996	6617	5645	4680	4026	3365	2794	2475	2127	1842	1512	1258
265	7091	6503	5690	4658	4004	3368	2721	2487	2160	1895	1468	1287
266	7094	6631	5664	4823	4070	3397	2799	2495	2106	1871	1493	1301
267	7027	6555	5731	4679	4050	3382	2743	2457	2101	1833	1486	1264
268	6912	6586	5619	4763	4055	3339	2764	2538	2118	1837	1518	1281
269	7063	6543	5665	4710	4079	3397	2757	2515	2149	1846	1449	1252
270	7032	6563	5748	4787	4007	3430	2787	2577	2139	1849	1466	1307
271	6995	6581	5748	4761	4069	3394	2802	2510	2124	1885	1491	1299
272	6957	6612	5589	4766	3977	3393	2834	2525	2134	1868	1466	1274
273	6943	6591	5690	4778	4002	3384	2763	2463	2076	1822	1492	1258
274	7066	6523	5651	4681	3993	3353	2769	2529	2072	1857	1516	1273
275	7068	6575	5732	4827	4093	3371	2754	2525	2122	1831	1479	1281
276	7090	6629	5723	4862	4125	3374	2737	2467	2111	1882	1478	1298
277	6969	6564	5710	4684	4041	3351	2752	2519	2098	1849	1460	1288
278	6959	6500	5741	4777	4002	3362	2745	2521	2084	1838	1439	1292
279	7060	6760	5736	4727	3954	3435	2748	2523	2089	1858	1460	1301
280	6923	6569	5587	4754	4058	3350	2758	2487	2151	1833	1441	1239
281	6942	6526	5502	4763	3992	3388	2785	2501	2109	1823	1492	1285
282	7002	6503	5595	4735	4067	3340	2717	2498	2100	1826	1462	1254
283	7146	6517	5695	4842	4019	3398	2774	2487	2123	1870	1455	1334
284	7054	6568	5654	4699	3969	3403	2812	2453	2068	1862	1471	1284
285	7000	6469	5738	4628	4063	3411	2730	2536	2149	1833	1461	1277
286	6987	6469	5667	4687	4076	3385	2718	2522	2111	1800	1494	1268
287	7080	6513	5736	4837	4002	3410	2800	2537	2100	1834	1494	1261
288	7063	6495	5632	4741	4018	3342	2798	2503	2090	1814	1479	1238
289	6951	6602	5654	4634	3999	3376	2752	2496	2042	1865	1491	1309
290	6976	6575	5714	4731	4021	3319	2784	2485	2093	1842	1460	1299
291	7053	6583	5699	4689	4035	3373	2790	2538	2122	1863	1474	1273
292	6923	6616	5737	4809	4036	3352	2813	2518	2077	1817	1443	1273
293	7148	6584	5633	4801	4055	3381	2756	2553	2108	1845	1511	1273
294	7067	6578	5679	4716	4015	3401	2741	2531	2093	1857	1466	1280
295	6957	6695	5739	4778	4011	3345	2790	2505	2115	1854	1464	1303
296	7051	6484	5677	4798	3984	3443	2713	2464	2063	1848	1469	1281
297	6918	6501	5688	4684	4021	3333	2739	2532	2112	1850	1407	1277
298	6898	6528	5585	4826	4016	3351	2739	2527	2078	1849	1486	1272
299	7130	6683	5583	4692	4003	3357	2836	2494	2110	1884	1442	1303
300	7127	6606	5679	4640	3998	3329	2768	2485	2116	1879	1467	1272
301	6994	6573	5709	4763	4000	3381	2802	2499	2096	1854	1448	1295
302	7002	6380	5692	4747	4034	3316	2786	2511	2093	1835	1438	1301
303	6990	6583	5704	4713	3947	3370	2750	2456	2114	1805	1457	1325
304	7084	6467	5667	4606	3988	3353	2725	2481	2111	1852	1455	1295
305	6958	6536	5731	4670	4017	3360	2713	2437	2081	1847	1475	1283
306	7027	6379	5637	4674	4037	3358	2747	2481	2112	1866	1465	1296
307	7044	6555	5573	4698	4033	3333	2734	2507	2147	1914	1471	1243
308	7165	6656	5774	4694	3927	3343	2770	2497	2107	1907	1456	1280
309	6930	6520	5600	4709	4018	3328	2767	2434	2118	1828	1482	1304
310	7019	6625	5639	4657	3926	3272	2736	2481	2097	1805	1448	1292
311	7065	6619	5609	4646	3996	3328	2753	2527	2088	1852	1444	1286
312	6994	6487	5674	4607	3961	3255	2708	2522	2127	1919	1462	1281
313	7025	6487	5605	4611	3977	3350	2762	2451	2093	1861	1446	1284
314	7084	6602	5588	4608	3912	3296	2739	2464	2105	1885	1481	1322
315	7016	6552	5570	4593	3869	3297	2721	2473	2122	1864	1496	1311
316	6936	6575	5653	4685	3937	3295	2744	2505	2100	1866	1454	1272
317	7038	6483	5661	4650	3928	3327	2718	2511	2098	1868	1451	1285
318	7016	6485	5619	4648	3920	3300	2707	2452	2123	1819	1489	1323
319	6960	6431	5632	4608	3967	3309	2686	2456	2113	1867	1480	1256
320	6982	6373	5600	4701	3956	3318	2750	2487	2138	1885	1490	1301
321	6962	6361	5686	4642	3949	3309	2700	2525	2093	1892	1434	1266
322	6851	6430	5708	4727	3962	3350	2750	2420	2123	1869	1494	1266
323	6978	6496	5580	4691	3954	3365	2739	2520	2078	1886	1444	1275
324	6924	6444	5605	4691	4054	3345	2721	2514	2059	1860	1422	1283
325	6979	6466	5688	4682	3962	3311	2723	2493	2084	1888	1444	1295
326	6987	6502	5644	4662	3902	3328	2752	2501	2073	1866	1447	1291
327	6908	6718	5676	4730	3988	3319	2729	2451	2072	1896	1486	1303
328	7046	6585	5709	4643	4023	3333	2779	2457	2088	1825	1440	1270
329	6909	6595	5545	4669	3954	3351	2708	2500	2131	1837	1451	1280
330	7097	6636	5623	4663	3992	3349	2729	2542	2132	1863	1480	1320
331	6924	6684	5585	4647	3965	3242	2697	2470	2101	1850	1442	1262
332	6846	6734	5688	4680	4010	3331	2767	2449	2142	1806	1514	1261
333	6988	6502	5647	4618	3952	3329	2745	2463	2065	1886	1432	1288
334	6948	6610	5588	4614	4025	3361	2672	2447	2100	1848	1461	1280
335	7126	6562	5622	4616	4006	3343	2728	2512	2105	1886	1463	1294
336	7020	6510	5575	4597	3941	3291	2738	2501	2118	1857	1461	1309
337	7074	6579	5538	4666	3959	3251	2711	2487	2128	1817	1463	1281
338	6877	6445	5632	4647	3955	3311	2770	2468	2087	1874	1448	1312
339	6929	6424	5611	4636	3934	3272	2709	2459	2081	1869	1417	1292
340	7029	6560	5615	4638	3986	3272	2723	2468	2131	1942	1433	1273
341	6847	6507	5644	4588	3985	3216	2719	2478	2164	1872	1497	1307
342	6908	6514	5640	4592	3964	3273	2766	2458	2095	1929	1417	1277
343	7113	6583	5681	4624	3957	3304	2758	2464	2054	1877	1464	1310
344	6958	6482	5644	4639	3897	3299	2698	2496	2107	1890	1460	1313
345	6970	6477	5547	4701	3994	3261	2755	2517	2134	1883	1466	1274
346	6879	6422	5604	4637	3985	3302	2708	2420	2083	1903	1429	1306
347	6929	6498	5558	4579	3892	3283	2687	2455	2081	1840	1439	1294
348	7033	6413	5621	4663	3972	3275	2736	2464	2077	1917	1446	1281
349	7055	6439	5587	4651	3959	3358	2655	2485	2071	1866	1474	1283
350	7000	6440	5602	4635	3951	3334	2725	2448	2076	1885	1484	1323
351	6853	6555	5544	4673	3927	3277	2632	2468	2082	1817	1409	1258
352	6923	6512	5541	4606	3980	3228	2717	2449	2096	1866	1446	1297
353	6881	6514	5633	4662	3955	3312	2698	2498	2088	1866	1429	1279
354	7033	6607	5575	4629	3967	3302	2728	2507	2070	1888	1460	1266
355	6999	6456	5540	4594	3986	3309	2772	2506	2057	1896	1428	1308
356	7029	6548	5576	4660	3987	3287	2824	2465	2087	1895	1462	1252
357	7033	6404	5655	4633	3944	3330	2726	2469	2076	1831	1426	1312
358	7032	6508	5513	4589	3959	3294	2714	2493	2086	1924	1491	1329
359	7069	6451	5578	4611	3894	3274	2672	2451	2089	1918	1444	1271
360	7033	6335	5534	4657	3945	3325	2696	2454	2078	1950	1467	1303
361	7014	6426	5574	4568	3892	3285	2711	2494	2130	1922	1467	1301
362	6795	6456	5577	4694	4002	3299	2684	2481	2104	1918	1453	1314
363	6971	6372	5593	4577	3999	3294	2754	2536	2120	1926	1439	1280
364	6992	6435	5573	4620	3875	3301	2805	2454	2102	1871	1412	1305
365	6946	6475	5542	4622	3971	3273	2696	2420	2103	1858	1475	1294
366	6955	6586	5656	4706	4041	3314	2759	2440	2044	1858	1409	1343
367	7039	6523	5587	4615	3890	3348	2677	2429	2077	1943	1459	1307
368	6985	6471	5560	4549	3892	3250	2699	2456	2113	1897	1470	1268
369	6955	6426	5586	4554	3812	3219	2726	2496	2075	1927	1465	1311
370	7026	6560	5547	4567	3843	3266	2701	2478	2114	1900	1463	1285
371	6883	6505	5556	4606	3978	3278	2731	2446	2128	1886	1422	1282
372	6932	6467	5461	4533	3920	3240	2684	2449	2075	1876	1475	1282
373	7019	6428	5534	4625	3903	3306	2665	2493	2085	1908	1450	1299
374	6921	6417	5553	4495	3926	3185	2683	2477	2108	1879	1403	1279
375	7104	6333	5594	4635	3919	3319	2707	2497	2099	1868	1439	1260
376	6942	6548	5499	4582	3866	3210	2699	2457	2090	1935	1421	1282
377	6976	6504	5567	4566	3905	3310	2677	2475	2096	1903	1468	1329
378	6892	6386	5628	4624	3931	3267	2718	2424	2119	1865	1428	1260
379	6854	6434	5477	4629	3908	3241	2706	2436	2121	1909	1454	1316
380	6924	6440	5580	4617	3991	3331	2729	2511	2086	1893	1412	1304
381	6928	6567	5502	4651	3947	3222	2687	2420	2090	1855	1475	1314
382	6840	6426	5594	4596	3873	3247	2708	2410	2050	1886	1437	1292
383	7120	6401	5599	4635	3930	3256	2767	2419	2057	1900	1461	1293
384	6987	6386	5532	4590	3874	3309	2715	2443	2102	1910	1428	1267
385	6863	6464	5586	4596	3903	3216	2750	2420	2110	1853	1451	1305
386	7167	6693	5747	4658	3998	3308	2746	2476	2076	1876	1448	1297
387	6983	6535	5657	4649	3909	3312	2740	2439	2069	1863	1461	1265
388	7043	6652	5663	4656	3998	3326	2679	2424	2113	1897	1418	1311
389	6931	6564	5527	4545	4004	3267	2720	2417	2101	1895	1478	1332
390	6962	6471	5557	4577	3882	3293	2674	2463	2044	1912	1447	1291
391	6942	6513	5572	4601	3918	3260	2697	2442	2101	1928	1471	1287
392	7047	6488	5633	4651	3882	3235	2670	2468	2061	1843	1475	1300
393	6916	6583	5611	4724	3939	3297	2719	2481	2092	1902	1430	1299
394	6919	6468	5594	4586	3953	3296	2727	2416	2086	1914	1452	1278
395	6863	6422	5608	4588	3948	3258	2720	2483	2081	1916	1434	1293
396	6855	6419	5559	4688	3900	3289	2692	2436	2064	1898	1440	1301
397	7019	6500	5514	4574	3887	3208	2666	2457	2061	1862	1443	1290
398	6997	6528	5632	4547	3835	3222	2669	2432	2079	1863	1462	1283
399	6958	6623	5689	4599	3972	3315	2662	2473	2099	1907	1469	1293
400	7094	6532	5508	4578	3868	3217	2714	2407	2102	1931	1474	1304
401	6952	6509	5547	4647	3966	3296	2749	2396	2076	1915	1483	1312
402	6971	6395	5457	4626	3939	3260	2698	2457	2056	1880	1442	1313
403	6907	6531	5552	4594	3904	3169	2712	2497	2121	1905	1459	1280
404	7075	6582	5585	4568	3921	3255	2681	2415	2052	1869	1463	1285
405	6995	6557	5564	4516	3821	3266	2738	2476	2105	1940	1416	1251
406	6878	6552	5619	4624	3963	3225	2687	2476	2050	1877	1457	1290
407	6931	6384	5574	4595	3911	3252	2755	2463	2092	1921	1460	1276
408	7016	6498	5511	4521	3889	3218	2668	2455	2026	1922	1430	1247
409	6930	6508	5544	4567	3925	3252	2726	2445	2076	1914	1449	1274
410	6846	6450	5575	4560	3895	3243	2665	2411	2099	1918	1445	1319
411	7062	6567	5566	4633	4008	3292	2730	2425	2099	1907	1435	1334
412	6982	6372	5590	4537	3883	3254	2642	2439	2059	1917	1456	1319
413	6882	6367	5565	4588	3933	3322	2716	2466	2067	1874	1448	1274
414	6929	6547	5537	4522	3912	3180	2747	2455	2147	1880	1456	1320
415	6902	6517	5518	4631	3922	3284	2706	2431	2036	1908	1470	1289
416	6997	6700	5614	4677	3964	3288	2736	2491	2088	1893	1454	1274
417	6853	6524	5520	4557	3920	3280	2716	2445	2042	1880	1443	1311
418	6952	6514	5531	4589	3904	3242	2686	2453	2058	1886	1446	1267
419	6981	6456	5551	4611	3900	3294	2712	2499	2061	1917	1459	1297
420	7023	6393	5458	4592	3866	3258	2764	2492	2023	1898	1425	1289
421	6943	6507	5534	4537	3935	3279	2700	2389	2075	1925	1452	1281
422	7046	6649	5645	4654	3940	3328	2748	2469	2048	1916	1475	1262
423	6980	6446	5611	4562	3914	3261	2676	2412	2071	1960	1463	1228
424	7070	6498	5597	4678	3924	3268	2748	2477	2026	1937	1413	1275
425	6927	6459	5499	4585	3877	3220	2705	2421	2077	1929	1470	1275
426	6963	6596	5552	4552	3940	3279	2731	2413	2078	1877	1458	1291
427	7028	6498	5598	4634	3855	3242	2752	2439	2079	1926	1453	1272
428	6916	6467	5503	4637	3933	3279	2721	2441	2076	1892	1448	1315
429	6901	6505	5530	4583	3900	3250	2676	2401	2038	1842	1444	1287
430	6902	6332	5538	4511	3846	3216	2650	2370	2034	1899	1441	1289
431	7036	6510	5567	4544	3953	3240	2711	2381	2079	1871	1465	1282
432	7057	6466	5562	4473	3915	3230	2638	2455	2060	1903	1449	1298
433	7044	6489	5502	4691	3941	3309	2657	2398	2024	1901	1464	1300
434	6915	6530	5447	4510	3834	3275	2698	2382	2072	1912	1460	1223
435	6942	6376	5526	4469	3846	3287	2655	2386	2117	1914	1456	1264
436	6969	6493	5601	4624	3882	3162	2696	2394	2070	1949	1454	1271
437	7078	6384	5529	4645	3866	3207	2696	2384	2060	1922	1416	1289
438	7023	6388	5626	4544	3918	3193	2697	2427	2073	1902	1439	1307
439	6934	6392	5559	4545	3925	3282	2700	2415	2084	1903	1398	1281
440	7072	6599	5548	4559	3883	3192	2712	2419	2081	1917	1420	1297
441	7055	6668	5609	4652	3897	3296	2718	2394	2101	1905	1489	1286
442	6793	6576	5581	4630	3897	3264	2727	2479	2107	1936	1440	1293
443	6887	6511	5547	4540	3888	3263	2693	2495	2092	1889	1456	1292
444	6972	6454	5445	4555	3921	3220	2696	2387	2017	1915	1447	1254
445	6916	6390	5571	4566	3942	3231	2717	2471	2099	1923	1455	1275
446	6929	6540	5608	4650	3958	3253	2733	2468	2084	1918	1440	1304
447	6877	6431	5571	4578	3946	3180	2663	2448	2050	1941	1462	1246
448	7016	6421	5474	4573	3932	3197	2707	2397	2105	1938	1397	1263
449	6944	6423	5489	4636	3863	3259	2669	2424	2073	1953	1465	1295
450	6987	6548	5511	4566	3913	3241	2695	2437	2086	1921	1466	1272
451	6954	6436	5577	4531	3861	3175	2729	2440	2147	1941	1418	1298
452	6938	6399	5532	4567	3898	3226	2734	2461	2085	1961	1467	1251
453	6963	6403	5545	4574	3876	3190	2634	2366	2104	1938	1468	1307
454	6994	6419	5502	4541	3899	3259	2732	2444	2057	1905	1415	1292
455	7004	6460	5567	4582	3811	3214	2695	2465	2104	1894	1451	1275
456	6894	6516	5538	4591	3944	3235	2649	2408	2133	1927	1462	1279
457	7096	6549	5573	4594	3917	3238	2703	2475	2066	1936	1409	1293
458	6927	6434	5635	4620	3918	3253	2711	2476	2099	1918	1456	1278
459	6822	6476	5501	4619	3933	3210	2758	2482	2115	1938	1450	1261
460	6877	6412	5503	4585	3861	3194	2763	2404	2097	1913	1458	1313
461	6940	6405	5569	4592	3974	3190	2717	2436	2091	1862	1458	1255
462	6989	6442	5499	4598	3898	3214	2707	2386	2123	1875	1479	1279
463	6938	6547	5618	4576	3988	3195	2704	2389	2058	1897	1489	1274
464	6906	6406	5471	4566	3913	3253	2710	2402	2022	1909	1416	1267
465	7071	6451	5616	4546	3927	3256	2729	2429	2067	1926	1455	1271
466	7122	6696	5580	4668	4013	3261	2780	2414	2059	1922	1444	1319
467	6910	6583	5453	4574	3933	3208	2742	2400	2015	1889	1449	1263
468	7001	6461	5507	4569	3896	3287	2703	2425	2104	1950	1457	1288
469	7109	6575	5538	4490	3901	3274	2689	2455	2124	1920	1449	1263
470	7042	6440	5608	4536	3952	3194	2711	2405	2119	1891	1478	1298
471	6980	6508	5449	4490	3868	3212	2781	2433	2058	1845	1452	1302
472	6991	6486	5638	4531	3987	3206	2727	2460	2081	1893	1460	1295
473	6990	6546	5636	4619	3911	3241	2718	2381	2086	1904	1442	1315
474	6948	6552	5528	4561	3914	3237	2723	2425	2078	1886	1461	1246
475	6944	6451	5501	4628	3896	3207	2678	2413	2121	1913	1446	1281
476	7135	6430	5520	4633	3909	3232	2706	2459	2052	1890	1436	1280
477	6957	6469	5416	4553	3877	3182	2694	2451	2075	1893	1466	1308
478	6844	6494	5498	4583	3922	3208	2719	2439	2111	1919	1452	1307
479	6849	6466	5535	4581	3906	3194	2671	2493	2072	1906	1456	1267
480	6983	6456	5542	4623	3860	3224	2687	2445	2086	1902	1460	1277
481	6904	6347	5595	4507	3931	3220	2700	2450	2122	1924	1449	1293
482	6983	6481	5598	4550	3938	3256	2699	2475	2109	1951	1480	1269
483	7018	6468	5439	4634	3897	3265	2719	2447	2132	1933	1457	1302
484	6915	6382	5598	4615	3962	3266	2659	2404	2049	1933	1437	1269
485	6956	6437	5649	4588	3834	3235	2687	2440	2065	1921	1471	1301
486	6972	6375	5642	4550	3889	3148	2640	2384	2068	1902	1456	1270
487	7009	6483	5459	4555	3951	3226	2721	2489	2045	1877	1427	1296
488	6926	6443	5501	4634	3858	3243	2695	2438	2041	1919	1462	1284
489	6973	6602	5546	4453	3923	3229	2730	2450	2086	1915	1469	1289
490	7001	6647	5591	4679	3985	3210	2699	2475	2036	1895	1436	1270
491	6822	6457	5616	4497	3902	3171	2730	2454	2057	1903	1460	1248
492	7006	6503	5581	4626	3935	3230	2677	2438	2088	1975	1469	1263
493	6769	6392	5573	4547	3892	3195	2687	2448	2089	1931	1430	1288
494	6902	6500	5582	4480	3899	3151	2699	2410	2038	1889	1444	1242
495	6931	6501	5595	4577	3918	3241	2675	2445	2051	1908	1462	1241
496	6951	6687	5588	4664	3988	3248	2698	2462	2121	1940	1453	1298
497	6956	6449	5501	4549	3918	3248	2663	2490	2059	1925	1450	1264
498	6933	6419	5671	4557	3863	3210	2700	2460	2119	1931	1487	1284
499	6920	6433	5483	4517	3911	3220	2687	2455	2069	1901	1452	1265
500	6989	6496	5573	4490	3891	3235	2693	2454	2032	1885	1429	1279
501	7178	6451	5570	4565	3989	3197	2745	2446	2075	1908	1468	1305
502	6898	6446	5521	4568	3918	3155	2759	2459	2101	1905	1455	1241
503	6915	6419	5450	4551	3877	3230	2694	2479	2066	1935	1433	1255
504	6934	6434	5500	4508	3886	3191	2753	2467	2064	1931	1484	1248
505	6992	6467	5487	4596	3903	3215	2700	2487	2111	1914	1439	1321
506	7012	6429	5471	4544	3931	3186	2710	2478	2109	1936	1445	1293
507	6966	6390	5583	4588	3898	3212	2751	2449	2128	1925	1430	1299
508	6893	6361	5565	4581	3897	3246	2762	2467	2105	1912	1467	1261
509	6916	6389	5468	4588	3919	3206	2775	2449	2098	1918	1484	1235
510	6938	6471	5507	4599	3929	3194	2716	2491	2125	1918	1411	1258
511	6914	6479	5518	4534	3895	3137	2734	2457	2108	1964	1455	1242
512	6950	6489	5533	4498	3892	3190	2683	2433	2042	1933	1434	1232
513	6935	6568	5459	4576	3882	3166	2675	2436	2027	1924	1451	1281
514	6907	6454	5369	4559	3870	3149	2675	2404	2067	1930	1464	1312
515	6904	6422	5608	4516	3887	3202	2692	2389	2058	1942	1434	1232
516	6962	6363	5450	4584	3867	3162	2735	2500	2075	1949	1446	1283
517	6863	6423	5557	4555	3884	3219	2725	2467	2082	1965	1438	1258
518	6961	6505	5530	4581	3897	3224	2700	2501	2132	1932	1464	1236
519	7002	6397	5577	4623	3862	3213	2675	2412	2088	1955	1491	1252
520	6908	6486	5554	4549	3933	3196	2697	2411	2126	1908	1485	1268
521	6956	6454	5478	4528	3930	3172	2634	2473	2128	1935	1491	1272
522	6999	6391	5525	4517	3870	3175	2744	2459	2109	1916	1492	1285
523	6908	6490	5576	4566	3893	3179	2698	2429	2059	1904	1477	1267
524	6954	6464	5459	4539	3864	3250	2724	2468	2120	1870	1466	1259
525	7012	6347	5551	4541	3913	3214	2749	2476	2104	1903	1451	1270
526	7005	6441	5503	4446	3880	3111	2708	2460	2049	1907	1466	1264
527	6878	6398	5523	4582	3924	3197	2734	2473	2060	1952	1485	1276
528	7061	6544	5430	4530	3924	3171	2719	2466	2091	1918	1465	1280
529	7007	6418	5537	4486	3892	3162	2692	2368	2109	1917	1449	1276
530	6928	6397	5531	4536	3908	3178	2735	2433	2103	1951	1426	1282
531	6862	6446	5503	4457	3903	3197	2741	2486	2081	1961	1440	1267
532	6939	6429	5530	4539	3880	3215	2772	2443	2074	1908	1438	1319
533	7046	6422	5484	4475	3976	3274	2736	2464	2160	1921	1454	1301
534	6937	6385	5503	4512	3896	3148	2725	2422	2079	1905	1473	1273
535	7014	6368	5517	4562	3919	3193	2759	2539	2092	1897	1477	1240
536	6998	6420	5541	4632	3943	3166	2732	2490	2099	1934	1457	1247
537	6966	6505	5500	4565	3903	3237	2718	2443	2152	1949	1471	1257
538	6921	6438	5470	4530	3917	3230	2667	2435	2135	1868	1462	1284
539	6830	6346	5447	4571	3971	3254	2743	2427	2105	1866	1430	1244
540	6957	6349	5523	4462	3893	3230	2694	2492	2129	1955	1459	1306
541	6937	6352	5517	4507	3905	3229	2685	2426	2053	1925	1448	1328
542	6935	6459	5492	4590	3943	3171	2724	2482	2080	1953	1468	1293
543	6817	6468	5528	4483	3946	3207	2680	2468	2095	1906	1450	1276
544	6974	6486	5530	4468	3964	3194	2710	2439	2089	1934	1408	1257
545	6894	6541	5472	4534	3854	3147	2667	2454	2082	1947	1451	1271
546	6972	6389	5480	4575	3873	3166	2681	2369	2077	1896	1464	1254
547	6881	6359	5475	4541	3914	3154	2666	2430	2091	1885	1487	1280
548	6930	6300	5374	4489	3880	3197	2724	2415	2087	1894	1435	1262
549	6852	6409	5418	4581	3858	3149	2763	2412	2064	1958	1473	1283
550	6854	6395	5483	4535	3889	3158	2682	2418	2070	1900	1487	1262
551	6770	6319	5460	4495	3908	3198	2625	2437	2101	1917	1465	1279
552	6984	6388	5418	4548	3847	3102	2703	2439	2053	1906	1461	1283
553	7052	6449	5506	4485	3867	3186	2716	2420	2095	1878	1462	1249
554	6884	6458	5393	4538	3946	3210	2729	2491	2095	1901	1453	1277
555	6940	6481	5566	4506	3909	3282	2737	2518	2090	1949	1447	1291
556	6982	6484	5451	4553	3890	3214	2731	2504	2059	1901	1467	1248
557	6951	6468	5534	4484	3864	3241	2703	2465	2066	1904	1451	1284
558	7085	6467	5522	4534	3971	3190	2772	2494	2111	1940	1464	1277
559	7101	6512	5599	4594	3998	3275	2715	2442	2092	1892	1487	1221
560	6914	6417	5441	4565	3956	3175	2665	2442	2097	1882	1469	1266
561	6975	6379	5553	4550	3891	3245	2732	2481	2109	1916	1452	1230
562	6892	6384	5626	4539	3899	3215	2723	2486	2125	1896	1440	1239
563	6973	6486	5546	4464	3959	3199	2736	2484	2112	1875	1441	1262
564	7033	6332	5469	4541	3893	3193	2710	2445	2079	1887	1425	1277
565	7092	6460	5445	4516	3930	3178	2709	2421	2066	1894	1478	1275
566	6958	6469	5464	4500	3937	3221	2725	2406	2106	1911	1482	1279
567	6979	6566	5555	4563	3956	3171	2707	2486	2107	1883	1499	1234
568	6957	6390	5531	4556	3835	3223	2749	2454	2062	1864	1459	1259
569	6960	6357	5495	4534	3934	3183	2722	2439	2101	1913	1459	1265
570	6933	6355	5486	4543	4019	3199	2785	2478	2074	1907	1491	1234
571	6885	6418	5527	4530	3909	3146	2740	2411	2126	1870	1483	1254
572	7016	6441	5533	4542	3971	3156	2706	2506	2084	1941	1447	1258
573	6981	6506	5488	4585	3916	3147	2691	2447	2102	1889	1472	1250
574	7023	6463	5484	4523	3903	3191	2755	2443	2127	1926	1464	1250
575	6968	6503	5406	4494	3847	3149	2660	2422	2125	1863	1430	1261
576	7015	6449	5470	4585	3942	3250	2747	2419	2025	1867	1468	1299
577	6870	6552	5551	4573	3950	3161	2739	2429	2081	1895	1436	1258
578	6902	6515	5588	4574	3952	3259	2728	2440	2100	1913	1484	1284
579	7043	6489	5381	4518	3954	3189	2712	2471	2036	1927	1447	1293
580	6935	6490	5438	4474	3909	3154	2675	2424	2107	1842	1408	1283
581	6886	6416	5416	4527	3934	3189	2693	2435	2043	1895	1471	1220
582	6941	6550	5528	4569	3901	3128	2728	2439	2101	1900	1417	1256
583	6871	6562	5598	4529	3993	3128	2661	2443	2096	1873	1433	1255
584	6989	6474	5495	4498	3920	3216	2705	2457	2037	1869	1488	1251
585	6806	6393	5481	4467	3930	3147	2734	2407	2070	1855	1466	1288
586	6860	6518	5591	4517	4004	3198	2719	2463	2081	1893	1480	1242
587	6968	6468	5597	4516	3885	3212	2681	2445	2090	1904	1471	1261
588	6989	6514	5505	4537	3997	3205	2704	2430	2038	1859	1451	1240
589	6925	6434	5422	4512	3976	3193	2686	2500	2030	1883	1431	1256
590	7023	6495	5580	4595	3964	3200	2724	2431	2041	1889	1481	1273
591	6947	6382	5499	4535	3970	3201	2722	2471	2100	1856	1434	1252
592	6926	6488	5531	4567	3969	3241	2837	2462	2111	1886	1483	1242
593	6991	6487	5578	4563	3950	3164	2725	2450	2126	1848	1445	1275
594	6913	6485	5527	4478	3916	3216	2716	2508	2094	1841	1459	1266
595	6952	6465	5531	4541	3983	3204	2749	2478	2032	1937	1470	1266
596	6984	6441	5552	4559	4002	3214	2707	2448	2054	1892	1462	1314
597	6896	6438	5565	4600	3904	3233	2719	2489	2100	1897	1454	1275
598	6885	6505	5482	4524	3998	3251	2752	2424	2078	1855	1473	1272
599	7079	6472	5575	4565	4021	3211	2717	2447	2093	1935	1450	1282
600	7017	6463	5506	4666	3979	3239	2702	2455	2117	1894	1450	1260
601	6925	6507	5526	4573	3960	3220	2748	2479	2078	1923	1466	1259
602	6929	6533	5538	4502	3979	3185	2762	2444	2077	1858	1400	1260
603	7004	6483	5436	4503	3956	3244	2714	2485	2089	1921	1440	1237
604	6912	6485	5588	4488	3905	3175	2690	2449	2053	1894	1418	1236
605	7029	6569	5515	4558	4067	3297	2768	2499	2105	1840	1456	1248
606	6977	6512	5536	4557	3956	3279	2807	2476	2121	1892	1490	1271
607	6986	6524	5487	4514	3950	3180	2814	2478	2131	1919	1477	1262
608	6911	6488	5457	4574	3949	3213	2805	2483	2112	1907	1493	1261
609	7018	6629	5508	4551	3970	3268	2817	2537	2168	1932	1448	1321
610	6892	6481	5505	4522	3914	3212	2750	2527	2159	1911	1470	1280
611	6963	6492	5532	4492	3953	3164	2774	2458	2072	1899	1466	1260
612	6941	6408	5490	4567	4013	3197	2752	2454	2116	1929	1444	1298
613	6955	6541	5516	4586	4024	3239	2762	2517	2137	1978	1445	1300
614	6933	6494	5534	4548	3976	3167	2754	2483	2159	1947	1449	1257
615	6953	6398	5544	4499	3832	3189	2729	2454	2106	1847	1468	1289
616	6993	6458	5565	4531	3921	3179	2775	2475	2072	1888	1474	1280
617	6929	6607	5506	4538	3967	3156	2731	2501	2137	1920	1487	1309
618	6972	6456	5497	4481	3953	3177	2714	2504	2095	1853	1438	1297
619	6957	6443	5577	4480	3947	3172	2686	2450	2105	1852	1485	1263
620	6880	6413	5527	4451	3951	3167	2646	2490	2057	1883	1460	1267
621	6870	6409	5515	4485	3961	3160	2741	2511	2147	1882	1431	1267
622	6909	6519	5531	4587	3945	3258	2728	2482	2157	1916	1453	1269
623	6935	6520	5539	4539	3981	3242	2735	2426	2072	1919	1458	1325
624	6955	6430	5534	4581	3934	3245	2788	2493	2132	1914	1430	1309
625	6924	6452	5517	4528	4019	3270	2776	2507	2091	1908	1439	1235
626	6965	6389	5496	4529	4024	3203	2771	2493	2109	1862	1466	1276
627	7010	6482	5490	4582	3963	3123	2759	2478	2129	1921	1480	1310
628	7050	6409	5398	4502	3892	3177	2803	2488	2137	1899	1475	1280
629	6869	6588	5415	4489	4035	3201	2738	2500	2104	1900	1476	1260
630	6838	6534	5522	4531	3923	3167	2683	2450	2066	1885	1447	1274
631	7101	6623	5588	4529	3960	3223	2749	2486	2152	1931	1443	1260
632	6903	6456	5411	4515	3907	3235	2682	2439	2086	1864	1454	1225
633	6986	6472	5631	4500	3991	3164	2712	2480	2100	1960	1479	1268
634	6800	6441	5511	4570	3997	3209	2772	2482	2140	1883	1495	1241
635	6845	6492	5524	4587	3996	3279	2765	2513	2143	1888	1502	1250
636	6970	6457	5509	4560	4006	3260	2774	2454	2118	1873	1434	1292
637	6889	6451	5459	4534	3964	3260	2768	2478	2145	1912	1464	1270
638	6814	6560	5508	4588	4015	3198	2747	2463	2106	1897	1460	1272
639	6902	6393	5528	4535	3999	3225	2740	2473	2077	1889	1460	1265
640	6873	6436	5499	4523	3954	3217	2760	2525	2093	1865	1461	1277
641	6831	6601	5541	4603	3961	3239	2783	2538	2122	1908	1469	1267
642	7053	6588	5564	4586	4047	3262	2760	2531	2186	1902	1453	1286
643	6934	6436	5494	4519	3933	3220	2808	2542	2154	1883	1492	1275
644	6872	6495	5424	4536	4013	3213	2791	2486	2125	1881	1424	1268
645	6984	6536	5458	4560	3992	3243	2784	2510	2151	1914	1474	1265
646	6890	6455	5524	4526	3952	3208	2717	2497	2110	1876	1470	1254
647	7027	6456	5535	4545	3924	3196	2702	2419	2078	1903	1483	1254
648	6915	6434	5480	4482	4018	3185	2719	2470	2111	1888	1446	1270
649	6917	6438	5510	4482	3977	3165	2698	2486	2126	1888	1431	1255
650	7017	6463	5470	4545	3963	3208	2696	2479	2149	1864	1490	1282
651	6930	6434	5465	4534	4024	3167	2708	2521	2132	1874	1489	1269
652	6942	6414	5471	4466	3985	3247	2748	2513	2116	1847	1438	1263
653	7029	6569	5603	4494	4009	3190	2687	2488	2121	1910	1487	1263
654	6869	6440	5411	4438	4012	3188	2692	2457	2066	1905	1475	1240
655	7008	6461	5593	4528	3880	3163	2685	2436	2127	1926	1462	1264
656	6957	6577	5533	4503	3993	3167	2700	2413	2112	1889	1466	1250
657	6838	6425	5480	4523	3943	3181	2707	2492	2069	1871	1467	1285
658	6929	6551	5457	4488	3977	3163	2750	2511	2089	1878	1433	1237
659	6927	6448	5476	4464	3947	3162	2696	2504	2123	1940	1488	1258
660	6910	6400	5510	4468	3952	3158	2629	2452	2076	1891	1516	1271
661	6888	6407	5588	4466	3914	3249	2691	2405	2116	1883	1515	1290
662	6996	6388	5519	4552	4043	3217	2710	2484	2106	1903	1493	1265
663	6999	6522	5513	4576	4055	3156	2708	2497	2119	1918	1469	1229
664	6883	6434	5380	4499	3963	3197	2718	2509	2092	1893	1455	1254
665	6945	6432	5505	4485	3960	3219	2742	2425	2078	1891	1468	1236
666	6898	6393	5475	4457	3929	3168	2680	2498	2125	1881	1502	1253
667	6877	6381	5505	4491	4032	3157	2705	2438	2135	1910	1500	1245
668	6945	6448	5423	4479	3962	3137	2740	2446	2145	1906	1455	1258
669	7061	6471	5452	4574	4036	3192	2687	2474	2139	1911	1476	1265
670	6980	6475	5593	4507	4004	3214	2810	2496	2105	1897	1461	1232
671	7006	6490	5477	4536	4004	3176	2709	2446	2077	1911	1475	1247
672	6948	6575	5506	4570	4057	3209	2769	2503	2125	1927	1476	1272
673	6930	6417	5544	4537	3968	3193	2763	2446	2119	1860	1449	1265
674	7023	6407	5506	4563	3996	3165	2756	2456	2137	1912	1453	1283
675	6980	6417	5411	4552	3971	3256	2787	2483	2123	1836	1490	1223
676	6814	6464	5446	4565	4014	3197	2779	2424	2118	1926	1452	1225
677	6931	6591	5559	4533	4032	3227	2778	2474	2100	1860	1459	1279
678	6917	6453	5468	4488	4046	3184	2743	2510	2110	1857	1459	1284
679	7021	6434	5499	4519	4048	3198	2706	2472	2074	1869	1500	1256
680	6959	6392	5535	4485	4023	3173	2776	2497	2073	1898	1451	1279
681	7032	6393	5471	4592	4033	3165	2656	2500	2089	1883	1443	1254
682	6905	6454	5531	4510	3968	3181	2768	2475	2069	1857	1438	1235
683	6884	6525	5575	4543	3998	3181	2727	2504	2100	1843	1492	1262
684	6932	6526	5690	4535	4093	3269	2789	2464	2125	1860	1458	1262
685	6833	6545	5605	4534	3985	3236	2782	2472	2101	1920	1501	1256
686	6998	6572	5592	4539	4040	3255	2768	2457	2109	1885	1483	1249
687	7076	6509	5554	4635	4084	3209	2803	2470	2134	1906	1473	1286
688	6979	6517	5592	4596	4073	3240	2764	2511	2090	1861	1465	1261
689	7020	6355	5486	4485	4001	3230	2719	2480	2088	1855	1480	1238
690	6951	6480	5512	4559	4006	3191	2779	2484	2103	1858	1434	1242
691	6992	6523	5503	4528	4045	3213	2715	2445	2094	1901	1516	1247
692	6939	6550	5592	4651	4057	3213	2756	2495	2192	1880	1483	1238
693	6912	6521	5420	4478	4029	3207	2766	2504	2084	1884	1459	1291
694	6876	6464	5449	4489	4015	3217	2794	2437	2066	1907	1470	1229
695	6979	6557	5535	4481	3985	3211	2783	2462	2060	1874	1459	1282
696	6939	6497	5542	4538	3961	3239	2769	2483	2097	1866	1463	1250
697	7081	6440	5536	4472	3992	3185	2678	2504	2138	1864	1493	1260
698	6835	6349	5595	4587	4032	3221	2769	2454	2063	1844	1458	1250
699	6901	6361	5471	4498	3946	3203	2784	2463	2104	1872	1445	1275
700	6856	6483	5600	4538	4003	3206	2790	2522	2081	1918	1438	1263
701	6928	6458	5483	4508	4017	3168	2738	2484	2114	1899	1443	1238
702	6853	6465	5472	4545	3991	3227	2776	2496	2124	1912	1459	1312
703	6976	6503	5456	4600	4031	3234	2747	2450	2123	1862	1451	1260
704	6861	6449	5491	4523	4042	3185	2714	2467	2105	1880	1470	1263
705	6985	6471	5480	4524	4050	3149	2744	2515	2118	1894	1469	1236
706	6935	6469	5444	4463	4028	3227	2748	2463	2165	1874	1405	1278
707	6919	6499	5465	4535	3967	3159	2775	2492	2098	1910	1472	1250
708	7022	6417	5361	4514	4038	3169	2788	2489	2088	1882	1455	1245
709	6902	6508	5551	4563	4060	3228	2806	2490	2071	1847	1473	1261
710	6972	6440	5519	4556	3999	3223	2806	2504	2126	1937	1466	1252
711	7000	6574	5530	4523	4000	3228	2750	2536	2080	1859	1435	1257
712	6964	6529	5547	4598	3997	3158	2725	2474	2118	1881	1457	1238
713	6903	6408	5516	4500	3946	3183	2799	2479	2139	1868	1453	1267
714	6849	6436	5497	4601	3991	3239	2769	2453	2117	1864	1456	1248
715	6902	6491	5480	4507	3977	3165	2764	2520	2170	1918	1480	1260
716	6857	6567	5428	4496	4007	3215	2797	2485	2125	1871	1481	1208
717	6841	6473	5529	4487	4030	3199	2819	2466	2112	1857	1444	1266
718	6990	6482	5502	4538	3954	3245	2757	2510	2097	1869	1485	1265
719	6875	6418	5485	4586	3943	3179	2717	2480	2082	1839	1449	1241
720	6904	6515	5540	4513	4010	3225	2768	2436	2107	1865	1525	1270
721	6990	6398	5469	4496	4029	3138	2738	2498	2115	1868	1448	1235
722	7033	6504	5551	4650	4029	3178	2790	2508	2124	1907	1512	1239
723	6893	6378	5492	4487	4071	3241	2745	2499	2111	1872	1484	1210
724	6945	6434	5430	4512	4017	3174	2792	2488	2140	1891	1474	1261
725	7038	6308	5432	4483	3996	3198	2836	2514	2117	1848	1457	1235
726	6902	6416	5408	4439	4008	3232	2784	2483	2109	1902	1430	1238
727	6983	6416	5483	4562	3945	3219	2737	2558	2143	1873	1451	1265
728	6948	6366	5460	4512	3998	3181	2752	2526	2123	1908	1469	1255
729	6987	6432	5558	4474	4056	3205	2782	2483	2130	1861	1451	1247
730	6990	6417	5394	4535	3994	3234	2703	2464	2123	1902	1475	1234
731	6878	6470	5496	4475	3952	3176	2689	2458	2136	1895	1482	1277
732	6880	6410	5434	4465	4045	3149	2695	2449	2107	1933	1457	1280
733	6923	6326	5576	4575	3977	3133	2772	2508	2109	1841	1458	1243
734	6850	6390	5488	4416	4056	3166	2777	2519	2140	1857	1468	1267
735	6942	6475	5489	4506	4046	3180	2752	2538	2111	1844	1426	1211
736	6897	6442	5419	4524	4088	3200	2742	2508	2139	1862	1450	1264
737	6907	6426	5496	4582	3982	3147	2777	2540	2113	1887	1479	1261
738	6911	6525	5645	4566	4047	3144	2768	2520	2110	1900	1508	1247
739	6926	6488	5452	4502	3953	3139	2745	2541	2099	1864	1468	1259
740	6898	6474	5458	4494	3997	3177	2801	2480	2151	1855	1465	1258
741	6978	6429	5466	4488	3999	3265	2738	2475	2153	1864	1437	1243
742	6932	6431	5529	4526	4038	3137	2732	2501	2134	1823	1463	1280
743	6878	6402	5468	4494	3973	3165	2735	2477	2118	1892	1535	1272
744	6886	6337	5510	4433	3980	3172	2782	2513	2111	1874	1472	1236
745	6929	6473	5535	4562	4028	3188	2835	2473	2148	1890	1477	1266
746	6980	6428	5517	4635	4075	3177	2785	2535	2095	1828	1462	1235
747	6953	6363	5420	4598	4025	3233	2766	2436	2057	1828	1460	1234
748	6873	6415	5594	4604	4044	3214	2717	2498	2105	1869	1486	1269
749	6879	6365	5488	4514	3994	3162	2753	2523	2136	1840	1455	1245
750	6814	6347	5355	4478	4017	3148	2786	2422	2125	1873	1494	1250
751	6973	6404	5505	4524	3993	3191	2768	2510	2099	1878	1440	1226
752	6984	6438	5433	4522	4067	3143	2742	2489	2132	1870	1462	1231
753	7012	6624	5511	4432	4072	3239	2764	2494	2109	1868	1457	1259
754	6974	6530	5408	4479	3993	3183	2741	2512	2106	1877	1528	1267
755	6865	6549	5435	4470	4021	3179	2719	2533	2168	1852	1478	1255
756	6940	6465	5470	4535	4040	3159	2714	2501	2114	1906	1498	1241
757	6920	6467	5483	4576	4056	3138	2772	2508	2116	1888	1463	1273
758	6923	6344	5474	4591	4032	3202	2810	2462	2136	1869	1476	1230
759	6952	6440	5481	4540	4097	3256	2805	2509	2120	1837	1509	1281
760	7030	6497	5508	4538	4074	3259	2799	2478	2116	1869	1469	1233
761	6933	6580	5511	4599	4064	3193	2781	2477	2133	1873	1501	1250
762	6769	6370	5513	4450	4071	3168	2775	2536	2140	1882	1496	1223
763	6984	6407	5464	4476	4035	3242	2785	2533	2146	1850	1487	1244
764	6959	6411	5490	4500	4045	3212	2769	2536	2137	1866	1463	1239
765	6897	6241	5513	4489	4002	3223	2799	2495	2140	1857	1487	1241
766	6903	6416	5487	4582	4001	3199	2757	2504	2113	1855	1492	1255
767	6987	6509	5494	4612	4037	3234	2820	2532	2159	1896	1466	1240
768	6958	6350	5486	4562	4020	3186	2765	2487	2149	1901	1445	1262
769	6991	6471	5505	4552	4065	3191	2823	2528	2150	1843	1427	1263
770	6895	6365	5539	4531	4058	3236	2797	2491	2137	1826	1478	1269
771	7107	6588	5553	4567	4080	3223	2804	2509	2145	1875	1479	1215
772	7082	6468	5593	4511	4128	3277	2792	2523	2148	1876	1472	1293
773	6986	6564	5525	4511	4041	3223	2798	2504	2133	1869	1490	1240
774	7033	6441	5488	4561	4047	3205	2734	2483	2131	1844	1462	1238
775	6995	6479	5517	4496	4026	3214	2776	2521	2119	1855	1424	1235
776	7002	6416	5399	4459	4050	3222	2790	2529	2165	1872	1450	1258
777	7051	6344	5420	4526	4088	3257	2802	2570	2122	1909	1478	1264
778	6889	6399	5475	4557	4065	3229	2756	2567	2200	1869	1452	1281
779	6931	6448	5536	4541	4045	3286	2803	2490	2148	1902	1492	1202
780	6960	6395	5435	4596	4077	3230	2784	2502	2122	1859	1452	1243
781	6948	6457	5443	4496	4037	3197	2778	2547	2152	1870	1467	1276
782	6845	6529	5473	4554	4018	3226	2672	2488	2177	1892	1470	1226
783	6924	6420	5396	4518	4050	3187	2703	2531	2140	1829	1433	1232
784	6929	6416	5476	4568	4033	3201	2783	2558	2131	1871	1489	1262
785	6832	6264	5527	4511	4059	3223	2722	2553	2121	1838	1485	1226
786	6782	6311	5587	4453	4075	3173	2716	2522	2131	1844	1436	1275
787	6883	6463	5552	4552	3981	3198	2807	2515	2140	1859	1537	1228
788	6920	6501	5341	4513	4021	3154	2766	2515	2114	1870	1448	1251
789	6958	6451	5479	4454	4073	3208	2793	2535	2160	1848	1462	1257
790	6930	6531	5519	4532	4000	3173	2780	2557	2125	1873	1470	1247
791	6933	6524	5430	4588	4079	3158	2804	2528	2162	1929	1496	1313
792	6995	6487	5490	4526	4077	3218	2735	2468	2137	1873	1508	1279
793	6953	6429	5479	4524	4046	3132	2725	2506	2187	1845	1489	1248
794	6963	6281	5363	4524	4049	3211	2758	2508	2149	1847	1480	1259
795	6967	6419	5372	4579	4030	3153	2749	2508	2177	1854	1474	1269
796	6881	6409	5475	4460	4052	3220	2718	2528	2140	1868	1489	1266
797	6824	6430	5602	4516	4065	3172	2765	2535	2174	1836	1482	1266
798	6944	6408	5540	4575	4118	3154	2786	2501	2156	1842	1497	1257
799	6815	6370	5580	4532	4078	3149	2708	2494	2106	1874	1487	1227
800	6854	6461	5453	4584	4112	3177	2795	2576	2166	1905	1473	1281
801	6925	6569	5330	4501	4090	3225	2777	2567	2157	1917	1464	1256
802	6847	6485	5493	4476	4031	3162	2747	2461	2136	1907	1458	1243
803	6934	6471	5508	4552	4064	3175	2680	2494	2120	1901	1515	1227
804	6863	6539	5570	4446	4084	3192	2747	2482	2100	1853	1457	1251
805	6835	6463	5509	4481	4043	3164	2730	2546	2151	1871	1485	1246
806	6882	6405	5460	4487	4064	3173	2752	2521	2132	1844	1470	1242
807	7082	6427	5480	4593	4074	3194	2744	2537	2119	1873	1487	1224
808	7022	6402	5464	4515	4108	3216	2761	2535	2143	1887	1470	1242
809	6912	6465	5434	4558	4075	3216	2698	2544	2124	1843	1486	1278
810	6879	6492	5479	4433	4066	3169	2705	2436	2135	1847	1491	1253
811	6921	6397	5454	4515	4052	3171	2763	2533	2125	1869	1489	1251
812	6850	6452	5352	4486	4121	3241	2792	2531	2121	1843	1510	1267
813	6957	6499	5491	4545	4123	3175	2738	2535	2137	1854	1482	1260
814	6945	6452	5416	4507	4117	3216	2748	2548	2191	1908	1465	1231
815	6939	6346	5484	4470	4088	3239	2801	2555	2152	1881	1483	1281
816	6947	6242	5436	4446	4055	3169	2736	2594	2159	1836	1490	1251
817	6893	6416	5448	4499	4090	3176	2742	2508	2117	1826	1441	1257
818	6957	6415	5509	4496	4092	3191	2765	2519	2139	1829	1494	1240
819	6910	6466	5455	4489	4046	3213	2769	2521	2141	1877	1480	1273
820	6869	6337	5422	4497	4078	3200	2779	2496	2134	1901	1481	1282
821	6838	6342	5438	4497	4051	3211	2831	2489	2171	1858	1491	1265
822	6971	6360	5558	4524	4132	3224	2827	2569	2141	1898	1435	1278
823	6876	6421	5610	4475	4053	3296	2739	2515	2104	1889	1451	1241
824	6890	6399	5503	4615	4114	3180	2784	2561	2134	1863	1460	1251
825	6878	6567	5444	4457	4088	3214	2779	2580	2141	1848	1476	1223
826	6925	6464	5528	4473	4085	3185	2805	2573	2110	1846	1445	1261
827	6903	6445	5456	4504	4116	3201	2723	2534	2139	1890	1469	1246
828	7013	6348	5438	4508	4042	3162	2750	2533	2116	1875	1462	1263
829	6938	6351	5433	4461	4078	3119	2793	2537	2134	1857	1468	1230
830	6815	6372	5524	4518	4081	3143	2736	2543	2093	1851	1499	1238
831	6899	6381	5470	4436	4068	3232	2761	2541	2128	1842	1497	1315
832	7041	6395	5414	4490	4054	3263	2791	2567	2154	1835	1507	1249
833	6948	6389	5419	4505	4112	3212	2784	2555	2128	1890	1510	1247
834	7085	6492	5545	4544	4100	3238	2785	2497	2206	1863	1489	1262
835	6921	6292	5517	4548	4163	3196	2775	2500	2101	1869	1514	1260
836	7013	6356	5502	4505	4042	3190	2732	2542	2134	1855	1494	1219
837	6954	6371	5482	4557	4117	3191	2780	2521	2135	1859	1477	1255
838	6968	6360	5436	4468	4033	3197	2721	2531	2172	1815	1430	1239
839	6827	6420	5437	4519	4103	3216	2753	2580	2157	1835	1473	1251
840	6893	6439	5492	4616	4054	3200	2804	2505	2131	1864	1516	1279
841	6958	6469	5497	4537	4106	3178	2765	2525	2121	1864	1491	1273
842	6981	6588	5546	4600	4153	3236	2843	2586	2188	1867	1429	1264
843	7052	6401	5524	4541	4141	3203	2870	2521	2176	1941	1469	1251
844	6939	6463	5536	4527	4159	3307	2854	2563	2142	1909	1487	1282
845	6866	6411	5498	4529	4085	3210	2738	2563	2096	1850	1486	1281
846	6987	6380	5470	4461	4096	3166	2739	2544	2139	1887	1449	1285
847	6818	6484	5463	4525	4117	3229	2791	2514	2107	1865	1474	1288
848	6925	6461	5505	4479	4091	3154	2729	2500	2167	1904	1484	1245
849	6919	6403	5511	4457	4077	3168	2732	2542	2148	1895	1486	1301
850	6875	6441	5472	4586	4137	3214	2776	2550	2143	1841	1477	1269
851	6978	6542	5508	4403	4086	3251	2771	2528	2221	1898	1461	1234
852	7035	6532	5453	4559	4073	3216	2807	2570	2133	1866	1532	1237
853	7103	6448	5480	4607	4167	3223	2910	2555	2156	1860	1473	1243
854	6993	6369	5387	4498	4141	3253	2771	2500	2124	1883	1473	1303
855	6843	6364	5424	4527	4149	3185	2795	2533	2120	1878	1464	1226
856	6811	6474	5524	4592	4101	3258	2753	2559	2169	1826	1491	1254
857	6899	6462	5567	4524	4156	3209	2743	2581	2141	1866	1485	1265
858	6974	6402	5408	4527	4089	3186	2775	2484	2161	1835	1448	1275
859	7004	6491	5503	4514	4067	3178	2770	2530	2124	1829	1460	1257
860	6980	6479	5486	4549	4068	3221	2785	2555	2136	1874	1502	1287
861	7050	6483	5469	4572	4120	3240	2787	2520	2134	1867	1495	1273
862	6917	6468	5520	4554	4051	3215	2778	2574	2161	1858	1490	1247
863	7028	6550	5528	4625	4096	3180	2766	2570	2144	1869	1473	1251
864	6887	6407	5473	4514	4138	3239	2810	2554	2130	1859	1528	1236
865	7001	6410	5428	4498	4012	3176	2807	2597	2158	1842	1472	1279
866	6969	6420	5511	4556	4120	3215	2760	2536	2134	1895	1504	1226
867	6897	6495	5548	4521	4140	3180	2766	2588	2142	1813	1504	1235
868	6941	6523	5451	4502	4115	3231	2831	2471	2117	1817	1486	1217
869	6875	6503	5446	4648	4176	3240	2782	2529	2155	1851	1503	1241
870	7044	6658	5564	4560	4157	3242	2817	2523	2164	1847	1504	1279
871	6837	6489	5479	4563	4088	3259	2738	2496	2146	1835	1526	1236
872	6874	6563	5434	4489	4117	3201	2820	2565	2158	1784	1473	1214
873	6896	6393	5475	4605	4154	3249	2832	2554	2148	1837	1496	1265
874	6931	6432	5456	4554	4172	3244	2812	2572	2117	1840	1497	1249
875	6960	6379	5505	4481	4147	3248	2772	2527	2119	1818	1508	1242
876	6997	6517	5578	4505	4120	3259	2818	2558	2126	1836	1479	1249
877	6957	6467	5532	4560	4169	3245	2793	2530	2122	1851	1455	1245
878	7043	6560	5661	4624	4211	3297	2782	2576	2197	1809	1445	1242
879	6932	6600	5584	4610	4127	3189	2799	2533	2094	1848	1501	1273
880	6961	6503	5462	4557	4125	3220	2870	2501	2109	1810	1479	1265
881	7012	6484	5499	4549	4141	3228	2768	2521	2119	1877	1438	1245
882	6900	6564	5562	4605	4166	3229	2775	2553	2130	1867	1459	1244
883	6871	6469	5503	4592	4135	3264	2859	2556	2156	1807	1470	1224
884	6973	6454	5443	4596	4143	3218	2800	2565	2147	1833	1464	1204
885	6993	6474	5588	4614	4136	3249	2833	2598	2143	1825	1464	1251
886	6866	6481	5506	4511	4177	3254	2833	2560	2154	1838	1488	1280
887	6978	6538	5524	4535	4147	3275	2876	2595	2161	1828	1522	1258
888	6897	6403	5467	4453	4091	3235	2816	2563	2139	1852	1490	1221
889	6925	6383	5507	4554	4099	3217	2822	2554	2162	1842	1463	1262
890	6936	6554	5517	4609	4164	3247	2770	2552	2157	1818	1484	1242
891	6924	6450	5519	4473	4104	3175	2832	2592	2135	1819	1476	1251
892	6957	6537	5464	4520	4115	3212	2828	2574	2179	1865	1510	1228
893	7088	6507	5580	4618	4173	3277	2794	2549	2118	1906	1479	1262
894	7060	6490	5526	4534	4072	3279	2823	2567	2165	1822	1517	1233
895	7035	6483	5535	4590	4103	3257	2786	2578	2146	1815	1483	1249
896	6977	6511	5486	4600	4115	3319	2813	2573	2154	1857	1451	1233
897	6884	6336	5454	4578	4141	3192	2837	2613	2187	1843	1452	1263
898	6914	6524	5497	4561	4112	3205	2796	2574	2188	1823	1465	1271
899	7016	6457	5543	4601	4101	3250	2784	2522	2162	1869	1520	1238
900	7158	6518	5468	4557	4063	3198	2834	2566	2143	1869	1507	1219
901	6954	6424	5487	4609	4221	3227	2814	2558	2149	1829	1459	1259
902	6894	6487	5478	4579	4147	3210	2789	2552	2181	1823	1478	1248
903	6844	6518	5496	4623	4138	3233	2833	2509	2138	1824	1505	1236
904	6985	6539	5560	4612	4111	3246	2834	2609	2116	1754	1504	1215
905	6957	6555	5532	4578	4098	3213	2828	2523	2125	1773	1467	1251
906	6939	6513	5504	4555	4154	3206	2864	2516	2145	1787	1447	1223
907	7052	6457	5490	4625	4203	3320	2864	2564	2129	1845	1463	1267
908	6877	6374	5480	4526	4116	3302	2769	2505	2150	1791	1501	1265
909	6882	6413	5457	4585	4200	3271	2802	2588	2115	1831	1484	1267
910	6995	6513	5547	4631	4150	3298	2837	2544	2181	1811	1470	1269
911	6933	6475	5514	4574	4125	3281	2845	2536	2175	1838	1468	1271
912	7049	6529	5597	4540	4149	3307	2829	2586	2177	1861	1486	1223
913	7059	6574	5517	4608	4245	3325	2848	2584	2140	1835	1508	1247
914	6876	6440	5474	4572	4106	3265	2900	2532	2098	1773	1499	1248
915	6965	6380	5569	4592	4178	3304	2846	2547	2182	1830	1503	1253
916	6948	6484	5465	4572	4159	3281	2828	2595	2189	1826	1510	1248
917	7014	6462	5527	4619	4148	3275	2801	2554	2161	1857	1488	1261
918	6989	6319	5567	4541	4202	3260	2867	2554	2196	1868	1484	1280
919	6927	6372	5515	4554	4170	3266	2853	2557	2121	1840	1502	1266
920	7045	6451	5496	4554	4138	3254	2802	2521	2204	1859	1470	1238
921	6929	6376	5497	4524	4228	3309	2849	2564	2167	1856	1489	1247
922	6898	6384	5534	4544	4144	3228	2857	2578	2146	1830	1472	1249
923	6982	6577	5443	4517	4193	3260	2887	2594	2158	1802	1488	1265
924	6908	6502	5496	4547	4187	3298	2868	2582	2184	1817	1486	1212
925	7095	6362	5561	4546	4157	3302	2805	2557	2162	1863	1553	1245
926	7095	6551	5597	4496	4174	3210	2835	2627	2229	1895	1458	1238
927	6903	6423	5528	4591	4126	3217	2891	2596	2141	1877	1498	1244
928	6978	6494	5504	4611	4187	3237	2851	2623	2151	1876	1507	1251
929	6978	6442	5556	4621	4199	3287	2864	2590	2157	1819	1514	1264
930	6901	6455	5488	4554	4200	3224	2857	2575	2151	1864	1514	1254
931	6920	6418	5538	4595	4195	3268	2852	2606	2203	1884	1500	1285
932	7012	6545	5563	4614	4117	3259	2855	2578	2201	1841	1469	1263
933	6979	6558	5545	4597	4144	3287	2864	2546	2163	1882	1482	1260
934	6971	6431	5534	4577	4164	3233	2873	2598	2189	1881	1477	1257
935	6888	6504	5514	4519	4157	3213	2834	2565	2169	1833	1484	1271
936	6982	6511	5477	4560	4147	3226	2847	2581	2192	1845	1501	1244
937	6985	6483	5464	4593	4205	3233	2883	2601	2197	1841	1489	1240
938	6890	6592	5493	4561	4116	3194	2817	2597	2166	1838	1498	1273
939	6973	6533	5500	4578	4208	3285	2801	2591	2193	1865	1448	1282
940	7074	6508	5567	4548	4211	3338	2849	2576	2203	1867	1464	1256
941	7024	6564	5483	4556	4055	3271	2897	2585	2205	1838	1501	1240
942	6936	6500	5528	4556	4225	3292	2864	2608	2168	1857	1519	1279
943	6991	6349	5560	4595	4181	3294	2843	2559	2170	1833	1463	1268
944	6851	6475	5520	4601	4180	3315	2872	2524	2149	1848	1509	1261
945	7021	6503	5509	4514	4184	3304	2824	2597	2165	1816	1487	1257
946	6872	6537	5410	4587	4177	3258	2855	2606	2179	1817	1505	1236
947	6915	6450	5481	4561	4123	3229	2877	2570	2177	1846	1466	1253
948	6957	6543	5587	4497	4129	3258	2877	2574	2145	1851	1473	1281
949	7020	6500	5606	4622	4215	3275	2903	2579	2108	1793	1534	1281
950	6958	6417	5585	4607	4213	3320	2889	2564	2151	1777	1481	1290
951	6972	6445	5515	4590	4139	3309	2863	2565	2165	1863	1475	1247
952	6980	6493	5530	4622	4157	3281	2886	2616	2179	1855	1512	1241
953	6998	6430	5476	4551	4160	3199	2891	2560	2161	1856	1476	1253
954	6973	6501	5547	4599	4166	3247	2861	2555	2190	1891	1465	1242
955	6988	6556	5602	4600	4158	3298	2795	2649	2226	1902	1531	1266
956	6947	6604	5470	4526	4204	3225	2852	2559	2166	1869	1522	1264
957	6970	6580	5479	4610	4150	3270	2872	2551	2179	1884	1465	1268
958	6992	6452	5590	4558	4157	3202	2865	2570	2123	1833	1468	1271
959	7001	6596	5601	4630	4216	3288	2867	2591	2209	1812	1475	1260
960	6930	6428	5506	4566	4123	3306	2918	2588	2198	1817	1505	1250
961	6948	6431	5524	4557	4217	3325	2813	2593	2148	1910	1484	1262
962	6989	6425	5454	4579	4235	3229	2879	2536	2197	1875	1455	1256
963	6960	6560	5444	4541	4178	3287	2840	2623	2181	1886	1464	1228
964	7003	6438	5445	4565	4149	3303	2832	2554	2162	1846	1488	1239
965	6948	6467	5547	4591	4247	3269	2819	2600	2174	1856	1491	1248
966	7015	6606	5543	4620	4176	3216	2803	2507	2187	1857	1501	1256
967	6947	6582	5462	4578	4202	3237	2875	2618	2200	1848	1557	1248
968	7108	6534	5428	4519	4152	3253	2822	2603	2174	1850	1465	1247
969	6875	6478	5554	4580	4208	3232	2880	2606	2174	1874	1500	1240
970	6854	6435	5549	4563	4167	3304	2891	2593	2186	1846	1440	1269
971	6828	6472	5552	4584	4146	3198	2833	2621	2207	1878	1494	1265
972	6992	6378	5568	4593	4228	3283	2858	2627	2199	1854	1503	1278
973	7035	6456	5570	4584	4239	3231	2895	2596	2200	1845	1476	1265
974	6978	6448	5498	4548	4132	3227	2844	2606	2223	1876	1469	1276
975	6969	6480	5563	4571	4200	3260	2899	2600	2201	1916	1513	1289
976	6997	6433	5460	4625	4174	3285	2816	2571	2182	1831	1456	1256
977	6872	6538	5594	4548	4201	3217	2897	2584	2187	1879	1499	1267
978	6937	6507	5415	4565	4219	3243	2799	2607	2226	1828	1487	1283
979	7043	6411	5545	4523	4185	3286	2863	2540	2171	1861	1473	1249
980	6866	6479	5494	4574	4193	3281	2828	2567	2193	1822	1507	1255
981	6841	6426	5485	4571	4179	3262	2829	2604	2162	1870	1477	1257
982	6928	6399	5495	4606	4090	3223	2770	2614	2182	1863	1524	1246
983	6994	6499	5510	4599	4198	3273	2861	2624	2184	1825	1480	1250
984	7009	6577	5592	4580	4169	3255	2890	2586	2193	1857	1496	1260
985	6991	6539	5565	4663	4222	3250	2837	2601	2181	1836	1509	1238
986	7077	6620	5583	4621	4227	3297	2893	2620	2210	1837	1441	1275
987	7000	6554	5545	4598	4153	3221	2844	2591	2204	1864	1448	1282
988	6887	6498	5553	4671	4210	3278	2805	2592	2193	1864	1491	1235
989	6933	6413	5462	4535	4179	3236	2848	2623	2213	1844	1506	1288
990	7002	6489	5526	4634	4231	3246	2870	2565	2196	1845	1476	1238
991	6974	6539	5543	4588	4288	3292	2883	2621	2254	1809	1484	1282
992	7035	6491	5525	4672	4183	3279	2895	2562	2209	1895	1534	1258
993	7015	6488	5575	4552	4256	3301	2896	2582	2224	1872	1499	1277
994	6926	6645	5516	4605	4245	3337	2860	2619	2227	1898	1520	1241
995	7012	6481	5547	4587	4190	3280	2919	2564	2218	1874	1496	1234
996	6997	6399	5516	4564	4230	3286	2892	2623	2217	1881	1527	1230
997	6946	6438	5561	4678	4208	3319	2845	2573	2194	1857	1500	1258
998	6970	6460	5528	4612	4245	3248	2881	2651	2256	1882	1501	1230
999	6811	6503	5575	4550	4225	3263	2828	2560	2199	1810	1485	1279
1000	6961	6564	5601	4529	4189	3273	2838	2576	2192	1829	1487	1234
1001	7090	6451	5503	4598	4198	3287	2892	2645	2200	1883	1474	1268
1002	7006	6589	5521	4662	4209	3301	2895	2584	2249	1855	1477	1265
1003	6980	6393	5509	4611	4192	3236	2856	2590	2212	1838	1483	1265
1004	7000	6507	5486	4626	4243	3259	2871	2612	2242	1855	1500	1278
