time	200	150	100	60	50	40	25	10	5
5	53	50	51	50	48	48	49	45	48
6	54	55	43	53	52	50	57	50	52
7	56	54	52	45	52	50	51	51	48
8	54	49	45	45	42	44	48	47	52
9	60	58	55	51	53	44	51	50	54
10	66	62	52	47	50	51	46	47	44
11	73	64	53	52	51	51	47	55	51
12	83	72	52	56	52	51	48	50	52
13	102	84	50	48	51	48	51	45	51
14	114	105	60	55	47	47	49	47	53
15	133	111	55	52	51	51	53	47	47
16	160	137	64	57	53	54	49	55	50
17	208	168	83	65	63	51	46	55	51
18	224	190	77	60	59	54	46	53	43
19	267	222	85	64	62	55	51	45	54
20	309	250	89	65	71	64	48	60	51
21	362	292	99	76	65	64	53	54	51
22	429	336	116	87	75	64	55	47	57
23	487	396	133	93	79	74	55	54	52
24	559	423	138	93	84	75	56	55	48
25	627	497	149	101	93	77	64	61	59
26	687	553	171	101	92	88	56	61	55
27	785	604	181	109	117	89	66	62	53
28	843	702	191	113	129	92	70	60	54
29	937	745	216	133	135	105	69	67	60
30	995	801	251	138	144	108	73	68	53
31	1166	906	256	145	152	125	80	72	56
32	1261	951	297	159	166	118	76	73	53
33	1364	994	298	146	178	137	84	72	58
34	1514	1067	335	177	210	147	89	77	65
35	1557	1193	371	166	206	148	93	78	60
36	1700	1246	401	196	206	166	113	78	65
37	1823	1300	428	213	243	177	107	87	61
38	1968	1400	456	211	250	191	113	86	58
39	2010	1392	503	234	250	198	125	89	60
40	2145	1467	520	249	280	204	135	91	67
41	2287	1574	557	264	275	206	143	98	66
42	2378	1584	593	274	308	226	148	94	70
43	2455	1686	644	282	311	236	150	97	68
44	2590	1753	666	294	351	252	163	115	67
45	2629	1777	674	306	355	278	164	102	69
46	2684	1803	767	312	366	262	172	103	84
47	2785	1836	764	333	416	292	185	112	76
48	2917	1907	833	335	409	300	189	116	81
49	2994	1955	857	357	433	311	180	121	81
50	3032	2011	906	378	437	330	207	120	80
51	3120	2031	915	426	474	313	202	125	78
52	3133	2054	939	424	493	341	208	132	80
53	3254	2107	982	444	509	355	217	135	81
54	3248	2119	1006	441	544	343	221	146	81
55	3273	2152	1041	470	549	368	228	147	93
56	3315	2190	1085	490	575	404	246	143	92
57	3409	2200	1075	507	556	404	248	150	89
58	3447	2230	1148	502	579	398	266	162	95
59	3530	2287	1080	528	631	437	253	163	92
60	3514	2332	1155	560	616	433	279	155	94
61	3518	2292	1213	568	621	434	268	162	83
62	3597	2318	1235	588	657	459	272	173	95
63	3537	2330	1226	649	679	473	271	149	101
64	3519	2406	1263	651	723	480	287	185	101
65	3664	2445	1264	625	744	492	309	179	93
66	3680	2367	1316	650	724	498	325	183	97
67	3721	2456	1342	695	767	512	326	176	97
68	3702	2428	1317	750	754	515	343	178	95
69	3715	2393	1327	750	752	525	328	183	96
70	3609	2447	1371	735	799	536	333	193	103
71	3580	2435	1390	760	777	520	344	196	102
72	3748	2486	1374	789	800	525	340	183	108
73	3723	2448	1418	780	818	550	359	199	118
74	3727	2458	1432	843	826	546	361	200	107
75	3757	2495	1446	825	837	563	354	206	116
76	3766	2502	1450	810	838	575	381	204	110
77	3830	2538	1452	831	879	564	370	213	106
78	3685	2563	1481	876	868	589	379	214	108
79	3756	2505	1524	852	879	549	403	208	121
80	3766	2549	1482	900	867	594	392	217	102
81	3766	2513	1526	863	883	577	422	225	118
82	3699	2588	1511	912	897	600	418	232	121
83	3738	2566	1531	914	908	602	431	233	115
84	3821	2585	1525	936	917	575	412	227	125
85	3808	2533	1549	964	935	602	430	242	106
86	3796	2543	1510	925	905	592	440	234	109
87	3783	2597	1589	945	929	584	455	246	117
88	3760	2574	1590	958	915	594	469	238	117
89	3814	2519	1557	948	922	615	443	234	123
90	3896	2563	1586	986	951	629	462	249	129
91	3800	2573	1583	969	942	624	472	249	131
92	3885	2615	1515	968	930	611	470	245	125
93	3921	2588	1612	985	964	623	500	240	127
94	3886	2561	1593	972	948	612	490	238	130
95	3788	2543	1566	968	935	613	470	233	130
96	3932	2554	1614	973	946	592	496	257	129
97	3838	2529	1638	1009	923	619	517	267	130
98	3782	2583	1602	1012	999	650	495	265	146
99	3880	2497	1614	1030	981	637	528	278	130
100	3826	2596	1621	984	979	629	517	261	130
101	3804	2582	1633	1033	948	613	516	285	138
102	3722	2573	1612	1000	997	644	523	282	131
103	3774	2562	1615	1034	957	673	556	260	134
104	3818	2587	1662	1052	980	633	523	270	133
105	3966	2603	1656	1004	953	637	534	289	138
106	3887	2591	1658	1007	990	622	544	291	140
107	3818	2634	1666	1024	977	640	545	288	140
108	3858	2629	1641	1014	965	664	543	282	138
109	3770	2584	1592	1019	991	645	527	281	144
110	3912	2667	1664	1023	994	643	566	280	152
111	3782	2594	1648	1011	1009	655	547	272	139
112	3741	2589	1680	1038	968	634	559	273	150
113	3790	2523	1659	1040	977	653	582	287	133
114	3869	2628	1683	1079	997	651	548	299	138
115	3968	2606	1679	1063	1018	636	578	291	142
116	3811	2558	1638	1012	970	634	556	312	139
117	3829	2593	1669	1043	987	665	573	307	146
118	3885	2588	1670	1064	1009	654	569	309	145
119	3797	2555	1637	1050	984	645	576	302	144
120	3893	2580	1651	1049	990	631	562	297	144
121	3793	2630	1670	1026	984	650	574	312	146
122	3829	2599	1656	1092	1015	665	581	311	145
123	3923	2598	1615	1026	1027	653	573	315	148
124	3757	2645	1642	1073	986	654	582	302	141
125	3886	2566	1688	1051	993	639	581	297	153
126	3756	2604	1686	1078	1026	638	579	312	147
127	3759	2584	1700	1075	997	654	569	324	153
128	3804	2596	1649	1097	988	662	612	295	162
129	3796	2568	1701	1044	1031	664	592	309	139
130	3797	2617	1643	1065	1034	677	597	304	147
131	3833	2593	1694	1094	1010	636	600	307	148
132	3902	2567	1699	1093	989	675	599	302	154
133	3926	2622	1705	1085	1016	650	599	310	156
134	3994	2593	1645	1098	1009	659	602	312	147
135	4079	2570	1694	1072	1010	685	612	325	154
136	3932	2622	1664	1070	997	686	613	316	151
137	3919	2617	1678	1061	990	643	609	328	163
138	3815	2588	1666	1096	994	670	615	321	157
139	3840	2605	1688	1086	1031	678	615	315	173
140	3850	2585	1683	1046	1015	668	596	316	156
141	3959	2653	1690	1087	1038	688	620	333	152
142	3889	2606	1678	1089	1046	677	608	328	162
143	3987	2586	1669	1088	992	702	610	336	165
144	3873	2566	1708	1082	1037	678	615	306	166
145	3958	2630	1696	1124	1052	694	631	342	158
146	3919	2554	1726	1085	1052	682	619	347	162
147	3927	2556	1680	1088	1013	669	635	316	150
148	3969	2570	1686	1078	1052	652	643	319	158
149	3890	2597	1710	1105	1001	673	617	347	171
150	3821	2609	1689	1105	1025	673	611	346	163
151	3909	2668	1679	1130	1061	684	626	314	152
152	3869	2637	1683	1127	1049	692	615	346	168
153	4011	2566	1685	1087	1016	656	618	323	155
154	3946	2594	1706	1123	1032	669	614	334	164
155	3857	2616	1680	1120	1034	704	644	322	158
156	3873	2622	1662	1091	1032	667	638	335	175
157	3943	2579	1711	1098	1035	703	621	322	157
158	3925	2612	1695	1120	1044	683	622	344	154
159	3914	2624	1723	1143	1028	680	630	335	160
160	3890	2698	1692	1133	1015	700	606	341	168
161	3967	2711	1725	1135	1067	677	626	349	161
162	3825	2728	1673	1106	1007	690	639	343	168
163	3914	2646	1693	1095	1026	664	616	339	162
164	4033	2668	1706	1126	1040	689	633	327	170
165	3942	2633	1714	1102	1052	682	638	339	171
166	4039	2653	1682	1099	1057	676	601	338	164
167	3888	2690	1694	1091	1025	663	635	337	176
168	3902	2691	1703	1123	1046	696	648	340	168
169	3872	2625	1679	1099	1024	698	634	334	179
170	3856	2607	1705	1120	1050	669	665	328	162
171	3849	2636	1722	1150	1079	695	633	347	173
172	3920	2656	1742	1149	1082	712	642	353	176
173	3916	2629	1737	1137	1048	667	650	349	164
174	3970	2672	1720	1143	1043	708	660	350	179
175	4058	2642	1701	1132	1094	702	648	347	179
176	3905	2728	1719	1102	1045	689	649	330	164
177	3977	2710	1668	1144	1007	700	636	334	164
178	3905	2654	1726	1145	1060	677	660	355	170
179	3867	2673	1718	1163	1068	680	609	346	158
180	3922	2693	1727	1122	1067	673	647	355	173
181	3862	2680	1714	1143	1063	685	667	350	172
182	4002	2703	1721	1142	1060	675	664	344	168
183	3982	2640	1696	1150	1047	678	656	327	179
184	3905	2671	1738	1162	1074	717	642	347	177
185	3947	2673	1737	1114	1088	693	660	345	172
186	3938	2662	1726	1142	1064	708	631	358	176
187	3931	2705	1744	1142	1083	715	639	361	173
188	3821	2669	1706	1146	1058	687	672	373	174
189	3890	2648	1727	1107	1061	683	648	343	170
190	3971	2667	1704	1105	1071	702	625	344	180
191	3975	2671	1712	1149	1103	690	672	357	172
192	3968	2668	1669	1129	1074	714	679	347	171
193	3888	2625	1677	1127	1084	713	641	368	170
194	4069	2688	1721	1148	1101	723	673	355	182
195	4007	2667	1689	1154	1078	704	653	334	166
196	3952	2690	1707	1162	1051	682	658	354	174
197	3957	2641	1739	1196	1068	704	639	346	168
198	3942	2657	1716	1116	1042	728	653	347	158
199	3976	2674	1705	1129	1106	713	653	360	181
200	3976	2659	1706	1123	1049	711	645	363	174
201	4198	2728	1685	1131	1099	699	685	366	178
202	4024	2687	1724	1171	1062	689	669	368	181
203	4026	2640	1756	1137	1074	699	651	344	178
204	3992	2665	1716	1150	1048	687	658	354	183
205	4072	2671	1703	1165	1067	709	656	362	193
206	3965	2664	1725	1094	1056	715	660	341	174
207	3975	2685	1734	1181	1085	706	673	372	178
208	3967	2693	1744	1144	1087	698	660	350	182
209	3995	2726	1787	1175	1096	703	663	333	170
210	3827	2730	1733	1134	1069	718	651	346	174
211	3986	2661	1748	1128	1092	716	676	357	170
212	3924	2625	1686	1177	1048	709	657	341	184
213	3963	2657	1761	1135	1065	697	672	334	165
214	3936	2649	1742	1162	1054	663	653	356	174
215	3948	2675	1752	1120	1075	684	661	351	164
216	3992	2604	1702	1168	1113	691	670	353	184
217	3945	2676	1774	1143	1077	698	685	360	167
218	3873	2620	1761	1146	1109	719	652	354	176
219	4003	2684	1740	1157	1111	679	659	352	172
220	3949	2712	1762	1169	1095	708	663	362	176
221	3927	2670	1730	1151	1106	693	671	351	188
222	3927	2706	1722	1156	1086	686	665	352	178
223	3912	2656	1704	1153	1097	704	674	360	169
224	4019	2667	1701	1159	1093	713	672	355	183
225	3955	2665	1710	1170	1087	679	657	357	165
226	3915	2651	1672	1151	1051	697	653	355	172
227	4003	2662	1722	1128	1107	682	685	360	164
228	3940	2630	1735	1119	1095	706	653	344	182
229	3952	2651	1718	1168	1117	703	664	353	175
230	3927	2638	1721	1152	1110	696	653	369	177
231	4006	2666	1750	1175	1094	693	667	340	171
232	4012	2661	1729	1125	1107	709	656	349	178
233	4031	2678	1706	1156	1127	696	660	356	174
234	3998	2615	1705	1169	1097	702	660	369	185
235	4003	2700	1712	1148	1134	692	688	357	177
236	3930	2688	1698	1176	1116	694	667	358	178
237	4029	2713	1748	1156	1103	717	672	350	170
238	3998	2689	1747	1159	1119	704	672	356	168
239	3997	2692	1744	1141	1061	692	687	355	163
240	3993	2681	1746	1128	1098	706	664	365	179
241	3987	2665	1716	1157	1116	682	657	344	172
242	3995	2668	1749	1166	1123	690	682	349	169
243	3967	2654	1752	1150	1123	705	682	380	173
244	3956	2647	1729	1151	1107	711	645	377	170
245	4041	2667	1684	1139	1091	707	675	350	175
246	3961	2597	1743	1161	1128	707	639	342	164
247	3989	2723	1723	1158	1097	695	720	346	161
248	4011	2671	1734	1138	1104	694	683	348	173
249	3952	2707	1747	1173	1127	681	668	358	173
250	3984	2661	1720	1157	1114	706	689	371	181
251	4036	2696	1749	1150	1116	674	664	352	161
252	4030	2706	1734	1161	1080	693	670	362	180
253	3979	2678	1734	1151	1083	696	678	352	183
254	4012	2676	1727	1102	1119	699	676	363	172
255	3944	2671	1753	1169	1096	727	668	342	173
256	4004	2681	1774	1154	1147	725	680	353	173
257	3981	2705	1730	1207	1105	682	688	364	179
258	3972	2697	1769	1166	1106	708	645	358	172
259	4093	2705	1773	1193	1145	715	672	385	166
260	3992	2717	1758	1182	1104	709	691	371	181
261	4043	2671	1741	1153	1112	711	660	351	173
262	3914	2669	1750	1169	1074	697	662	358	171
263	3925	2684	1741	1209	1090	726	643	363	171
264	3950	2651	1732	1166	1119	699	661	365	179
265	3995	2653	1721	1170	1102	690	667	358	160
266	4100	2661	1735	1139	1109	709	675	343	178
267	3885	2617	1699	1148	1102	717	659	339	175
268	4045	2667	1720	1212	1103	684	645	359	162
269	4042	2658	1745	1185	1093	686	685	372	174
270	3983	2616	1742	1163	1118	705	696	347	183
271	4060	2684	1730	1178	1088	718	675	378	175
272	3994	2668	1708	1163	1097	725	679	338	167
273	4113	2645	1721	1159	1093	711	663	350	168
274	3969	2647	1772	1168	1110	705	653	345	171
275	4059	2711	1746	1201	1110	729	670	362	166
276	4017	2674	1715	1159	1091	721	661	371	180
277	4026	2635	1767	1191	1103	715	631	356	182
278	4001	2691	1742	1160	1101	715	660	366	172
279	3978	2663	1734	1149	1091	708	641	342	178
280	4033	2702	1732	1158	1134	739	666	346	184
281	4021	2661	1745	1157	1090	712	651	349	175
282	4019	2681	1761	1169	1101	712	644	373	152
283	3956	2711	1769	1182	1109	723	664	345	171
284	4107	2642	1708	1166	1102	693	675	371	187
285	3997	2681	1765	1192	1085	692	652	371	168
286	3929	2684	1756	1158	1072	710	659	367	186
287	4008	2672	1767	1156	1057	714	663	371	184
288	4078	2692	1776	1173	1077	708	665	362	192
289	3961	2628	1710	1168	1106	762	680	381	186
290	3935	2669	1734	1196	1090	700	688	346	179
291	4049	2660	1743	1158	1088	727	658	341	193
292	4045	2702	1747	1212	1114	748	630	346	174
293	4033	2727	1717	1169	1073	715	661	352	176
294	3961	2701	1725	1146	1058	735	668	357	178
295	4032	2667	1761	1176	1076	708	640	361	186
296	4017	2687	1756	1186	1034	692	648	352	183
297	4028	2675	1692	1156	1069	741	647	367	177
298	3988	2693	1738	1161	1075	689	653	355	192
299	3994	2652	1683	1168	1110	712	669	365	178
300	4098	2666	1719	1173	1044	727	644	384	186
301	4032	2700	1726	1197	1081	702	666	364	186
302	4040	2639	1745	1166	1072	681	662	383	178
303	3969	2704	1693	1162	1051	706	646	361	176
304	4103	2682	1725	1159	1103	720	670	350	193
305	4016	2649	1737	1201	1046	695	635	356	178
306	4059	2708	1714	1201	1064	705	667	366	179
307	3991	2717	1688	1169	1083	700	664	382	184
308	4005	2670	1716	1133	1065	718	660	348	187
309	4040	2670	1697	1187	1079	729	660	352	196
310	3944	2679	1759	1181	1099	728	678	355	188
311	3949	2687	1732	1163	1060	714	648	346	185
312	4060	2658	1718	1188	1080	723	650	326	176
313	4108	2770	1723	1163	1089	739	669	361	199
314	3967	2636	1773	1155	1064	710	655	357	178
315	4145	2634	1751	1156	1051	735	643	359	202
316	4044	2682	1720	1177	1064	734	634	359	186
317	3948	2697	1733	1198	1066	701	647	378	191
318	4094	2737	1745	1185	1100	729	643	365	191
319	4116	2641	1744	1171	1064	719	647	370	178
320	4063	2613	1733	1185	1055	729	639	364	184
321	4057	2704	1725	1144	1050	739	659	365	186
322	3976	2699	1724	1172	1091	742	666	352	183
323	4093	2678	1727	1188	1068	732	664	365	200
324	4187	2646	1754	1190	1079	725	644	353	181
325	4115	2679	1748	1170	1069	734	626	385	175
326	4120	2680	1742	1197	1085	713	641	365	189
327	3940	2754	1764	1160	1096	701	644	384	192
328	4003	2703	1741	1182	1060	743	645	357	193
329	3984	2668	1751	1190	1064	733	643	357	178
330	3990	2700	1737	1172	1078	714	647	358	177
331	3955	2770	1717	1180	1037	742	641	356	191
332	3977	2675	1784	1187	1065	724	647	376	188
333	4040	2673	1718	1174	1030	712	628	342	205
334	4012	2694	1714	1182	1037	731	649	363	190
335	4001	2698	1749	1215	1058	727	641	356	190
336	4091	2694	1743	1195	1051	711	642	356	190
337	3971	2682	1752	1133	1054	704	644	363	193
338	4038	2732	1760	1179	1054	730	625	363	190
339	4106	2696	1741	1224	1068	734	646	370	205
340	4060	2712	1681	1202	1061	719	654	348	196
341	4088	2700	1764	1203	1059	711	649	361	183
342	3974	2681	1726	1184	1052	706	633	371	199
343	3952	2691	1766	1190	1051	745	641	366	178
344	4014	2673	1715	1197	1089	710	608	365	203
345	4062	2733	1713	1186	1064	722	622	371	185
346	3991	2680	1752	1177	1068	733	633	361	193
347	3902	2695	1738	1133	1037	742	632	363	192
348	3959	2767	1751	1195	1045	724	619	348	201
349	4054	2737	1793	1155	1018	728	628	346	186
350	4051	2678	1746	1196	1112	711	638	360	190
351	4081	2717	1744	1201	1052	744	648	380	198
352	4052	2667	1785	1164	1075	721	635	361	193
353	4126	2707	1733	1201	1070	726	637	353	191
354	3995	2686	1714	1176	1036	727	615	372	181
355	4046	2726	1727	1203	1055	696	635	379	195
356	4000	2701	1740	1189	1031	729	608	361	185
357	4141	2727	1703	1235	1052	724	635	372	203
358	3998	2682	1713	1206	1059	711	613	349	188
359	3941	2693	1761	1188	1052	731	650	359	189
360	3987	2703	1717	1190	1052	718	623	360	190
361	4083	2712	1721	1166	1039	758	631	358	193
362	4022	2680	1704	1163	1036	720	642	385	191
363	4072	2733	1764	1202	1075	726	640	368	205
364	4061	2695	1732	1204	1034	741	642	373	200
365	3962	2712	1755	1187	1050	710	648	388	204
366	3937	2775	1754	1210	1085	727	649	359	189
367	3906	2649	1721	1155	1076	728	616	352	195
368	4107	2789	1755	1219	1071	710	634	371	199
369	3957	2671	1760	1173	1018	748	637	361	198
370	4015	2721	1776	1175	1070	736	633	369	185
371	3973	2696	1788	1168	1026	744	642	362	186
372	4081	2703	1770	1221	1104	755	629	364	200
373	4096	2741	1748	1164	1035	743	617	346	199
374	3993	2702	1739	1199	1081	734	647	373	198
375	3965	2685	1734	1177	1065	721	623	354	199
376	4072	2674	1719	1146	1052	747	628	356	196
377	4020	2685	1749	1175	1056	743	615	355	200
378	4023	2685	1711	1210	1068	731	615	357	200
379	4039	2700	1734	1216	1090	735	633	348	194
380	3966	2719	1743	1151	1057	732	629	374	187
381	4023	2708	1691	1201	1028	722	616	360	202
382	4051	2707	1732	1160	1055	743	610	373	196
383	3982	2735	1714	1219	1046	725	622	357	197
384	3970	2748	1722	1179	1064	741	615	357	194
385	4085	2684	1746	1168	1024	749	643	374	211
386	3982	2731	1697	1184	1035	745	626	355	202
387	4087	2719	1745	1180	1064	734	618	370	185
388	3861	2710	1727	1211	1059	716	603	352	195
389	3859	2709	1750	1185	1070	767	610	380	191
390	4199	2719	1695	1183	1060	747	655	374	201
391	4081	2741	1720	1191	1034	733	630	369	197
392	3977	2683	1748	1227	1038	743	620	374	216
393	3999	2745	1737	1209	1050	745	626	367	204
394	4100	2715	1749	1210	1034	723	615	348	197
395	4085	2691	1727	1206	1044	734	637	365	201
396	4080	2689	1774	1226	1082	753	610	350	216
397	3986	2701	1727	1199	1043	733	631	359	199
398	4132	2694	1728	1198	1028	743	669	363	205
399	4027	2733	1710	1175	1054	757	629	382	201
400	4137	2680	1731	1214	1019	695	656	382	206
401	4020	2677	1745	1200	1061	734	615	381	198
402	4139	2711	1736	1177	1063	742	615	375	197
403	4014	2688	1720	1220	1071	745	631	367	196
404	4056	2650	1769	1166	1030	736	618	353	200
405	4065	2659	1736	1175	1064	758	611	347	198
406	4226	2741	1746	1154	1076	738	615	368	207
407	3991	2680	1743	1186	1056	745	633	364	206
408	4102	2703	1738	1191	1031	720	602	381	208
409	4201	2662	1772	1182	1060	742	650	358	206
410	3929	2750	1709	1143	1084	719	621	351	213
411	3901	2670	1782	1211	1050	740	653	359	202
412	4027	2708	1755	1180	1036	751	614	359	195
413	4241	2740	1725	1177	1067	764	644	363	203
414	3988	2714	1779	1192	1053	723	623	389	203
415	4085	2699	1731	1193	1046	749	626	375	213
416	4233	2753	1704	1204	1067	765	614	369	203
417	4182	2647	1747	1160	1045	739	599	359	213
418	3843	2742	1763	1193	1034	712	627	369	202
419	3960	2738	1754	1153	1059	757	594	364	218
420	4116	2744	1785	1167	1062	752	626	373	204
421	4041	2753	1758	1194	1046	723	637	363	217
422	3982	2702	1812	1191	1025	733	609	364	206
423	4218	2743	1733	1191	1059	738	626	373	214
424	4232	2714	1799	1187	1060	718	628	367	203
425	4109	2738	1808	1203	1067	740	634	369	214
426	4033	2701	1766	1223	1047	759	632	361	198
427	4083	2684	1732	1195	1019	728	610	372	211
428	4152	2764	1770	1207	1065	739	626	390	218
429	4175	2681	1767	1207	1050	764	625	389	216
430	4100	2664	1758	1240	1055	729	625	348	214
431	4195	2686	1752	1201	1022	729	614	357	213
432	3889	2699	1722	1203	1036	737	627	379	221
433	3921	2708	1753	1203	1030	740	615	363	212
434	4349	2706	1726	1193	1087	733	611	377	213
435	4037	2727	1759	1207	1052	718	599	369	201
436	4126	2722	1736	1205	1034	720	633	366	219
437	4197	2687	1793	1189	1061	751	607	397	204
438	3949	2688	1788	1202	1055	744	623	364	217
439	4078	2693	1722	1193	1028	706	616	368	215
440	4156	2739	1712	1195	1046	731	622	390	221
441	4101	2688	1761	1207	1044	730	639	355	203
442	3931	2735	1756	1201	1073	724	626	352	216
443	4017	2741	1752	1140	1045	736	605	372	219
444	4209	2707	1785	1191	1030	769	620	379	198
445	4063	2701	1761	1166	1044	735	608	375	210
446	3934	2693	1723	1198	1015	737	628	382	209
447	4115	2738	1708	1218	1044	744	622	380	204
448	4187	2733	1791	1205	1048	706	633	374	214
449	3967	2700	1785	1207	1042	736	608	354	220
450	3988	2740	1768	1223	1041	698	609	368	218
451	4178	2725	1758	1173	1041	750	624	372	207
452	4129	2727	1763	1192	1050	755	629	357	214
453	4387	2756	1768	1211	1067	742	654	388	214
454	4116	2738	1757	1201	1009	719	612	376	220
455	4139	2698	1720	1209	1047	731	627	378	217
456	4223	2756	1741	1164	1062	697	620	370	215
457	4020	2702	1760	1230	1041	743	613	364	211
458	4124	2737	1741	1209	1051	731	625	378	235
459	4002	2703	1769	1199	1039	729	619	364	205
460	4178	2725	1785	1210	1080	747	623	357	221
461	4064	2673	1733	1212	1065	716	624	376	220
462	4160	2721	1719	1191	1045	745	616	352	205
463	4023	2719	1753	1202	1050	731	605	359	214
464	4350	2757	1771	1197	1077	720	608	362	220
465	4315	2692	1720	1188	1031	730	624	388	222
466	4075	2724	1731	1200	1037	702	641	379	219
467	4163	2718	1767	1188	1019	720	601	356	229
468	3898	2733	1746	1194	1034	734	613	359	213
469	3979	2723	1768	1220	1046	744	633	377	225
470	4120	2712	1740	1207	1050	711	618	384	224
471	3989	2707	1741	1229	1052	705	619	371	224
472	4120	2720	1787	1124	1042	729	626	351	208
473	4184	2700	1759	1177	1046	728	620	376	228
474	4007	2717	1800	1223	1042	735	603	362	235
475	4055	2762	1788	1217	1038	724	612	363	207
476	4060	2698	1782	1175	1037	693	613	366	229
477	4236	2752	1758	1215	1041	702	625	374	232
478	4173	2716	1809	1190	1034	762	595	385	222
479	4136	2744	1728	1225	1053	711	614	375	214
480	4189	2795	1755	1228	1040	746	601	347	222
481	4249	2779	1730	1230	1016	714	621	388	233
482	4282	2742	1772	1224	1036	719	614	375	219
483	4307	2754	1753	1183	1026	728	616	365	214
484	4201	2734	1774	1186	1046	739	615	381	206
485	4157	2709	1758	1196	1037	728	631	371	218
486	4266	2691	1718	1204	1041	719	639	369	229
487	4232	2739	1740	1207	1059	741	637	380	216
488	4343	2718	1741	1192	1053	717	616	366	218
489	4442	2699	1748	1197	1045	728	644	359	221
490	4264	2659	1768	1180	1027	715	615	376	205
491	4345	2709	1696	1195	1040	726	616	369	226
492	4219	2710	1757	1195	1031	711	595	376	212
493	4211	2735	1740	1195	1051	722	601	390	219
494	4350	2789	1765	1200	1024	713	606	373	212
495	4237	2674	1759	1200	1046	720	621	362	223
496	4357	2706	1745	1195	1018	697	642	373	217
497	4327	2702	1734	1198	1019	712	609	375	222
498	4044	2726	1760	1168	1012	718	613	371	226
499	4112	2723	1747	1220	1008	700	597	374	220
500	4346	2793	1776	1219	1063	738	597	377	236
501	4428	2771	1806	1227	1017	694	598	377	210
502	4263	2758	1791	1195	1062	731	620	377	230
503	4126	2718	1773	1181	1038	684	629	375	209
504	4155	2698	1720	1220	1028	705	590	366	220
505	4434	2726	1743	1214	1030	728	637	371	227
506	4351	2743	1780	1214	1036	713	595	372	237
507	4153	2734	1757	1188	1015	710	588	371	222
508	4219	2693	1789	1236	1010	707	602	367	242
509	4192	2694	1744	1174	1043	732	592	380	225
510	4298	2732	1748	1175	1057	715	605	375	238
511	4268	2743	1776	1185	1061	738	599	385	236
512	4215	2731	1759	1181	1020	704	618	376	233
513	4212	2802	1754	1188	1028	724	633	357	222
514	4386	2736	1730	1193	1061	714	618	365	230
515	4340	2761	1753	1208	1019	734	612	381	230
516	4320	2746	1781	1192	1016	705	600	363	243
517	4242	2694	1781	1220	1031	697	600	370	219
518	4126	2755	1703	1218	1033	716	619	375	229
519	4173	2777	1761	1234	1028	707	608	349	252
520	4122	2779	1777	1217	1042	716	615	371	235
521	3966	2767	1755	1206	1022	728	601	383	227
522	4260	2704	1745	1205	1017	703	621	375	240
523	4232	2732	1809	1178	1030	710	621	377	230
524	4424	2753	1729	1214	1016	716	595	366	230
525	4214	2764	1767	1220	1056	698	591	376	244
526	4171	2763	1766	1196	1030	709	605	378	235
527	4158	2744	1759	1187	1025	710	609	366	232
528	4565	2767	1748	1213	1032	705	611	376	229
529	4222	2782	1789	1196	1038	721	618	361	252
530	4312	2708	1766	1197	1003	702	607	374	240
531	4119	2732	1732	1181	1005	692	615	366	228
532	4150	2736	1730	1196	1024	727	607	393	235
533	4098	2781	1752	1165	1022	696	623	372	242
534	4172	2857	1783	1198	1023	720	606	363	231
535	4178	2807	1770	1188	1015	698	607	374	258
536	4219	2777	1745	1193	1069	717	622	373	238
537	4633	2790	1755	1191	995	701	605	381	219
538	4118	2738	1783	1216	1056	698	606	388	232
539	3971	2793	1706	1223	1035	712	603	352	246
540	4272	2723	1730	1217	1035	718	621	352	258
541	4559	2705	1765	1177	1066	696	608	386	248
542	4435	2778	1769	1211	1012	678	618	385	243
543	4382	2761	1720	1197	1021	724	604	376	232
544	4224	2762	1731	1184	1033	732	605	351	233
545	4344	2737	1750	1187	1001	716	589	382	228
546	4393	2726	1761	1199	1003	700	609	369	219
547	3968	2806	1768	1199	1020	699	605	368	247
548	4233	2856	1786	1224	1047	687	611	367	237
549	4254	2726	1768	1212	1022	704	596	354	240
550	4315	2785	1750	1201	1032	726	589	360	225
551	4539	2809	1783	1203	1067	705	583	367	229
552	4420	2732	1732	1181	1025	725	608	355	242
553	4392	2739	1718	1216	1038	708	610	346	246
554	4413	2750	1766	1216	1006	714	609	356	231
555	4200	2763	1758	1170	1034	724	612	377	239
556	4314	2769	1733	1185	1025	705	608	365	252
557	4182	2823	1722	1216	1002	693	604	367	243
558	4226	2690	1748	1203	1005	725	600	382	245
559	4403	2779	1710	1194	1011	716	598	390	233
560	4475	2706	1753	1181	1044	705	620	375	246
561	4384	2781	1746	1197	1016	698	619	378	232
562	4308	2744	1749	1185	1017	707	599	372	243
563	4637	2769	1725	1184	999	712	593	384	246
564	4264	2776	1735	1199	1030	722	582	372	240
565	4163	2730	1772	1194	1018	724	600	387	223
566	4323	2705	1728	1235	1033	701	625	388	226
567	3984	2741	1745	1217	995	727	610	372	235
568	4401	2816	1762	1193	1047	720	628	377	226
569	4321	2760	1787	1182	998	703	595	376	241
570	4205	2758	1766	1204	996	716	622	373	222
571	4275	2782	1780	1184	1038	731	600	378	228
572	4039	2771	1739	1185	1015	733	590	385	240
573	4421	2715	1754	1209	1002	711	613	363	215
574	4224	2762	1738	1177	1023	728	599	384	231
575	4304	2742	1771	1169	1022	700	591	384	224
576	4383	2722	1742	1179	1038	731	603	371	243
577	4212	2751	1722	1207	1015	715	612	375	228
578	4345	2716	1736	1196	995	724	601	373	251
579	4398	2736	1745	1182	992	692	624	405	224
580	4669	2713	1745	1178	998	708	625	374	222
581	4465	2681	1782	1165	1024	740	605	387	236
582	4606	2786	1755	1176	1027	704	604	375	202
583	4441	2752	1731	1209	1039	705	582	348	221
584	4365	2791	1722	1203	1022	711	597	363	237
585	4386	2707	1797	1177	1021	704	612	373	233
586	4701	2815	1739	1206	1028	715	608	367	234
587	4545	2742	1753	1166	1025	709	607	379	215
588	4744	2776	1728	1207	1019	716	588	398	231
589	4530	2762	1717	1180	1007	722	592	377	239
590	4523	2754	1754	1202	1027	697	631	393	242
591	4576	2790	1751	1179	1018	708	601	379	231
592	4332	2808	1715	1184	1035	699	595	378	226
593	4723	2746	1717	1173	1030	752	618	385	246
594	4793	2763	1727	1213	997	713	591	380	226
595	4732	2841	1786	1223	1013	723	607	363	222
596	4531	2718	1771	1206	1000	728	622	369	233
597	4466	2689	1725	1192	1017	714	589	379	238
598	4497	2711	1716	1225	998	707	620	383	237
599	4326	2744	1696	1177	1016	709	600	389	231
600	4425	2741	1721	1192	1031	724	588	384	235
601	4225	2708	1742	1202	1009	687	598	385	228
602	4344	2833	1759	1225	967	714	611	394	227
603	4445	2787	1746	1223	1012	716	611	384	225
604	4239	2813	1761	1192	994	717	604	380	243
605	4394	2781	1787	1222	986	728	617	383	250
606	4260	2757	1741	1169	1017	731	616	371	229
607	4210	2826	1764	1183	1010	717	609	361	241
608	4291	2765	1741	1200	1036	709	579	370	226
609	4251	2836	1733	1181	992	703	606	366	235
610	4371	2811	1755	1228	1002	719	590	387	240
611	4380	2816	1784	1200	1010	701	605	388	245
612	4431	2795	1734	1209	984	699	601	388	234
613	4504	2739	1709	1190	1041	763	573	379	246
614	4569	2805	1724	1183	1012	732	600	376	236
615	4294	2870	1752	1189	986	717	585	386	249
616	4384	2868	1733	1222	1008	705	591	368	244
617	4265	2807	1765	1220	990	717	577	359	237
618	4319	2815	1703	1200	1000	722	605	387	253
619	4065	2759	1736	1209	995	735	599	395	237
620	4310	2778	1685	1198	992	718	606	386	258
621	4387	2756	1739	1235	1008	726	593	368	275
622	4195	2893	1754	1202	986	721	610	381	235
623	4416	2812	1726	1191	1006	738	593	386	238
624	4426	2825	1735	1213	1002	738	607	365	240
625	4294	2782	1764	1195	1017	719	620	377	257
626	4554	2806	1724	1196	997	735	604	383	269
627	4607	2760	1748	1204	1013	711	617	387	253
628	4452	2839	1762	1184	1018	715	592	395	260
629	4225	2828	1730	1194	1009	732	574	388	267
630	4232	2840	1752	1194	1002	710	596	382	252
631	4597	2808	1727	1197	1010	679	604	390	255
632	4142	2782	1747	1190	1006	713	600	383	257
633	4145	2784	1741	1199	981	720	605	372	258
634	4363	2774	1698	1192	981	742	603	381	260
635	4210	2815	1721	1198	967	732	604	386	262
636	4166	2716	1720	1204	1004	731	601	377	255
637	4299	2849	1710	1187	987	739	607	400	259
638	4388	2789	1726	1220	1015	732	593	383	247
639	4166	2762	1726	1218	997	750	590	386	255
640	4118	2752	1721	1211	1009	708	609	370	255
641	4280	2756	1725	1200	1036	713	625	378	258
642	4523	2738	1763	1196	996	713	588	382	229
643	4405	2797	1715	1207	1028	706	601	380	261
644	4545	2817	1718	1197	988	722	589	399	248
645	4259	2795	1731	1192	1019	740	601	385	248
646	4376	2797	1746	1188	1018	727	593	375	241
647	4356	2747	1722	1173	987	713	599	392	235
648	4510	2704	1783	1226	1015	696	627	373	239
649	4289	2770	1745	1192	998	711	610	386	246
650	4395	2781	1788	1241	1011	734	603	377	240
651	4248	2859	1767	1213	1020	730	585	401	262
652	4080	2847	1759	1217	966	723	602	379	241
653	4300	2805	1686	1203	1019	715	612	395	238
654	4365	2758	1711	1198	1006	689	627	394	264
655	4166	2770	1765	1241	1018	728	604	378	248
656	4362	2773	1709	1233	1016	696	600	380	235
657	4552	2776	1706	1213	1003	707	619	360	257
658	4339	2747	1745	1215	1007	720	604	392	224
659	4398	2750	1754	1222	1032	727	605	377	230
660	4352	2840	1769	1192	1003	723	606	385	234
661	4366	2803	1766	1199	1010	703	597	362	231
662	4270	2754	1668	1225	995	717	619	398	211
663	4608	2824	1779	1190	975	716	601	376	245
664	4330	2860	1749	1207	968	715	573	379	238
665	4455	2858	1768	1231	999	726	592	403	219
666	4482	2700	1749	1220	1007	741	628	391	227
667	4503	2764	1716	1185	995	736	599	382	239
668	4460	2831	1746	1217	982	710	609	397	227
669	4496	2828	1720	1222	1015	711	613	400	220
670	4424	2850	1748	1202	1024	700	585	367	228
671	4457	2804	1732	1182	974	729	604	379	217
672	4749	2796	1738	1219	1001	717	599	380	221
673	4593	2768	1732	1229	1023	718	603	389	219
674	4898	2727	1772	1181	1008	732	607	399	227
675	4827	2826	1748	1195	1011	728	608	382	222
676	4741	2796	1779	1217	998	711	593	385	223
677	4665	2823	1714	1206	999	747	604	389	233
678	4461	2792	1730	1155	1024	726	605	377	221
679	4870	2807	1732	1163	992	713	578	399	224
680	4686	2907	1744	1207	981	737	571	371	239
681	4858	2779	1750	1198	1001	719	599	381	226
682	4659	2850	1737	1187	989	711	596	404	218
683	4543	2852	1757	1184	1015	719	584	383	227
684	4944	2757	1737	1231	1007	712	608	386	224
685	4657	2890	1716	1177	981	720	623	387	217
686	4519	2737	1733	1178	993	716	598	368	234
687	4914	2866	1747	1227	1025	714	589	369	228
688	4583	2804	1726	1223	979	719	590	392	229
689	4712	2844	1740	1234	993	700	611	373	240
690	4876	2840	1753	1192	991	732	626	374	223
691	4964	2823	1747	1184	1020	727	605	374	232
692	4874	2847	1699	1226	1012	706	563	382	225
693	4872	2892	1747	1195	1000	728	584	393	223
694	4853	2860	1703	1205	997	734	597	387	229
695	4625	2810	1750	1232	1021	734	596	374	250
696	4762	2826	1778	1226	1010	696	602	387	234
697	4841	2884	1735	1192	1009	718	586	397	251
698	4507	2915	1735	1186	959	687	595	376	248
699	5062	2879	1777	1131	1008	716	610	382	252
700	4556	2799	1763	1203	980	702	649	388	241
701	4910	2799	1720	1188	988	722	610	362	226
702	4855	2805	1724	1233	998	710	581	386	225
703	4845	2730	1691	1189	1015	708	578	391	247
704	4645	2874	1729	1210	977	729	594	373	241
705	5016	2787	1734	1255	1020	722	604	397	251
706	4967	2915	1744	1205	1013	723	631	390	233
707	4860	2900	1753	1227	982	709	616	365	256
708	4879	2857	1744	1203	989	710	595	369	254
709	4608	2818	1760	1193	988	713	590	375	249
710	4738	2762	1728	1158	981	703	594	378	243
711	4508	2832	1724	1234	1005	713	590	400	240
712	4453	2835	1718	1216	1003	717	597	380	246
713	4367	2800	1794	1216	1003	736	616	382	253
714	4699	2803	1777	1221	995	721	602	374	270
715	4643	2836	1759	1205	1009	714	585	371	248
716	4603	2822	1743	1218	1016	723	611	375	245
717	4500	2833	1747	1228	1018	716	588	376	261
718	4648	2782	1734	1235	976	715	623	384	250
719	4655	2825	1716	1210	984	745	587	369	256
720	4647	2785	1730	1225	1000	729	585	372	241
721	4587	2813	1747	1213	1004	730	606	368	261
722	4747	2830	1763	1188	1013	713	598	391	249
723	4486	2768	1720	1214	1038	711	580	383	264
724	4722	2896	1767	1191	985	726	609	388	243
725	4669	2854	1761	1219	986	697	610	391	262
726	4595	2855	1724	1206	1008	725	601	385	251
727	5030	2857	1734	1225	1007	706	630	366	256
728	4829	2801	1760	1204	988	735	588	384	235
729	4514	2770	1720	1225	999	714	622	381	250
730	4916	2884	1744	1240	989	717	619	368	259
731	4619	2828	1766	1219	990	710	601	372	256
732	4665	2809	1744	1228	1003	719	591	374	265
733	4822	2826	1746	1238	998	706	606	385	238
734	4976	2862	1747	1222	979	718	581	368	234
735	4888	2851	1726	1174	1026	687	554	382	247
736	4785	2876	1737	1234	979	720	618	376	241
737	5024	2891	1698	1259	963	704	599	385	246
738	5179	2853	1736	1256	1029	733	602	379	242
739	4970	2856	1783	1219	994	713	620	388	247
740	4878	2866	1734	1233	989	694	596	378	242
741	5003	2828	1768	1236	971	717	603	380	222
742	4952	2826	1726	1257	996	701	599	363	239
743	4768	2839	1749	1204	1017	692	617	398	231
744	4963	2802	1748	1220	993	717	619	378	239
745	5315	2892	1702	1236	963	713	614	376	232
746	4935	2796	1728	1224	994	684	606	363	241
747	4709	2856	1717	1216	998	727	587	381	232
748	4953	2895	1715	1211	982	739	582	350	237
749	4994	2863	1776	1245	1010	716	593	356	238
750	4644	2840	1750	1247	992	713	598	372	232
751	4840	2862	1775	1220	957	696	604	365	228
752	4696	2910	1757	1236	1019	714	600	368	215
753	4855	2915	1753	1239	1007	693	593	379	249
754	5046	2849	1743	1203	992	716	597	367	211
755	5106	2857	1718	1201	993	671	604	358	234
756	4960	2850	1737	1236	981	686	596	386	237
757	4950	2910	1764	1255	973	704	604	377	224
758	4719	2913	1754	1209	1022	707	597	373	222
759	4919	2937	1746	1213	949	718	586	364	237
760	5214	2921	1743	1238	985	713	594	380	227
761	4842	2890	1801	1241	981	709	602	387	240
762	4858	2850	1680	1262	1007	717	610	373	228
763	4762	2870	1773	1263	968	700	590	388	239
764	5127	2897	1728	1234	990	710	609	359	217
765	4854	2992	1741	1231	1009	706	591	379	223
766	4759	2947	1732	1246	978	756	591	377	231
767	5041	2883	1764	1241	1020	703	596	360	238
768	4988	2872	1748	1213	1004	723	590	385	231
769	4916	2881	1712	1216	984	730	607	366	216
770	4723	2855	1734	1211	966	715	626	373	226
771	4579	2838	1743	1187	970	707	602	377	212
772	4997	2877	1763	1249	991	702	608	384	238
773	5030	2812	1732	1255	976	684	595	370	224
774	4989	2905	1749	1256	1002	707	618	373	229
775	5104	2951	1739	1256	1006	708	591	367	226
776	5273	2900	1705	1215	1003	679	605	372	232
777	5112	2842	1765	1241	1002	724	585	359	210
778	4963	2894	1765	1223	990	716	590	392	208
779	5260	2869	1779	1254	986	690	588	380	218
780	5276	2913	1779	1243	984	696	592	375	220
781	4973	2883	1760	1271	960	718	587	367	228
782	4973	2865	1725	1207	992	697	570	372	225
783	5081	2799	1745	1249	976	719	595	346	214
784	5030	2827	1787	1251	981	697	593	387	213
785	5121	2917	1750	1291	999	703	592	390	232
786	5068	2878	1737	1255	997	691	593	378	198
787	4932	2795	1746	1199	974	693	597	397	211
788	5030	2855	1762	1215	971	695	606	366	227
789	5091	2885	1767	1207	990	696	598	390	217
790	5198	2855	1750	1229	952	719	583	389	209
791	5032	2871	1784	1266	977	715	607	374	214
792	5114	2847	1729	1207	1017	697	612	386	227
793	5152	2859	1718	1252	996	693	601	395	228
794	4997	2945	1766	1263	987	723	609	393	212
795	4796	2878	1737	1246	972	699	602	382	234
796	5129	2904	1718	1246	995	694	604	369	217
797	5011	2804	1746	1211	1016	700	586	379	227
798	5323	2836	1736	1247	949	693	594	377	212
799	5000	2871	1749	1241	975	719	597	392	235
800	5250	2843	1751	1219	979	717	611	393	212
801	5068	2861	1766	1239	999	710	594	367	210
802	5311	2830	1742	1252	992	700	612	402	218
803	5220	2835	1789	1217	957	700	605	373	222
804	5005	2818	1786	1222	986	686	610	371	217
805	5241	2842	1734	1233	990	688	572	386	213
806	5069	2884	1744	1223	1006	699	609	382	232
807	4958	2868	1744	1229	973	704	610	377	227
808	5038	2912	1727	1236	977	695	596	403	221
809	5169	2910	1783	1237	990	704	605	402	216
810	5176	2906	1713	1260	980	715	588	382	223
811	5181	2867	1729	1280	965	707	586	380	216
812	5133	2864	1788	1261	991	693	602	393	217
813	4917	2831	1732	1263	954	704	582	384	229
814	5046	2868	1721	1239	959	694	612	379	221
815	5099	2911	1786	1227	974	690	616	382	230
816	4687	2855	1764	1210	986	702	617	390	222
817	5163	2848	1756	1218	952	714	584	375	229
818	4933	2847	1725	1257	966	680	596	391	214
819	4916	2926	1777	1217	965	697	603	381	226
820	4877	2888	1730	1239	1019	731	587	389	234
821	5155	2873	1760	1256	971	673	616	388	225
822	4864	2845	1738	1211	990	701	590	388	218
823	4721	2880	1764	1247	999	742	598	403	234
824	4981	2876	1772	1220	980	705	604	380	232
825	5241	2882	1772	1214	981	703	616	398	222
826	5100	2891	1728	1214	991	701	589	392	239
827	5098	2855	1778	1242	989	689	608	389	238
828	5137	2900	1741	1241	981	716	599	388	236
829	4833	2830	1777	1279	980	685	607	389	243
830	4787	2976	1779	1238	991	727	610	393	246
831	5031	2862	1756	1247	954	682	594	389	225
832	4908	2925	1749	1259	951	699	573	393	236
833	5192	2849	1766	1244	990	725	567	404	240
834	5030	2865	1759	1224	972	693	590	392	229
835	5030	2862	1743	1254	997	707	602	390	235
836	5293	2877	1732	1202	973	724	601	403	217
837	5161	2925	1757	1194	971	721	615	395	246
838	5223	2943	1809	1228	1019	680	616	393	247
839	5032	2897	1757	1258	988	707	593	403	242
840	5013	2905	1746	1212	961	705	600	404	241
841	4813	2872	1734	1217	979	694	600	375	236
842	5186	2838	1724	1220	1004	693	601	394	227
843	4904	2961	1780	1226	973	726	577	400	229
844	4840	2838	1766	1238	983	712	594	406	240
845	5010	2887	1761	1210	978	701	585	404	249
846	4833	2867	1791	1234	949	721	619	370	225
847	5227	2903	1761	1207	968	694	585	393	230
848	5237	2877	1783	1225	973	710	597	387	241
849	5031	2860	1761	1218	981	693	596	387	230
850	4795	2879	1772	1210	968	694	604	399	226
851	5069	2852	1738	1210	966	694	594	393	225
852	5029	2888	1726	1220	963	703	610	405	229
853	4836	2937	1762	1203	972	689	620	393	253
854	5059	2902	1816	1219	1005	714	592	386	238
855	4940	2886	1741	1235	1003	705	590	372	232
856	4986	2901	1789	1253	1007	684	604	401	232
857	4832	2860	1733	1196	990	731	612	378	236
858	5056	2902	1712	1246	964	714	599	393	251
859	5462	2847	1765	1228	984	729	614	380	245
860	4953	2899	1758	1208	991	709	583	405	248
861	5215	2941	1777	1190	981	722	606	384	229
862	5029	2902	1756	1251	976	730	606	400	244
863	4923	2870	1799	1218	990	707	606	396	242
864	5120	2886	1835	1226	971	692	594	396	228
865	4884	2913	1728	1212	967	707	601	386	242
866	4771	2862	1760	1207	978	721	605	410	230
867	4669	2876	1771	1210	984	719	590	382	225
868	4972	2894	1787	1218	1012	705	582	402	230
869	5333	2832	1751	1188	966	713	575	404	231
870	5083	2962	1803	1221	1010	729	623	378	228
871	4793	2879	1772	1216	989	726	585	416	249
872	4917	2892	1751	1210	973	677	599	380	235
873	5137	2857	1774	1192	947	732	590	405	220
874	5254	2870	1778	1231	972	691	593	386	233
875	4821	2896	1807	1226	1001	700	601	391	230
876	4996	2892	1788	1204	968	699	592	401	216
877	5024	2872	1779	1164	992	713	595	393	209
878	4995	2877	1749	1191	949	709	603	395	216
879	4947	2876	1756	1216	954	725	613	407	231
880	5282	2854	1761	1196	987	708	605	398	200
881	4806	2856	1765	1237	991	690	605	382	209
882	5064	2928	1763	1193	973	689	584	398	229
883	5391	2965	1764	1216	995	687	628	381	215
884	5219	2935	1787	1239	950	713	626	400	226
885	4944	2909	1717	1163	974	711	613	398	223
886	5071	2876	1829	1185	966	697	604	398	222
887	4868	2871	1775	1196	964	710	579	383	216
888	4876	2879	1748	1223	979	685	609	400	207
889	5202	2927	1755	1215	969	721	609	404	219
890	4934	2928	1788	1201	973	686	595	384	217
891	4831	2855	1752	1199	952	712	597	399	217
892	4800	2847	1765	1230	991	676	596	404	207
893	4772	2829	1735	1192	1004	694	610	385	223
894	5165	2905	1796	1206	967	694	625	378	228
895	5189	2889	1748	1224	955	726	617	412	218
896	5278	2845	1810	1204	971	691	614	391	217
897	5168	2860	1762	1179	1009	700	582	387	208
898	4958	2908	1771	1199	967	705	594	397	209
899	5175	2813	1793	1210	998	694	598	407	212
900	5239	2860	1800	1205	999	717	604	397	205
901	5113	2855	1751	1231	959	703	617	378	225
902	4881	2826	1767	1195	952	713	635	387	209
903	4888	2843	1802	1199	955	696	593	398	214
904	5213	2888	1757	1199	974	699	592	420	212
905	5147	2880	1758	1239	987	694	613	398	226
906	5131	2887	1749	1221	963	715	606	378	215
907	5025	2939	1785	1231	957	693	606	383	207
908	4994	2928	1778	1208	966	714	584	407	212
909	5084	2898	1787	1231	964	681	590	394	220
910	5118	2879	1727	1182	980	694	605	387	215
911	5143	2916	1754	1205	981	696	604	395	215
912	5272	2845	1744	1240	978	698	596	406	206
913	5099	2889	1712	1204	980	703	589	380	199
914	5238	2891	1781	1222	969	722	596	380	199
915	5136	2876	1787	1190	961	708	586	380	212
916	5028	2919	1759	1182	1011	708	609	377	220
917	4998	2826	1757	1210	953	705	611	381	209
918	4891	2959	1754	1241	973	706	592	390	212
919	5029	2860	1767	1195	991	708	613	403	216
920	4838	2867	1771	1215	998	690	595	398	215
921	4731	2886	1795	1195	978	693	597	380	226
922	5043	2913	1796	1238	981	698	594	399	214
923	5034	2798	1799	1158	965	703	602	396	219
924	5376	2861	1751	1218	969	688	584	383	212
925	5133	2910	1753	1226	949	681	577	403	205
926	5212	2894	1767	1194	962	697	601	387	216
927	5099	2896	1731	1197	971	695	604	380	225
928	5036	2887	1757	1169	933	708	616	413	218
929	4786	2803	1749	1200	999	702	590	396	219
930	5168	2932	1795	1207	990	736	586	390	221
931	5011	2910	1828	1202	961	696	605	389	221
932	5007	2902	1773	1198	985	678	598	396	223
933	4769	2897	1754	1205	971	722	606	397	221
934	4419	2858	1770	1216	972	718	614	392	225
935	4869	2910	1767	1221	965	681	625	388	218
936	5115	2931	1751	1222	984	709	604	385	225
937	5041	2887	1751	1210	962	685	608	389	239
938	4924	2879	1747	1222	965	704	592	383	236
939	5005	2823	1779	1213	936	703	610	388	222
940	5217	2884	1766	1207	932	691	588	400	217
941	4938	2841	1793	1219	976	707	606	399	227
942	5434	2877	1784	1236	944	692	609	386	226
943	5186	2905	1794	1198	958	693	593	384	225
944	4854	2895	1777	1237	983	687	596	370	234
945	4943	2881	1786	1208	958	702	614	393	219
946	5007	2936	1788	1217	996	712	581	379	241
947	5023	2936	1756	1226	950	691	579	395	224
948	4959	2883	1769	1224	965	706	607	377	227
949	5076	2865	1830	1208	962	721	614	399	231
950	5114	2883	1755	1223	950	719	618	381	214
951	4885	2810	1810	1249	997	686	606	396	229
952	5057	2835	1788	1250	959	703	582	409	220
953	5118	2885	1788	1232	972	687	600	398	233
954	5085	2938	1772	1243	952	685	583	403	214
955	5262	2944	1775	1219	974	688	625	406	230
956	4841	2827	1774	1216	977	711	601	377	216
957	4849	2812	1825	1224	954	698	590	392	229
958	4942	2845	1783	1237	982	710	598	404	228
959	5078	2938	1817	1262	975	686	601	397	240
960	4694	2899	1817	1226	998	712	616	404	233
961	5077	2902	1808	1225	956	696	599	401	220
962	5037	2930	1800	1215	989	688	600	405	223
963	4987	2940	1732	1240	994	689	612	393	221
964	5003	2893	1774	1231	968	700	597	409	228
965	4747	2999	1763	1229	949	701	646	392	217
966	4784	2935	1800	1224	976	682	606	399	219
967	4784	2868	1796	1223	964	678	608	379	226
968	4966	2869	1779	1273	964	714	593	403	221
969	4896	2935	1780	1241	940	684	605	408	216
970	5013	2898	1746	1264	980	693	598	399	218
971	4647	2891	1773	1236	960	685	620	373	221
972	4533	2899	1789	1224	981	715	613	396	221
973	4538	2862	1804	1269	978	696	610	405	212
974	5033	2913	1778	1253	958	686	593	401	225
975	5032	2930	1790	1239	963	687	623	406	222
976	4633	2887	1765	1216	965	690	617	380	212
977	4870	2913	1782	1270	971	706	591	403	216
978	5117	2850	1817	1223	977	679	610	403	220
979	5031	2882	1798	1239	959	691	590	397	212
980	4728	2943	1816	1254	961	690	596	402	224
981	4595	2953	1803	1248	955	678	611	397	220
982	4792	2898	1795	1244	972	705	605	414	213
983	5089	2923	1809	1257	970	683	581	415	203
984	5037	2866	1795	1236	957	697	611	382	222
985	4960	2948	1778	1278	973	687	604	405	214
986	5224	2898	1805	1254	967	708	596	416	232
987	4755	2927	1801	1235	977	687	604	399	218
988	4822	2916	1822	1263	956	718	601	398	218
989	4655	3023	1843	1232	990	697	625	411	219
990	4720	2938	1762	1238	973	694	614	387	227
991	5139	2901	1826	1249	977	691	616	396	212
992	4913	2942	1761	1252	962	671	593	403	211
993	4994	2927	1788	1256	954	695	644	394	214
994	4981	2920	1787	1235	959	706	630	385	212
995	5033	2906	1823	1269	960	708	579	417	207
996	4860	2913	1809	1228	973	652	603	406	202
997	4969	2938	1806	1209	976	689	572	417	205
998	5067	2944	1795	1263	981	687	605	405	207
999	4913	2883	1810	1257	963	686	609	405	210
1000	4951	2927	1824	1230	959	701	594	395	217
1001	5148	2948	1785	1207	952	696	623	411	206
1002	4788	3001	1801	1201	936	668	637	395	213
1003	4767	2879	1773	1261	978	691	596	396	204
1004	4982	3006	1818	1236	1001	668	573	385	201
