time	200	150	100	60	50	40	25	10	5
5	86	51	51	61	47	50	51	50	49
6	82	55	51	53	50	48	50	51	44
7	79	64	52	49	51	51	50	49	51
8	82	55	49	52	50	49	50	51	45
9	78	52	46	47	44	50	44	48	47
10	94	53	51	55	53	45	50	40	49
11	85	61	49	40	46	45	44	45	47
12	92	68	53	58	49	50	42	44	44
13	86	56	46	49	48	55	51	47	46
14	100	57	47	51	49	52	55	48	54
15	108	67	53	54	48	48	45	50	49
16	112	75	52	53	46	43	45	47	48
17	125	77	53	53	44	43	56	45	43
18	124	86	58	51	49	45	47	46	45
19	137	99	60	48	46	45	51	43	52
20	153	110	63	48	50	49	44	50	49
21	194	128	58	52	47	51	51	51	47
22	213	147	57	55	52	46	51	48	51
23	245	167	65	55	49	46	54	46	52
24	281	183	62	51	48	45	46	52	47
25	300	217	66	49	51	50	48	48	50
26	354	260	69	52	49	50	45	48	52
27	390	294	76	54	54	46	45	50	47
28	410	328	82	54	54	48	46	44	50
29	495	374	98	61	55	45	49	46	44
30	549	413	95	54	51	47	51	48	47
31	636	444	99	55	59	55	44	49	45
32	698	515	110	51	49	45	46	51	50
33	725	556	121	66	56	50	49	49	44
34	778	638	126	60	53	49	44	50	46
35	877	641	148	53	48	53	54	50	46
36	921	725	148	55	50	42	49	46	46
37	1003	744	164	54	51	45	44	44	52
38	1094	808	172	62	47	48	54	50	51
39	1133	845	177	63	51	49	48	45	53
40	1207	861	203	70	54	43	47	44	52
41	1286	921	246	63	53	49	48	47	49
42	1318	962	242	68	47	51	50	44	52
43	1379	980	260	73	54	50	46	46	47
44	1434	1022	279	77	50	57	55	47	59
45	1483	1071	289	77	51	55	50	51	51
46	1534	1108	330	81	55	50	48	52	44
47	1600	1108	328	100	56	47	57	54	49
48	1594	1160	364	94	53	49	54	51	48
49	1708	1231	377	94	58	50	49	50	48
50	1718	1205	384	93	59	50	51	48	58
51	1768	1190	408	104	61	51	56	52	54
52	1783	1283	419	101	64	51	58	45	55
53	1834	1276	459	107	59	53	64	57	51
54	1854	1274	458	106	65	55	63	51	51
55	1908	1274	482	119	58	57	66	48	51
56	1963	1339	500	119	63	54	67	47	55
57	1927	1311	499	119	68	52	70	52	50
58	1973	1332	522	133	61	54	70	59	56
59	1982	1423	560	133	70	60	64	62	58
60	2029	1411	549	140	75	55	76	51	61
61	2096	1449	580	145	87	53	83	59	65
62	2083	1456	603	154	88	63	87	54	56
63	2147	1488	606	164	83	66	86	59	73
64	2199	1499	623	163	81	63	96	56	75
65	2149	1485	642	178	92	73	110	53	72
66	2201	1500	652	173	92	66	97	63	72
67	2217	1530	696	184	100	75	107	55	71
68	2183	1493	678	188	99	77	119	59	70
69	2267	1558	671	192	107	82	114	66	75
70	2287	1542	712	196	107	85	132	66	73
71	2321	1562	717	203	120	98	128	73	72
72	2313	1579	747	200	120	85	142	75	75
73	2383	1659	730	216	137	110	158	78	71
74	2342	1591	751	204	131	103	162	79	81
75	2380	1609	776	222	140	110	165	86	85
76	2410	1605	800	221	152	111	174	75	88
77	2415	1641	800	229	146	117	183	91	79
78	2386	1658	821	245	181	125	194	92	89
79	2467	1678	825	260	185	143	185	99	93
80	2464	1651	834	238	192	143	202	93	96
81	2483	1713	866	258	209	146	213	83	96
82	2522	1641	835	266	214	171	221	104	97
83	2523	1686	847	271	203	162	202	104	97
84	2542	1774	923	267	223	185	239	105	100
85	2566	1747	848	273	234	180	258	108	96
86	2508	1775	880	280	244	191	270	111	99
87	2591	1746	916	295	276	210	266	127	115
88	2645	1768	948	300	263	213	279	129	122
89	2637	1772	935	288	296	203	276	116	110
90	2678	1804	965	316	290	245	291	132	124
91	2641	1772	963	305	315	241	301	127	117
92	2675	1811	955	318	324	247	304	134	120
93	2684	1869	995	322	327	257	303	134	121
94	2665	1828	990	319	341	269	326	136	127
95	2713	1862	977	340	357	282	340	136	125
96	2768	1848	1020	334	392	301	360	146	124
97	2818	1855	1024	362	408	315	354	161	131
98	2773	1849	1037	334	446	306	377	149	128
99	2817	1909	1038	345	431	338	375	150	132
100	2761	1892	1043	371	470	355	368	175	127
101	2812	1926	1057	361	486	374	400	166	130
102	2753	1905	1136	352	511	365	384	180	132
103	2892	1900	1128	347	526	393	420	168	130
104	2851	1950	1103	415	530	391	445	212	141
105	2921	1964	1130	406	587	409	450	183	127
106	2845	1948	1143	379	594	418	452	188	139
107	2874	1993	1156	395	612	447	454	201	144
108	2936	2029	1121	410	633	474	478	206	140
109	2866	1950	1166	388	633	480	476	213	142
110	2931	2057	1178	434	675	520	515	208	145
111	2955	2078	1172	403	711	524	509	215	156
112	2968	2032	1154	422	708	528	485	220	141
113	2983	1982	1207	460	727	550	505	241	158
114	3024	2073	1239	452	736	579	523	228	149
115	2967	2043	1248	451	768	562	526	242	158
116	3017	2102	1240	454	809	575	542	257	167
117	3012	2075	1255	473	838	612	540	247	176
118	3011	2066	1255	473	844	620	535	233	160
119	3067	2117	1276	480	889	628	571	243	153
120	3089	2143	1243	473	886	629	570	257	177
121	3062	2140	1316	467	931	665	571	253	166
122	3070	2097	1333	521	981	700	587	290	180
123	3077	2142	1343	509	966	659	573	275	183
124	3117	2152	1355	536	1020	736	612	269	168
125	3113	2137	1364	526	1050	729	595	282	172
126	3050	2218	1354	568	1068	745	600	297	186
127	3121	2162	1368	549	1085	755	616	282	185
128	3235	2148	1426	540	1100	800	656	303	180
129	3212	2197	1396	566	1126	799	636	280	173
130	3195	2217	1403	588	1153	815	670	298	180
131	3230	2218	1460	584	1207	819	671	317	177
132	3176	2222	1432	589	1222	840	684	304	183
133	3278	2300	1463	599	1266	868	697	314	197
134	3240	2255	1429	593	1238	839	696	315	191
135	3257	2301	1445	625	1273	892	704	320	199
136	3297	2327	1509	631	1272	899	703	342	192
137	3346	2304	1513	631	1304	895	712	325	203
138	3231	2335	1528	669	1343	897	705	343	203
139	3389	2330	1581	683	1365	923	718	367	193
140	3364	2360	1557	672	1366	962	738	355	198
141	3389	2356	1615	657	1428	979	726	350	198
142	3396	2349	1601	711	1382	964	714	342	194
143	3380	2388	1621	693	1435	1004	743	338	201
144	3445	2409	1634	704	1457	983	742	340	210
145	3471	2341	1671	733	1526	1022	794	367	219
146	3442	2386	1654	739	1494	1019	741	363	211
147	3462	2336	1631	799	1518	1051	784	366	206
148	3441	2395	1694	833	1527	1064	778	357	214
149	3504	2374	1744	840	1574	1078	782	363	199
150	3497	2489	1740	826	1547	1076	787	359	224
151	3555	2498	1752	894	1623	1132	780	357	200
152	3574	2506	1726	848	1631	1102	796	371	208
153	3544	2445	1716	907	1636	1138	805	375	221
154	3545	2491	1776	910	1655	1143	820	395	231
155	3602	2450	1798	934	1648	1140	793	385	226
156	3596	2506	1857	923	1697	1150	840	369	223
157	3603	2512	1806	972	1710	1166	792	369	227
158	3652	2493	1826	999	1742	1165	849	366	208
159	3677	2551	1882	997	1741	1169	828	401	235
160	3668	2595	1916	993	1732	1188	835	392	232
161	3687	2597	1917	1040	1753	1190	883	380	238
162	3683	2621	1917	1117	1774	1196	856	418	232
163	3729	2577	1935	1067	1833	1198	854	388	226
164	3733	2568	1968	1100	1829	1200	853	398	235
165	3707	2655	1940	1122	1827	1255	894	428	234
166	3766	2583	1971	1131	1879	1246	872	407	226
167	3810	2640	2019	1146	1821	1216	851	418	241
168	3759	2672	2018	1185	1885	1285	881	426	224
169	3749	2669	2039	1178	1855	1245	870	401	245
170	3851	2654	2084	1273	1900	1277	867	400	238
171	3830	2677	2111	1247	1915	1243	907	396	239
172	3855	2687	2129	1253	1955	1290	900	411	252
173	3829	2631	2096	1300	1915	1270	907	426	247
174	3862	2786	2123	1317	1946	1321	909	427	239
175	3853	2685	2193	1334	1962	1304	919	417	255
176	3897	2727	2159	1306	1976	1327	913	408	259
177	3915	2708	2187	1342	1951	1288	921	450	238
178	3892	2704	2210	1383	1978	1311	926	442	258
179	3980	2729	2182	1371	2048	1336	918	427	261
180	3982	2732	2256	1518	2032	1354	949	411	252
181	4023	2812	2240	1392	2054	1381	937	432	254
182	3992	2797	2280	1407	2046	1327	924	448	251
183	4010	2781	2277	1521	2059	1336	933	438	255
184	3979	2841	2324	1558	2024	1334	976	440	260
185	4003	2802	2325	1566	2018	1375	951	440	260
186	4010	2829	2406	1583	2033	1357	942	422	264
187	4027	2870	2342	1571	2079	1404	946	420	253
188	4064	2847	2375	1582	2082	1365	965	431	263
189	4061	2878	2350	1612	2053	1399	950	454	268
190	4100	2868	2398	1601	2076	1394	972	448	254
191	4078	2843	2453	1668	2137	1418	978	429	274
192	4119	2848	2477	1648	2114	1413	954	442	266
193	4078	2853	2441	1667	2120	1402	958	427	271
194	4184	2943	2490	1736	2191	1370	986	438	277
195	4232	2948	2474	1674	2114	1361	952	428	267
196	4218	2931	2500	1707	2154	1391	972	452	271
197	4189	2972	2525	1715	2176	1408	968	441	266
198	4210	2988	2552	1702	2147	1419	979	448	280
199	4245	2993	2579	1818	2154	1425	961	448	278
200	4242	2976	2631	1838	2210	1425	1002	439	271
201	4255	2998	2665	1799	2177	1425	1023	457	277
202	4247	3007	2601	1792	2252	1453	1027	448	272
203	4222	3011	2580	1810	2144	1399	982	444	269
204	4266	2990	2614	1777	2195	1468	1009	435	294
205	4317	3045	2635	1888	2191	1451	1014	443	285
206	4252	3019	2735	1918	2205	1429	1018	449	293
207	4406	3018	2646	1882	2253	1449	1017	452	288
208	4312	3038	2696	1886	2220	1407	1046	463	284
209	4320	3104	2749	1963	2234	1448	1024	448	282
210	4342	3088	2749	1885	2257	1432	1003	442	269
211	4335	3005	2760	1911	2247	1459	1002	443	290
212	4401	3106	2745	1912	2234	1447	1018	446	289
213	4373	3097	2795	1910	2241	1437	1006	450	295
214	4368	3090	2798	1892	2258	1443	1030	458	287
215	4363	3092	2792	1935	2263	1459	1058	449	282
216	4420	3120	2750	1865	2260	1467	1050	447	293
217	4371	3143	2827	1951	2279	1479	1005	443	292
218	4458	3057	2806	1965	2321	1475	1029	439	301
219	4447	3123	2873	1950	2290	1450	1011	461	282
220	4405	3168	2897	2028	2308	1447	1021	467	287
221	4475	3187	2882	1921	2318	1451	1043	445	306
222	4484	3167	2933	1996	2358	1481	1026	449	290
223	4523	3206	2926	1905	2317	1478	1010	470	298
224	4513	3184	2946	1990	2355	1470	1063	438	304
225	4487	3186	2988	1929	2294	1492	1055	450	308
226	4569	3249	2935	1938	2349	1475	1021	452	303
227	4535	3196	2970	1962	2324	1489	1082	454	303
228	4597	3197	2976	1952	2337	1529	1048	456	304
229	4543	3239	3042	1971	2296	1463	1063	440	297
230	4534	3226	3017	1990	2343	1479	1068	463	301
231	4596	3265	3065	2048	2391	1504	1071	482	310
232	4636	3241	3058	1998	2360	1525	1053	460	289
233	4657	3254	3017	2046	2365	1479	1031	457	294
234	4634	3304	3065	2010	2344	1494	1042	472	310
235	4649	3255	3052	2047	2377	1521	1061	475	289
236	4577	3283	3128	2028	2375	1491	1067	474	327
237	4680	3346	3126	2046	2413	1505	1060	457	301
238	4669	3318	3158	2080	2346	1483	1080	464	302
239	4677	3317	3151	2045	2400	1489	1072	480	304
240	4749	3395	3136	2050	2379	1496	1060	461	322
241	4682	3387	3241	2091	2400	1458	1050	456	291
242	4689	3396	3173	2093	2382	1481	1078	459	312
243	4773	3396	3156	2085	2360	1510	1046	461	314
244	4691	3393	3210	2120	2377	1551	1061	477	318
245	4803	3340	3208	2114	2406	1505	1079	450	305
246	4715	3387	3206	2091	2352	1493	1037	456	309
247	4778	3395	3270	2124	2413	1515	1077	499	324
248	4821	3400	3260	2147	2382	1539	1058	483	316
249	4778	3419	3284	2136	2436	1520	1031	450	310
250	4821	3474	3266	2188	2419	1521	1076	466	312
251	4805	3502	3268	2118	2406	1537	1070	457	300
252	4901	3469	3351	2189	2412	1512	1087	471	314
253	4923	3412	3329	2238	2393	1507	1093	463	306
254	4882	3452	3315	2242	2401	1518	1065	491	306
255	4886	3492	3376	2220	2418	1521	1057	475	301
256	4921	3535	3418	2272	2456	1530	1079	509	333
257	4926	3494	3366	2239	2419	1499	1070	489	310
258	4875	3579	3425	2226	2440	1552	1087	512	318
259	4930	3503	3430	2263	2520	1527	1097	482	321
260	4908	3539	3440	2308	2483	1533	1069	494	312
261	4938	3502	3479	2213	2473	1524	1061	488	316
262	4930	3570	3486	2318	2417	1480	1090	473	321
263	4892	3467	3461	2224	2460	1541	1057	479	299
264	4957	3545	3504	2335	2421	1544	1060	480	316
265	5044	3545	3482	2278	2499	1484	1094	483	314
266	4950	3583	3453	2303	2464	1555	1076	474	329
267	4962	3614	3461	2294	2534	1555	1085	467	336
268	4985	3567	3514	2282	2528	1519	1093	492	320
269	5049	3589	3484	2344	2495	1514	1108	466	329
270	4951	3591	3545	2264	2501	1521	1079	467	326
271	5032	3635	3552	2276	2458	1544	1101	492	310
272	5028	3593	3558	2294	2493	1558	1082	481	323
273	5004	3628	3573	2308	2450	1555	1064	476	349
274	5005	3621	3555	2327	2530	1526	1053	489	324
275	5008	3680	3597	2365	2523	1572	1092	510	311
276	5082	3653	3603	2395	2500	1506	1066	494	321
277	5056	3674	3577	2354	2479	1510	1068	483	331
278	5134	3628	3583	2377	2522	1538	1065	487	310
279	5133	3595	3620	2307	2437	1510	1093	477	330
280	5084	3726	3652	2436	2507	1552	1070	456	325
281	5069	3684	3656	2317	2495	1574	1089	483	331
282	5152	3690	3570	2357	2504	1538	1040	482	320
283	5202	3720	3626	2423	2611	1583	1050	495	324
284	5094	3686	3695	2417	2533	1580	1045	470	330
285	5137	3653	3667	2386	2543	1557	1030	479	323
286	5168	3721	3654	2408	2536	1552	1046	496	333
287	5180	3733	3767	2381	2517	1545	1078	493	322
288	5205	3806	3694	2405	2540	1551	1052	475	328
289	5168	3733	3754	2429	2491	1568	1058	475	313
290	5154	3827	3689	2382	2523	1517	1070	508	312
291	5181	3739	3668	2384	2586	1539	1092	483	326
292	5213	3836	3758	2407	2589	1575	1062	470	317
293	5256	3720	3777	2365	2478	1516	1061	497	322
294	5332	3803	3743	2390	2482	1563	1078	503	313
295	5319	3823	3777	2351	2525	1536	1070	498	332
296	5294	3869	3759	2397	2584	1556	1077	496	339
297	5276	3828	3812	2453	2544	1534	1091	504	323
298	5279	3806	3826	2437	2571	1584	1079	465	319
299	5299	3786	3809	2461	2518	1565	1071	479	335
300	5328	3828	3745	2454	2539	1559	1070	493	336
301	5278	3803	3761	2492	2523	1585	1043	500	321
302	5241	3805	3843	2450	2569	1547	1086	516	325
303	5421	3816	3821	2472	2568	1570	1048	476	329
304	5350	3870	3838	2491	2513	1547	1059	486	321
305	5316	3896	3865	2519	2554	1591	1090	479	339
306	5415	3927	3802	2506	2562	1524	1074	477	347
307	5366	3890	3860	2461	2580	1555	1107	502	342
308	5381	3833	3851	2509	2502	1591	1070	485	333
309	5409	3854	3860	2461	2544	1557	1078	505	345
310	5360	3914	3901	2508	2535	1548	1097	497	344
311	5402	3899	3928	2483	2536	1602	1078	505	336
312	5418	3950	3857	2483	2518	1576	1088	485	344
313	5473	3937	3850	2524	2570	1581	1118	491	347
314	5468	3974	3917	2540	2603	1530	1087	494	327
315	5532	3964	3906	2551	2543	1565	1102	493	319
316	5495	3985	3926	2504	2531	1563	1096	472	333
317	5429	3979	3885	2515	2560	1555	1078	479	325
318	5470	4053	4030	2581	2618	1545	1068	502	341
319	5414	4033	3841	2515	2569	1569	1073	511	330
320	5548	4069	3982	2524	2560	1559	1072	505	320
321	5528	3991	3982	2579	2599	1558	1075	475	337
322	5533	3940	3990	2540	2582	1555	1107	507	319
323	5488	3986	3969	2571	2606	1560	1058	484	331
324	5501	4018	3977	2560	2587	1547	1052	493	319
325	5487	4069	4017	2541	2583	1518	1099	487	351
326	5647	4100	4029	2586	2566	1575	1066	476	324
327	5486	4049	3962	2581	2586	1554	1059	481	328
328	5517	4064	4020	2559	2580	1567	1082	484	335
329	5540	3969	3962	2644	2591	1566	1074	476	341
330	5558	4062	4085	2560	2609	1561	1062	488	329
331	5570	4039	3948	2566	2600	1570	1094	484	322
332	5564	4067	3976	2519	2604	1549	1109	495	335
333	5569	4054	4085	2517	2577	1583	1064	490	335
334	5671	4128	4048	2583	2582	1548	1052	504	327
335	5614	4138	4022	2577	2583	1567	1091	491	308
336	5609	4128	4092	2575	2588	1582	1055	489	336
337	5661	4154	4157	2567	2582	1588	1085	496	313
338	5641	4188	4072	2649	2583	1569	1090	493	335
339	5746	4160	4060	2622	2609	1561	1055	488	336
340	5724	4197	4148	2669	2640	1581	1097	509	329
341	5653	4234	4115	2628	2584	1541	1096	499	321
342	5676	4208	4066	2581	2648	1572	1088	490	330
343	5666	4189	4072	2580	2636	1591	1062	506	333
344	5653	4175	4137	2644	2571	1579	1077	484	343
345	5769	4202	4074	2549	2569	1570	1077	499	327
346	5645	4194	4125	2563	2612	1568	1092	519	317
347	5655	4249	4140	2647	2630	1551	1076	493	323
348	5704	4192	4102	2647	2603	1542	1094	505	330
349	5779	4240	4163	2718	2681	1561	1091	494	330
350	5788	4255	4152	2631	2629	1568	1058	503	322
351	5721	4259	4068	2649	2608	1564	1072	484	334
352	5772	4305	4160	2633	2615	1572	1091	506	340
353	5731	4257	4123	2608	2571	1560	1076	494	318
354	5689	4250	4242	2674	2602	1568	1101	508	331
355	5837	4240	4113	2643	2586	1547	1089	485	326
356	5739	4179	4171	2694	2602	1548	1110	497	305
357	5756	4288	4253	2670	2718	1597	1087	512	330
358	5679	4276	4165	2669	2656	1600	1099	504	324
359	5732	4253	4207	2643	2646	1531	1085	479	325
360	5750	4269	4221	2674	2665	1569	1077	509	332
361	5785	4267	4197	2705	2627	1584	1074	477	340
362	5803	4273	4197	2666	2586	1587	1093	505	318
363	5774	4320	4267	2789	2680	1561	1098	515	344
364	5723	4408	4252	2713	2580	1598	1117	493	363
365	5796	4295	4224	2657	2604	1595	1081	516	331
366	5868	4407	4298	2694	2603	1594	1080	515	330
367	5791	4328	4283	2663	2613	1582	1086	500	326
368	5871	4352	4226	2680	2651	1580	1090	494	334
369	5783	4303	4220	2746	2581	1561	1079	489	333
370	5776	4365	4218	2659	2650	1589	1056	502	336
371	5816	4360	4323	2682	2633	1586	1107	518	312
372	5811	4403	4294	2779	2581	1600	1085	502	335
373	5771	4368	4243	2747	2627	1609	1081	497	314
374	5852	4333	4283	2651	2610	1556	1114	503	318
375	5829	4357	4231	2707	2648	1541	1083	499	336
376	5797	4345	4220	2658	2605	1576	1042	491	339
377	5831	4449	4320	2630	2643	1589	1104	482	339
378	5898	4385	4262	2640	2666	1580	1083	485	346
379	5809	4408	4314	2712	2654	1568	1069	495	326
380	5846	4495	4310	2676	2606	1573	1092	487	340
381	5774	4464	4343	2676	2604	1557	1080	508	327
382	5832	4331	4300	2697	2631	1601	1093	510	324
383	5883	4505	4322	2714	2645	1565	1071	474	334
384	5924	4472	4327	2694	2646	1561	1079	491	331
385	5927	4513	4289	2661	2594	1568	1096	514	327
386	5873	4409	4338	2657	2611	1558	1103	488	346
387	5887	4394	4361	2714	2639	1578	1099	496	336
388	5876	4449	4304	2750	2609	1581	1092	484	324
389	5930	4460	4302	2735	2642	1574	1102	494	330
390	5912	4431	4327	2782	2637	1638	1049	485	332
391	5906	4451	4274	2738	2633	1587	1085	492	331
392	5865	4459	4386	2730	2624	1562	1098	487	336
393	5928	4512	4318	2746	2613	1553	1061	511	338
394	5974	4532	4388	2657	2589	1558	1082	516	336
395	5875	4466	4433	2704	2654	1582	1091	506	345
396	5952	4521	4358	2812	2642	1621	1104	503	335
397	5903	4449	4339	2784	2691	1572	1114	503	345
398	6005	4487	4359	2762	2657	1573	1090	505	334
399	5969	4550	4435	2775	2623	1551	1112	511	323
400	6061	4495	4379	2773	2615	1552	1068	498	333
401	5936	4517	4343	2742	2630	1576	1114	505	332
402	6033	4534	4364	2749	2669	1590	1118	497	359
403	5934	4555	4449	2780	2670	1542	1103	487	345
404	6044	4531	4345	2752	2641	1562	1092	505	338
405	5985	4546	4393	2779	2669	1573	1082	498	349
406	6078	4576	4467	2863	2639	1580	1074	507	340
407	6074	4545	4479	2777	2619	1554	1087	497	338
408	6085	4623	4380	2927	2641	1595	1080	500	327
409	6009	4605	4424	2897	2704	1570	1110	484	333
410	5988	4544	4468	2986	2641	1587	1087	497	346
411	6015	4532	4465	2941	2656	1554	1080	482	343
412	6056	4534	4449	3212	2681	1571	1077	499	351
413	6106	4595	4385	3236	2653	1552	1079	497	342
414	6044	4547	4434	3194	2612	1576	1109	514	352
415	6106	4574	4409	3251	2683	1579	1100	486	329
416	6010	4635	4445	3062	2628	1559	1052	487	337
417	6130	4596	4424	2972	2661	1576	1102	505	350
418	6079	4677	4478	2982	2660	1548	1122	501	357
419	6110	4645	4478	3030	2635	1586	1069	501	341
420	6028	4668	4436	3044	2634	1567	1083	491	355
421	6092	4577	4395	3020	2615	1568	1096	510	340
422	6111	4658	4403	3016	2676	1575	1095	494	353
423	6104	4606	4470	2836	2629	1583	1106	505	346
424	6087	4621	4527	2797	2672	1564	1115	491	360
425	6202	4602	4469	2831	2599	1574	1077	514	349
426	6080	4671	4511	2823	2569	1566	1089	503	342
427	6147	4660	4454	2994	2684	1569	1114	501	349
428	6202	4736	4501	3040	2652	1580	1108	500	360
429	6245	4678	4508	3094	2626	1545	1068	496	333
430	6203	4646	4414	3268	2644	1548	1118	502	345
431	6177	4643	4492	3222	2665	1541	1123	502	342
432	6278	4648	4495	3253	2614	1585	1109	494	346
433	6196	4695	4532	3106	2655	1563	1072	508	352
434	6110	4664	4449	3094	2671	1591	1100	518	351
435	6231	4624	4534	3049	2642	1521	1079	505	364
436	6134	4647	4514	3058	2647	1535	1069	509	352
437	6172	4640	4605	2881	2649	1579	1089	495	353
438	6197	4661	4466	2879	2636	1557	1120	513	362
439	6155	4651	4483	2848	2630	1566	1085	509	339
440	6163	4678	4535	2988	2645	1618	1055	497	341
441	6262	4621	4538	2978	2723	1562	1069	486	338
442	6190	4742	4545	3073	2630	1563	1133	512	359
443	6156	4654	4607	3246	2647	1593	1078	520	357
444	6211	4660	4514	3374	2668	1569	1073	501	354
445	6213	4708	4545	3329	2648	1595	1116	515	355
446	6164	4694	4542	3224	2635	1589	1104	492	352
447	6238	4650	4593	3121	2719	1544	1109	516	362
448	6197	4670	4604	3143	2719	1588	1136	512	358
449	6200	4696	4513	3096	2672	1543	1088	498	344
450	6197	4720	4547	3142	2653	1547	1096	514	354
451	6168	4750	4549	3112	2677	1593	1099	500	381
452	6227	4799	4598	3070	2697	1596	1104	511	363
453	6238	4786	4663	3240	2666	1560	1118	491	364
454	6150	4773	4570	3035	2641	1531	1112	485	337
455	6261	4749	4549	2989	2710	1557	1106	474	337
456	6232	4798	4562	2956	2723	1556	1067	500	347
457	6284	4804	4669	3005	2695	1536	1071	509	350
458	6272	4720	4648	2979	2705	1597	1079	486	348
459	6280	4719	4632	3036	2686	1601	1085	519	368
460	6260	4732	4622	3004	2684	1555	1128	472	360
461	6270	4781	4660	3022	2685	1574	1081	513	355
462	6217	4663	4649	2978	2704	1502	1090	504	352
463	6216	4706	4603	3006	2685	1584	1078	509	354
464	6268	4777	4721	3075	2694	1561	1118	499	353
465	6269	4804	4664	2986	2646	1631	1121	503	339
466	6217	4793	4553	3072	2658	1580	1105	475	346
467	6289	4767	4630	3061	2679	1595	1094	502	348
468	6285	4808	4619	3077	2662	1559	1083	494	360
469	6279	4787	4574	3097	2657	1563	1080	508	375
470	6302	4776	4634	3287	2695	1559	1106	507	365
471	6311	4781	4646	3382	2663	1549	1080	494	345
472	6269	4722	4617	3313	2663	1544	1105	518	350
473	6340	4808	4690	3359	2655	1550	1110	501	353
474	6252	4775	4725	3275	2618	1529	1095	482	334
475	6397	4837	4627	3058	2644	1584	1095	502	369
476	6354	4829	4618	3125	2655	1560	1093	533	350
477	6302	4726	4691	3155	2664	1559	1085	504	352
478	6318	4817	4693	3139	2683	1569	1071	496	353
479	6414	4777	4635	3079	2625	1562	1081	495	341
480	6364	4777	4710	3059	2667	1615	1085	515	374
481	6296	4850	4675	2967	2625	1580	1100	510	343
482	6370	4839	4622	2983	2625	1582	1107	502	353
483	6285	4844	4702	2882	2669	1578	1107	491	362
484	6303	4834	4667	3018	2696	1588	1122	489	353
485	6361	4799	4744	2922	2637	1620	1115	499	354
486	6274	4849	4694	2991	2681	1600	1118	486	349
487	6373	4848	4727	3042	2629	1543	1076	493	360
488	6435	4876	4672	3171	2642	1571	1120	508	374
489	6366	4809	4719	3091	2724	1586	1112	514	345
490	6379	4769	4691	2977	2660	1564	1081	475	335
491	6426	4827	4643	3025	2671	1584	1093	502	361
492	6368	4826	4706	3116	2645	1559	1112	523	356
493	6322	4824	4695	3072	2621	1559	1118	504	351
494	6387	4818	4783	2937	2702	1565	1117	506	348
495	6409	4843	4782	2965	2671	1566	1104	493	349
496	6373	4923	4684	2964	2692	1554	1139	510	364
497	6414	4844	4737	3148	2693	1576	1062	515	341
498	6397	4843	4759	3022	2634	1608	1090	523	351
499	6417	4894	4768	3028	2673	1581	1106	505	365
500	6433	4855	4704	3114	2705	1602	1149	516	359
501	6414	4857	4794	3118	2644	1578	1068	480	350
502	6419	4855	4784	2962	2659	1594	1077	510	353
503	6383	4910	4731	3087	2702	1598	1083	479	343
504	6293	4867	4737	3001	2610	1571	1101	489	382
505	6453	4831	4749	3132	2656	1564	1087	528	349
506	6452	4908	4837	3093	2696	1582	1087	506	363
507	6440	4900	4786	3152	2631	1587	1108	498	366
508	6416	4819	4741	3108	2731	1538	1106	496	368
509	6407	4850	4787	3154	2650	1576	1125	505	365
510	6470	4907	4763	3190	2703	1560	1085	509	350
511	6416	4884	4876	3259	2655	1604	1088	491	356
512	6536	4825	4772	3256	2628	1593	1098	511	352
513	6472	4903	4822	3346	2669	1586	1084	512	359
514	6456	4821	4820	3346	2669	1610	1118	516	362
515	6461	4894	4848	3331	2692	1615	1109	478	372
516	6369	4875	4773	3242	2719	1562	1101	492	373
517	6497	4935	4781	3283	2683	1601	1107	510	360
518	6459	4907	4772	3170	2698	1570	1079	498	361
519	6590	4912	4813	3122	2670	1544	1118	504	365
520	6580	4927	4835	3212	2762	1607	1111	508	363
521	6476	4860	4848	3225	2744	1597	1111	507	371
522	6526	4940	4785	3316	2686	1560	1081	529	363
523	6543	4866	4922	3450	2683	1575	1127	511	365
524	6492	4913	4874	3299	2680	1581	1077	503	340
525	6506	4995	4857	3352	2709	1617	1076	505	366
526	6488	4967	4831	3252	2729	1587	1133	495	353
527	6558	4924	4889	3251	2669	1572	1109	523	357
528	6468	4984	4864	3051	2648	1572	1097	494	347
529	6499	4931	4791	3340	2763	1552	1114	484	356
530	6529	4891	4898	3293	2685	1603	1103	473	359
531	6533	4944	4870	3297	2686	1547	1127	508	353
532	6545	4896	4913	3302	2706	1612	1071	502	352
533	6569	4913	4806	3378	2719	1565	1094	499	365
534	6404	4980	4936	3226	2676	1588	1110	501	361
535	6431	4975	4814	3323	2730	1525	1092	507	368
536	6457	4939	4904	3360	2633	1559	1119	493	357
537	6562	4992	4875	3436	2698	1596	1114	486	361
538	6509	4909	4832	3345	2725	1581	1110	514	361
539	6512	5031	4890	3287	2691	1590	1119	503	347
540	6522	5008	4931	3317	2748	1580	1115	495	363
541	6494	4949	4864	3340	2738	1596	1104	475	362
542	6544	4996	4862	3252	2687	1586	1085	503	342
543	6504	4938	4937	3219	2697	1556	1110	489	382
544	6559	5082	4904	3499	2726	1582	1124	500	358
545	6567	5006	5009	3359	2688	1585	1101	490	368
546	6615	5032	4980	3396	2669	1585	1096	505	353
547	6594	5011	4959	3480	2695	1581	1105	466	352
548	6639	5008	4875	3563	2673	1613	1095	499	366
549	6591	5055	4939	3447	2647	1558	1118	498	379
550	6529	5024	4966	3353	2654	1616	1096	508	368
551	6548	5013	4895	3415	2622	1601	1088	487	369
552	6672	5035	4897	3374	2704	1580	1105	514	361
553	6609	5003	4939	3378	2672	1616	1071	494	362
554	6603	5036	4864	3409	2711	1618	1140	506	349
555	6692	5044	4946	3397	2676	1557	1087	476	352
556	6569	5011	4915	3470	2690	1579	1135	507	364
557	6564	5070	5004	3371	2662	1593	1110	503	376
558	6671	5033	4997	3419	2682	1582	1119	506	364
559	6582	5079	4949	3444	2673	1568	1136	503	354
560	6649	5104	4900	3507	2662	1577	1116	527	361
561	6530	4978	5029	3487	2675	1595	1100	504	351
562	6559	5083	4996	3470	2622	1585	1119	491	363
563	6661	5003	4889	3565	2718	1552	1103	515	356
564	6560	5020	4914	3376	2695	1577	1122	527	377
565	6675	5066	4995	3419	2711	1592	1117	502	352
566	6628	5085	4953	3542	2680	1576	1120	502	362
567	6641	4972	4996	3500	2705	1563	1122	501	382
568	6623	5014	5062	3377	2697	1555	1116	522	340
569	6537	5020	4967	3438	2717	1600	1090	483	348
570	6717	5039	5004	3621	2699	1580	1088	489	354
571	6541	5059	5023	3480	2674	1542	1111	502	343
572	6678	5107	5005	3536	2729	1564	1062	499	383
573	6723	5056	5072	3516	2707	1582	1108	508	348
574	6681	5011	4971	3522	2666	1617	1125	494	339
575	6600	4990	4976	3479	2729	1614	1090	486	348
576	6700	5038	5091	3541	2757	1611	1101	507	353
577	6715	4991	4988	3533	2677	1578	1104	502	360
578	6652	5035	4947	3533	2698	1522	1082	503	352
579	6737	5039	5018	3493	2664	1565	1080	512	344
580	6722	5023	5023	3500	2718	1585	1094	522	368
581	6727	5035	5049	3531	2711	1567	1135	509	349
582	6682	4926	4986	3496	2722	1570	1115	506	344
583	6796	5030	5021	3504	2693	1612	1117	507	354
584	6707	5048	5038	3550	2735	1600	1098	506	350
585	6761	5063	4972	3581	2763	1613	1125	510	340
586	6781	5037	4992	3396	2681	1559	1090	509	354
587	6803	5057	4985	3400	2728	1577	1128	501	321
588	6760	5044	5072	3587	2691	1600	1108	503	370
589	6697	5002	5063	3595	2705	1582	1139	529	371
590	6775	5030	5024	3466	2705	1610	1106	487	347
591	6714	4992	4958	3422	2699	1572	1120	515	364
592	6684	5032	4974	3584	2716	1576	1124	498	352
593	6754	5139	4926	3579	2735	1575	1109	537	363
594	6727	5045	5078	3599	2701	1638	1113	542	372
595	6789	5126	5142	3452	2700	1578	1102	510	355
596	6802	5108	5085	3563	2644	1570	1117	492	348
597	6758	4973	4962	3549	2709	1552	1117	488	358
598	6694	5067	5066	3603	2675	1577	1113	494	355
599	6826	5191	5128	3629	2739	1639	1114	503	351
600	6726	5052	5014	3455	2706	1579	1114	511	350
601	6671	5094	5053	3579	2724	1620	1130	498	350
602	6705	5066	5127	3610	2745	1613	1131	500	366
603	6738	5094	5111	3557	2709	1563	1098	481	366
604	6717	5089	5100	3710	2699	1563	1128	501	373
605	6784	5071	5068	3571	2710	1589	1088	489	359
606	6722	5145	5091	3581	2746	1610	1108	488	350
607	6817	5046	5064	3548	2719	1565	1087	518	352
608	6792	5069	5133	3600	2678	1536	1071	498	358
609	6802	5089	5115	3666	2684	1560	1100	497	351
610	6783	5112	5127	3572	2712	1551	1110	474	369
611	6796	5076	5043	3571	2730	1601	1086	513	343
612	6772	5139	5060	3636	2704	1575	1114	501	344
613	6733	5198	5050	3644	2663	1621	1096	504	367
614	6793	5186	5115	3595	2676	1551	1116	519	365
615	6767	5155	5083	3578	2738	1564	1073	506	335
616	6762	5157	5050	3750	2741	1601	1110	487	357
617	6814	5246	5128	3635	2718	1558	1095	519	379
618	6826	5157	5176	3647	2685	1561	1108	494	362
619	6868	5226	5103	3588	2761	1603	1121	511	355
620	6836	5226	5203	3539	2705	1595	1092	513	359
621	6883	5252	5122	3772	2673	1576	1124	504	361
622	6795	5159	5091	3573	2722	1600	1101	497	360
623	6873	5232	5114	3550	2734	1569	1113	525	348
624	6825	5155	5071	3597	2706	1604	1090	513	354
625	6827	5134	5118	3554	2736	1578	1089	507	342
626	6863	5138	5137	3551	2687	1610	1118	487	355
627	6717	5170	5142	3603	2708	1573	1106	507	362
628	6813	5241	5190	3765	2734	1620	1095	491	354
629	6927	5111	5159	3532	2687	1583	1107	501	365
630	6823	5084	5122	3596	2758	1572	1142	520	349
631	6893	5139	5152	3556	2697	1623	1138	501	362
632	6932	5175	5147	3696	2751	1565	1134	505	348
633	6860	5172	5141	3576	2702	1565	1096	504	364
634	6825	5135	5157	3703	2686	1642	1082	502	343
635	6828	5171	5119	3565	2706	1566	1132	491	347
636	6885	5213	5130	3571	2724	1546	1099	478	346
637	6867	5116	5212	3528	2677	1575	1125	517	333
638	6774	5158	5231	3690	2682	1577	1105	498	357
639	6791	5197	5108	3545	2716	1570	1136	509	348
640	6877	5168	5195	3643	2691	1582	1099	493	355
641	6847	5183	5162	3630	2718	1561	1091	533	346
642	6945	5214	5136	3633	2710	1650	1084	522	360
643	6925	5149	5195	3693	2695	1583	1112	525	353
644	6819	5171	5153	3720	2739	1543	1135	513	366
645	6951	5170	5176	3655	2702	1576	1104	512	373
646	6914	5247	5179	3626	2733	1618	1118	511	350
647	6885	5214	5185	3705	2706	1580	1096	509	364
648	6842	5215	5126	3594	2718	1562	1129	528	350
649	6936	5238	5165	3545	2744	1591	1076	505	344
650	6820	5359	5145	3687	2694	1567	1087	513	353
651	6897	5174	5201	3634	2676	1600	1075	517	354
652	6916	5169	5133	3609	2697	1596	1131	481	356
653	6974	5128	5168	3675	2753	1591	1115	517	344
654	6982	5185	5152	3723	2721	1592	1124	498	362
655	6965	5188	5154	3790	2671	1573	1108	522	349
656	6971	5219	5177	3631	2682	1581	1088	490	361
657	6865	5168	5257	3599	2664	1584	1145	521	338
658	6950	5157	5223	3673	2736	1596	1093	494	368
659	6947	5137	5181	3607	2690	1606	1081	510	364
660	6939	5231	5188	3606	2684	1616	1096	518	338
661	6957	5231	5251	3662	2700	1550	1106	489	358
662	6969	5227	5215	3699	2703	1600	1089	517	347
663	6971	5178	5206	3675	2687	1621	1110	500	339
664	6983	5252	5174	3615	2720	1603	1116	494	359
665	6941	5266	5220	3801	2705	1620	1135	503	356
666	7003	5181	5243	3808	2682	1592	1119	500	349
667	6914	5163	5177	3750	2696	1610	1091	515	348
668	6989	5242	5271	3645	2679	1580	1112	507	363
669	6913	5276	5152	3713	2702	1583	1118	497	353
670	6886	5285	5204	3651	2689	1582	1142	512	352
671	6907	5210	5250	3641	2722	1608	1111	499	340
672	6991	5199	5261	3632	2701	1601	1093	482	350
673	7068	5256	5250	3675	2671	1609	1115	500	339
674	6933	5220	5203	3660	2683	1608	1076	508	353
675	6969	5269	5255	3624	2667	1553	1083	511	362
676	6958	5233	5218	3726	2685	1582	1118	517	357
677	7031	5276	5193	3767	2677	1585	1111	497	355
678	7007	5296	5190	3710	2725	1614	1109	500	327
679	7012	5289	5217	3609	2715	1584	1114	500	360
680	6970	5311	5233	3662	2705	1544	1128	485	363
681	6981	5274	5253	3756	2708	1592	1119	499	338
682	6965	5203	5217	3709	2710	1619	1121	508	340
683	6930	5167	5232	3743	2688	1610	1097	507	365
684	6961	5235	5305	3655	2681	1579	1073	515	352
685	7137	5288	5231	3746	2782	1592	1161	507	350
686	7120	5245	5251	3797	2726	1639	1102	502	348
687	6977	5294	5228	3737	2681	1628	1126	525	354
688	6887	5239	5234	3797	2732	1619	1096	507	347
689	7053	5224	5368	3610	2726	1617	1135	515	347
690	7009	5213	5289	3651	2684	1559	1099	480	331
691	6924	5311	5289	3749	2735	1600	1113	515	336
692	7000	5222	5275	3824	2696	1627	1116	534	348
693	7018	5194	5275	3624	2790	1590	1125	526	350
694	7022	5290	5335	3730	2719	1592	1095	486	361
695	7002	5329	5221	3881	2727	1657	1094	501	347
696	7116	5364	5290	3829	2735	1620	1106	527	355
697	7057	5324	5258	3730	2709	1614	1115	490	340
698	7094	5218	5349	3793	2679	1622	1098	521	344
699	7006	5282	5343	3609	2782	1601	1097	500	347
700	7151	5215	5257	3711	2699	1579	1120	501	334
701	6987	5291	5343	3786	2735	1574	1101	513	352
702	6950	5307	5339	3549	2688	1599	1086	488	344
703	7023	5252	5290	3686	2663	1570	1096	490	339
704	7004	5320	5376	3705	2706	1614	1097	505	353
705	7110	5245	5322	3699	2728	1618	1076	507	343
706	7115	5353	5311	3782	2743	1623	1135	525	341
707	7042	5339	5326	3743	2713	1550	1096	505	336
708	7022	5323	5259	3777	2678	1612	1117	512	340
709	7065	5263	5302	3747	2725	1618	1118	539	340
710	7073	5411	5323	3704	2733	1636	1120	494	345
711	7068	5318	5320	3774	2728	1629	1102	524	351
712	7022	5249	5269	3762	2769	1587	1109	503	351
713	7201	5355	5359	3740	2719	1599	1091	506	359
714	7180	5327	5366	3795	2742	1599	1093	523	348
715	7111	5327	5361	3879	2725	1575	1076	499	350
716	7107	5293	5307	3753	2691	1603	1108	528	345
717	7125	5424	5319	3745	2748	1642	1123	494	339
718	7103	5282	5343	3768	2729	1594	1140	529	360
719	7052	5384	5296	3719	2764	1639	1077	500	346
720	7094	5280	5306	3763	2735	1588	1127	509	331
721	7069	5325	5387	3813	2760	1580	1087	511	358
722	7095	5340	5371	3769	2724	1631	1092	501	343
723	7021	5357	5428	3884	2721	1611	1126	491	334
724	7107	5326	5394	3715	2719	1606	1123	506	359
725	7089	5375	5371	3815	2643	1592	1078	502	349
726	7120	5391	5341	3681	2755	1592	1087	508	342
727	7098	5343	5314	3863	2712	1622	1098	515	352
728	7086	5379	5375	3813	2755	1594	1081	523	339
729	7126	5344	5465	3955	2709	1655	1099	518	334
730	7060	5340	5391	3888	2765	1618	1109	498	351
731	7083	5204	5351	3733	2700	1590	1097	502	331
732	7131	5312	5381	3828	2681	1618	1103	514	350
733	7147	5320	5289	3876	2699	1587	1093	504	353
734	7079	5356	5341	3733	2779	1541	1098	528	336
735	7160	5360	5318	3818	2704	1574	1108	508	350
736	7137	5326	5386	3880	2698	1593	1106	490	337
737	7166	5331	5288	3689	2722	1606	1090	497	333
738	7126	5317	5423	3678	2757	1583	1113	527	342
739	7167	5329	5400	3751	2764	1609	1106	504	340
740	7139	5317	5334	3798	2684	1614	1095	491	357
741	7106	5361	5399	3795	2715	1610	1127	500	350
742	7267	5310	5382	3818	2733	1646	1121	500	338
743	7163	5295	5402	3844	2715	1599	1125	484	361
744	7158	5296	5382	3744	2637	1647	1131	533	349
745	7111	5362	5417	3757	2750	1605	1116	523	350
746	7089	5359	5447	3769	2754	1596	1132	507	338
747	7192	5376	5408	3857	2723	1605	1102	491	333
748	7144	5292	5431	3890	2728	1606	1101	514	338
749	7100	5369	5418	3766	2735	1610	1088	493	350
750	7198	5315	5363	3841	2724	1602	1086	509	343
751	7185	5346	5401	3857	2784	1612	1143	496	327
752	7261	5325	5474	3722	2691	1593	1087	498	364
753	7252	5292	5357	3690	2775	1599	1145	499	335
754	7202	5295	5497	3876	2741	1608	1108	503	346
755	7148	5367	5447	3831	2714	1603	1090	503	337
756	7120	5340	5507	3833	2700	1604	1102	512	333
757	7206	5362	5456	3769	2802	1627	1100	502	334
758	7240	5360	5440	3766	2740	1591	1147	503	334
759	7237	5348	5454	3821	2674	1605	1111	509	330
760	7123	5342	5409	3801	2740	1619	1098	517	347
761	7130	5345	5431	3886	2712	1644	1089	523	331
762	7182	5339	5388	3842	2701	1594	1132	493	325
763	7188	5348	5360	3784	2667	1626	1101	519	343
764	7182	5313	5420	3725	2757	1633	1127	500	328
765	7176	5260	5476	3813	2666	1612	1128	490	321
766	7208	5290	5397	3799	2674	1601	1093	493	352
767	7182	5350	5497	3987	2721	1602	1120	494	325
768	7115	5299	5442	3746	2768	1600	1118	501	345
769	7248	5379	5480	3878	2707	1642	1089	514	337
770	7270	5298	5436	3959	2741	1602	1137	517	335
771	7150	5376	5455	3897	2756	1592	1119	501	326
772	7242	5340	5456	3932	2729	1606	1150	518	339
773	7237	5331	5595	3847	2796	1628	1109	493	342
774	7270	5321	5540	3897	2731	1614	1098	504	333
775	7231	5313	5512	3889	2699	1594	1091	509	331
776	7281	5426	5492	3868	2706	1612	1108	509	339
777	7237	5424	5484	3905	2721	1599	1069	478	325
778	7221	5380	5534	3777	2657	1626	1142	502	339
779	7266	5368	5493	3791	2718	1608	1119	509	349
780	7262	5324	5490	3852	2727	1624	1096	508	343
781	7233	5488	5524	3781	2742	1595	1124	481	349
782	7213	5295	5524	3774	2695	1598	1100	498	349
783	7249	5405	5452	4015	2690	1627	1122	497	348
784	7216	5380	5467	3866	2709	1575	1121	517	315
785	7159	5403	5437	3734	2694	1590	1104	482	341
786	7256	5485	5477	3889	2679	1614	1110	503	332
787	7226	5341	5467	3947	2746	1607	1097	505	334
788	7180	5363	5511	3856	2729	1607	1098	478	344
789	7250	5380	5589	3783	2715	1585	1112	505	330
790	7225	5416	5459	3887	2671	1629	1109	517	334
791	7268	5425	5475	3837	2702	1611	1073	529	328
792	7242	5418	5577	4004	2761	1626	1151	517	337
793	7273	5420	5490	3811	2705	1585	1103	493	342
794	7242	5376	5540	3813	2705	1604	1120	506	341
795	7295	5416	5480	3817	2698	1610	1103	528	332
796	7306	5451	5437	3922	2687	1604	1110	505	326
797	7291	5403	5468	3931	2761	1584	1101	519	345
798	7175	5434	5532	3865	2751	1628	1131	503	315
799	7322	5432	5516	3870	2725	1587	1099	496	334
800	7209	5404	5512	3850	2679	1609	1114	488	348
801	7249	5384	5489	3940	2719	1605	1106	516	326
802	7247	5460	5492	3937	2666	1612	1112	492	347
803	7362	5466	5522	3904	2698	1599	1133	503	335
804	7241	5475	5516	4053	2758	1582	1130	508	326
805	7229	5420	5484	3958	2717	1594	1121	507	346
806	7301	5392	5530	4016	2718	1601	1117	513	335
807	7222	5426	5482	3820	2747	1594	1106	505	335
808	7402	5452	5542	3984	2706	1600	1093	511	321
809	7310	5433	5570	4000	2703	1590	1120	478	351
810	7220	5392	5500	3849	2722	1628	1088	524	341
811	7315	5433	5564	3845	2719	1588	1098	488	332
812	7260	5467	5544	3891	2708	1620	1113	505	328
813	7290	5416	5573	3847	2722	1617	1119	511	336
814	7230	5469	5581	3903	2707	1589	1109	514	348
815	7345	5452	5480	3873	2755	1638	1110	510	322
816	7212	5428	5528	3766	2695	1565	1144	486	311
817	7313	5447	5546	3959	2719	1596	1136	491	333
818	7334	5416	5577	3909	2734	1609	1098	491	342
819	7249	5480	5527	3867	2742	1620	1104	503	348
820	7272	5545	5603	3844	2800	1574	1061	499	348
821	7300	5416	5629	4013	2661	1601	1105	492	326
822	7244	5481	5531	3877	2656	1602	1105	475	359
823	7316	5451	5560	3937	2734	1608	1086	489	332
824	7332	5494	5557	4021	2716	1592	1141	485	332
825	7400	5492	5597	3909	2690	1609	1125	517	345
826	7340	5455	5552	3879	2695	1587	1120	530	332
827	7396	5427	5507	3938	2713	1545	1092	517	346
828	7345	5606	5510	4002	2693	1597	1093	496	341
829	7291	5551	5599	3829	2736	1619	1144	494	334
830	7315	5461	5515	3935	2719	1590	1111	483	335
831	7331	5525	5517	3729	2730	1625	1117	510	335
832	7257	5437	5587	3963	2706	1629	1097	514	341
833	7399	5540	5529	4006	2698	1625	1090	505	323
834	7310	5410	5577	3997	2712	1569	1096	508	343
835	7379	5520	5579	3982	2767	1561	1110	497	337
836	7430	5469	5586	3933	2726	1597	1138	509	325
837	7357	5458	5567	3956	2738	1613	1134	506	326
838	7416	5525	5559	3983	2703	1599	1107	507	352
839	7441	5454	5534	3856	2752	1599	1090	512	339
840	7462	5504	5602	3938	2702	1599	1097	503	335
841	7390	5482	5669	3898	2721	1622	1142	497	336
842	7323	5600	5642	3913	2688	1571	1115	487	333
843	7380	5399	5565	4034	2732	1563	1112	523	334
844	7405	5520	5639	3915	2710	1638	1146	505	315
845	7431	5480	5561	3912	2725	1589	1111	492	334
846	7354	5534	5563	3909	2702	1581	1108	498	323
847	7412	5436	5504	3912	2741	1578	1123	490	343
848	7349	5506	5420	3922	2705	1627	1112	497	333
849	7428	5525	5504	3990	2732	1612	1149	496	335
850	7493	5499	5609	3971	2740	1598	1097	498	324
851	7325	5607	5649	4008	2764	1583	1120	504	338
852	7480	5575	5583	4021	2706	1614	1109	513	331
853	7386	5522	5618	3996	2746	1615	1104	523	316
854	7442	5461	5598	4036	2758	1590	1086	510	329
855	7469	5526	5553	3989	2744	1618	1094	516	318
856	7354	5449	5558	3978	2694	1601	1114	497	329
857	7372	5487	5534	3979	2684	1577	1129	484	343
858	7370	5522	5571	3962	2707	1606	1091	510	338
859	7344	5505	5574	3975	2698	1585	1148	533	334
860	7407	5539	5631	3919	2733	1545	1121	511	352
861	7376	5539	5669	3849	2704	1579	1128	483	333
862	7559	5544	5649	4163	2756	1612	1139	519	345
863	7443	5592	5649	4022	2691	1585	1105	486	345
864	7404	5517	5724	3918	2727	1596	1065	528	336
865	7422	5505	5642	3988	2694	1579	1101	517	344
866	7440	5569	5639	3827	2707	1579	1123	501	344
867	7540	5471	5602	3939	2697	1627	1108	496	326
868	7462	5521	5673	4089	2734	1582	1102	501	341
869	7441	5545	5577	4032	2680	1560	1104	499	326
870	7393	5503	5647	3966	2718	1589	1114	490	328
871	7472	5545	5621	3898	2728	1592	1124	489	350
872	7416	5534	5682	3999	2652	1574	1133	525	327
873	7474	5545	5631	3909	2683	1647	1121	513	368
874	7477	5533	5596	4067	2753	1588	1112	502	331
875	7449	5540	5634	3858	2696	1591	1103	498	341
876	7468	5537	5697	3830	2662	1629	1083	522	332
877	7433	5558	5623	3985	2750	1630	1153	499	328
878	7474	5475	5610	3984	2715	1585	1102	522	313
879	7399	5491	5632	3993	2725	1580	1084	511	338
880	7430	5598	5596	3857	2726	1613	1145	498	337
881	7432	5535	5640	4028	2700	1561	1125	508	337
882	7437	5533	5644	4043	2733	1576	1080	480	335
883	7459	5556	5635	4010	2795	1606	1114	520	332
884	7470	5589	5645	3869	2731	1582	1144	492	334
885	7441	5579	5586	3932	2689	1590	1132	499	323
886	7503	5634	5616	3931	2707	1579	1119	516	314
887	7481	5545	5690	4005	2705	1603	1115	499	328
888	7414	5625	5676	3854	2684	1579	1120	513	327
889	7419	5604	5690	4020	2706	1610	1133	518	346
890	7508	5506	5662	3939	2728	1620	1110	522	361
891	7506	5602	5613	3900	2706	1600	1066	502	339
892	7477	5573	5657	3895	2701	1579	1115	492	333
893	7549	5524	5647	3891	2720	1585	1145	524	339
894	7424	5590	5689	4056	2734	1602	1102	504	342
895	7398	5584	5670	4087	2710	1614	1119	524	328
896	7442	5619	5624	4086	2686	1622	1097	484	326
897	7536	5679	5616	3947	2705	1624	1079	505	346
898	7551	5631	5631	4047	2723	1611	1101	507	339
899	7449	5562	5649	3994	2725	1550	1119	526	345
900	7505	5582	5674	3932	2693	1589	1107	522	333
901	7478	5622	5680	3981	2671	1585	1117	521	348
902	7603	5565	5682	3900	2728	1592	1102	501	352
903	7454	5585	5628	3961	2747	1554	1121	489	337
904	7429	5627	5717	4077	2712	1584	1098	513	328
905	7492	5562	5649	3976	2710	1566	1099	505	331
906	7518	5540	5593	4048	2791	1586	1125	506	345
907	7469	5532	5664	4105	2763	1572	1093	494	349
908	7522	5609	5640	3966	2699	1588	1142	493	326
909	7448	5574	5697	4030	2717	1549	1096	484	327
910	7430	5582	5608	3898	2756	1598	1080	515	344
911	7491	5653	5710	4090	2682	1577	1104	504	312
912	7391	5608	5713	4067	2686	1586	1104	513	320
913	7524	5576	5653	3967	2654	1587	1086	493	346
914	7573	5618	5672	4018	2680	1577	1071	488	339
915	7552	5600	5724	4019	2649	1592	1087	507	343
916	7549	5627	5644	4078	2702	1626	1092	477	332
917	7409	5576	5648	3981	2689	1549	1073	499	337
918	7534	5565	5676	4010	2705	1599	1125	510	336
919	7532	5620	5728	3911	2670	1582	1108	500	329
920	7491	5618	5681	4064	2766	1605	1149	514	333
921	7476	5641	5673	3922	2709	1649	1121	507	324
922	7564	5643	5657	4050	2680	1558	1077	538	342
923	7491	5641	5700	3977	2689	1577	1122	496	340
924	7513	5614	5710	4011	2737	1602	1097	508	317
925	7522	5609	5717	4050	2697	1578	1130	507	334
926	7548	5597	5736	3978	2674	1545	1109	509	342
927	7573	5602	5727	3990	2766	1566	1097	520	327
928	7519	5617	5761	4080	2696	1635	1123	484	330
929	7597	5695	5652	3903	2689	1551	1073	468	356
930	7487	5553	5619	4082	2688	1576	1141	507	336
931	7583	5587	5726	4025	2685	1610	1100	495	334
932	7466	5571	5671	3990	2660	1590	1078	509	339
933	7587	5572	5673	4040	2748	1583	1095	493	315
934	7560	5605	5749	3952	2710	1582	1114	495	329
935	7540	5626	5699	4032	2765	1560	1114	496	330
936	7583	5622	5660	3947	2700	1577	1113	505	335
937	7569	5589	5678	3909	2737	1553	1092	500	317
938	7494	5631	5771	4099	2706	1550	1089	487	333
939	7549	5673	5713	4000	2716	1574	1119	494	336
940	7508	5605	5718	4098	2682	1585	1155	503	326
941	7593	5633	5777	4098	2681	1613	1104	502	341
942	7477	5684	5743	4073	2747	1593	1104	502	332
943	7536	5614	5720	4083	2710	1595	1110	509	329
944	7615	5603	5758	4133	2671	1568	1126	499	330
945	7568	5616	5762	4000	2637	1604	1141	521	317
946	7525	5648	5675	4083	2686	1599	1136	527	324
947	7481	5694	5720	3912	2711	1565	1107	515	328
948	7582	5742	5726	4015	2666	1535	1111	503	322
949	7547	5620	5742	4125	2690	1597	1107	522	329
950	7526	5596	5747	4149	2673	1597	1140	507	332
951	7516	5686	5717	4106	2655	1598	1098	486	310
952	7542	5653	5743	4061	2744	1539	1134	484	341
953	7496	5755	5693	4100	2713	1581	1145	498	327
954	7556	5703	5709	4106	2764	1595	1095	514	325
955	7514	5645	5717	4185	2725	1615	1112	496	350
956	7625	5628	5708	4062	2722	1555	1082	497	347
957	7575	5720	5703	3904	2720	1561	1107	512	336
958	7590	5726	5823	3953	2702	1602	1130	516	338
959	7585	5697	5741	4076	2752	1578	1128	487	344
960	7643	5675	5765	4054	2710	1587	1108	526	328
961	7528	5719	5820	4068	2730	1535	1086	493	335
962	7627	5698	5833	4173	2703	1619	1107	512	323
963	7536	5702	5743	4059	2679	1562	1129	486	332
964	7639	5692	5770	4009	2713	1572	1122	510	321
965	7593	5634	5731	4025	2674	1557	1093	489	339
966	7579	5694	5758	4043	2735	1565	1093	504	336
967	7654	5695	5745	3979	2688	1595	1123	526	322
968	7611	5731	5773	4091	2669	1597	1134	488	329
969	7568	5671	5771	4113	2683	1579	1125	491	353
970	7526	5660	5740	4208	2688	1562	1100	512	326
971	7556	5654	5818	3925	2694	1569	1142	505	331
972	7555	5734	5815	4046	2692	1601	1119	498	323
973	7528	5742	5801	3973	2709	1573	1111	506	331
974	7534	5727	5782	3895	2781	1566	1103	528	334
975	7603	5676	5750	4083	2687	1565	1104	515	312
976	7660	5725	5821	4013	2744	1593	1116	510	327
977	7542	5725	5831	4031	2757	1627	1128	510	330
978	7622	5587	5767	4111	2690	1591	1134	481	313
979	7628	5683	5796	4010	2707	1581	1077	507	331
980	7635	5703	5752	4167	2676	1564	1087	512	320
981	7547	5698	5808	4045	2724	1585	1119	498	328
982	7584	5724	5752	4199	2735	1594	1102	525	331
983	7640	5688	5819	4138	2679	1595	1129	486	315
984	7609	5670	5760	4119	2704	1572	1116	521	322
985	7650	5689	5788	4159	2699	1553	1119	510	323
986	7666	5668	5815	4171	2673	1582	1112	518	321
987	7588	5701	5842	4160	2760	1595	1118	507	329
988	7646	5662	5818	3987	2671	1590	1128	507	319
989	7582	5646	5768	4044	2706	1620	1067	490	310
990	7597	5726	5782	4158	2699	1596	1113	496	323
991	7672	5748	5837	3954	2672	1614	1099	492	325
992	7676	5623	5751	4056	2674	1598	1148	512	340
993	7581	5689	5783	4108	2727	1607	1099	490	333
994	7660	5709	5769	3966	2724	1598	1122	510	339
995	7669	5682	5816	4088	2708	1594	1109	494	327
996	7661	5686	5868	4100	2704	1581	1147	524	338
997	7671	5676	5783	4181	2708	1588	1162	510	355
998	7690	5655	5790	4003	2710	1593	1110	532	322
999	7672	5745	5840	4146	2691	1597	1142	503	337
1000	7665	5728	5882	4070	2718	1548	1101	506	327
1001	7699	5715	5883	4228	2696	1587	1124	489	320
1002	7606	5777	5833	4147	2750	1614	1118	502	320
1003	7613	5711	5818	4211	2641	1584	1090	488	336
1004	7645	5769	5785	4190	2727	1611	1107	515	333
