time	200	160	128	102.4	81.92	65.536	52.4288	41.94304	33.554432	26.8435456	21.47483648	17.179869184
0	1763	1201	681	524	341	181	117	89	81	63	60	59
1	1751	1586	1090	502	390	213	123	99	78	78	58	51
2	1631	1382	1244	601	445	214	137	94	84	73	57	61
3	1608	1432	1332	757	483	270	162	108	92	70	68	58
4	1911	1737	1410	648	518	304	147	114	94	72	66	56
5	2408	2097	1239	707	497	279	175	115	94	82	69	60
6	2932	2258	1592	1104	678	342	193	141	109	81	63	60
7	2239	2592	1238	1023	730	345	204	132	109	85	71	66
8	2348	2437	1835	955	740	365	216	143	104	88	72	60
9	3037	2767	2271	1422	896	451	226	150	108	93	72	72
10	4172	2937	2478	1305	1024	466	236	169	120	83	82	68
11	2862	2734	2729	1678	1012	491	262	171	130	91	72	67
12	4151	2709	2848	1680	1141	567	269	177	122	91	79	64
13	5240	2917	2785	1774	1098	518	290	189	136	93	84	63
14	5134	2974	2944	1557	1193	612	321	204	136	108	73	68
15	5112	3072	3198	1435	1311	660	352	214	144	105	84	67
16	5797	3190	3245	1637	1351	704	372	227	146	108	85	82
17	5426	3756	3291	1545	1447	729	408	240	166	117	85	81
18	5700	4114	3373	2221	1512	703	409	233	164	117	88	78
19	5394	4025	2991	1638	1520	745	412	252	163	120	96	86
20	5387	4280	3524	2466	1571	794	444	270	194	127	102	79
21	6055	4076	3310	2390	1680	820	475	281	189	130	97	83
22	5920	4146	3136	2141	1748	936	493	279	192	133	103	77
23	5875	4156	3309	2132	1771	930	502	297	207	120	103	93
24	6449	4478	3788	1997	1896	970	522	322	216	148	108	91
25	6455	4247	3882	2313	1883	957	549	321	197	149	109	90
26	6363	4300	3728	2440	1910	976	554	327	235	152	108	86
27	6631	4029	3778	2474	1945	1089	572	355	230	160	109	88
28	6605	4231	3808	2639	2038	1030	629	354	237	168	123	98
29	6352	4539	4123	2295	2064	1075	631	361	244	170	120	102
30	6450	4372	3956	2401	2036	1163	604	384	242	181	119	100
31	6390	4360	3794	2593	2001	1174	645	402	262	177	133	101
32	6422	4759	4234	2843	2013	1200	657	398	271	187	123	103
33	6514	4521	4015	2626	2123	1206	671	421	297	193	127	108
34	6038	4395	3784	2909	2086	1187	668	412	279	188	127	104
35	6212	4214	3692	2800	2059	1180	707	439	280	204	133	105
36	6262	4324	3618	2758	2085	1362	738	440	288	195	140	112
37	6213	4482	4188	2907	2213	1280	740	459	330	210	142	111
38	6605	4452	3700	2661	2222	1329	757	454	326	191	147	116
39	6190	4413	4102	3024	2256	1284	783	488	338	215	132	113
40	6504	4347	3769	2708	2392	1323	800	478	328	223	142	122
41	5976	4359	4063	2807	2242	1321	759	469	332	219	152	115
42	5894	4464	3700	3007	2399	1369	798	504	327	228	154	130
43	6345	4462	3970	2914	2258	1335	796	522	330	224	150	116
44	6278	4746	3841	3117	2351	1404	819	501	359	232	164	140
45	6259	4344	3730	3357	2299	1387	818	525	354	246	163	132
46	6254	4265	3656	3047	2325	1389	847	537	371	230	173	138
47	6155	4393	3786	3331	2459	1408	840	542	369	225	154	127
48	5642	4718	3867	2977	2413	1348	836	518	375	250	174	137
49	6100	4340	4027	2944	2435	1453	886	543	381	250	175	118
50	5782	4381	3695	2991	2390	1422	865	550	397	243	174	142
51	5731	4423	3952	3054	2415	1463	856	568	392	260	166	139
52	6282	4585	4016	3186	2370	1467	881	560	368	262	183	144
53	5929	4233	3948	3061	2437	1505	915	562	393	263	189	147
54	6467	4185	3900	3318	2445	1512	912	591	406	261	180	158
55	6919	4136	4021	2995	2420	1415	965	586	440	261	177	151
56	6864	4244	4108	2933	2482	1435	935	593	426	295	198	160
57	6234	4209	3712	2785	2336	1483	918	575	405	285	184	155
58	6393	4187	4224	3748	2454	1479	965	615	417	265	192	144
59	6298	4275	4286	3767	2434	1477	955	622	406	259	190	162
60	5806	4310	4158	3801	2522	1466	925	607	423	288	184	155
61	6515	4077	4081	3349	2392	1483	958	616	419	272	198	165
62	5875	4099	3880	3268	2437	1539	933	614	449	279	199	163
63	6097	4810	4294	3441	2604	1538	960	611	434	299	210	162
64	6056	4311	4127	3320	2504	1526	952	622	439	297	201	167
65	5761	4504	4011	3313	2504	1497	934	626	462	289	207	174
66	6109	4469	4000	3501	2481	1403	982	617	440	269	217	172
67	6141	4476	4049	3341	2477	1486	949	637	439	301	216	161
68	6292	4692	3779	3598	2314	1574	997	643	433	304	223	167
69	6191	4968	4199	3599	2227	1505	978	641	435	306	205	174
70	6236	4552	4012	3189	2268	1501	1023	636	434	299	227	167
71	6443	5131	4137	3686	2431	1485	984	669	469	311	195	179
72	6184	3896	3954	3072	2388	1571	959	627	451	298	226	188
73	5851	4734	4104	2940	2408	1561	992	659	440	317	211	174
74	6627	4684	4118	3448	2350	1551	1022	684	470	300	227	184
75	6362	4283	4143	3798	2364	1566	981	656	453	313	217	174
76	6441	4119	4138	3080	2297	1569	1000	637	440	292	212	181
77	5957	4466	4270	3278	2365	1586	975	656	471	307	218	173
78	6201	4723	4065	3592	2418	1514	985	638	473	297	226	171
79	5792	4327	4172	3670	2434	1610	999	664	455	315	227	183
80	6000	4416	4022	3002	2402	1613	991	650	464	307	213	180
81	6098	4451	4372	3071	2553	1552	1014	675	460	318	224	186
82	6603	4631	4194	2968	2450	1676	1012	710	473	307	238	182
83	6521	3998	4229	3369	2406	1600	1016	663	487	300	227	177
84	6340	4460	4229	2991	2387	1601	1004	667	477	319	240	192
85	6449	4473	4397	3629	2437	1712	971	715	468	335	224	186
86	6586	4258	4222	3472	2493	1664	1018	661	465	303	225	184
87	6633	4588	4347	3797	2436	1641	973	698	464	311	252	189
88	6429	4247	4021	2966	2484	1583	1009	659	491	327	229	191
89	6149	4328	4112	3119	2534	1618	1012	697	466	319	230	191
90	5851	4475	4263	3073	2452	1595	979	698	465	320	220	189
91	5759	4548	4046	3797	2460	1649	1013	705	463	321	240	181
92	5602	4405	4292	3031	2430	1632	990	703	472	326	238	195
93	5760	4774	4212	2962	2489	1652	1024	687	491	325	233	184
94	5796	4445	4195	3370	2467	1619	1027	669	489	334	230	187
95	6245	4559	4344	3148	2560	1650	998	687	472	339	230	202
96	6207	4719	4421	2961	2481	1612	1040	681	493	311	243	190
97	5861	4823	4068	3452	2461	1681	1011	665	495	322	246	203
98	6049	4498	4141	3120	2530	1647	1017	713	500	349	236	200
99	5770	4022	4304	3923	2486	1625	1010	685	494	320	250	190
100	6497	4342	4353	3688	2577	1655	1018	696	493	333	231	207
101	6473	5024	4484	3296	2538	1707	1018	711	497	328	239	191
102	6065	4702	3980	3003	2545	1680	996	714	465	354	236	191
103	6555	5276	4091	3403	2503	1637	982	707	495	329	254	190
104	6483	4372	4117	3204	2574	1648	974	680	492	332	235	193
105	6008	4812	4320	3276	2561	1688	1043	720	523	349	244	196
106	5777	4271	3960	3064	2547	1714	1014	708	481	350	254	193
107	6533	4689	4253	3151	2582	1697	1052	700	487	345	245	202
108	6128	5456	4128	3107	2528	1760	1051	688	507	366	246	198
109	6304	4653	4029	3146	2594	1723	1036	696	508	331	249	200
110	5969	4621	4026	3180	2592	1670	1035	706	517	342	249	207
111	6294	4758	3883	3123	2615	1666	1069	686	499	331	261	203
112	6215	4738	3941	3229	2548	1673	1034	690	475	342	247	201
113	5893	5094	4005	3181	2619	1713	1046	710	501	339	252	200
114	6056	5177	3998	3127	2665	1679	1044	696	492	330	268	211
115	6287	4370	3904	3244	2556	1694	1025	714	480	350	244	201
116	6464	5320	4213	3317	2652	1736	1058	720	496	362	252	204
117	6128	4841	3915	3107	2550	1679	1044	680	526	356	253	205
118	5972	4965	4033	3150	2574	1745	1078	675	499	362	258	216
119	6054	5190	4000	3104	2536	1717	1061	714	507	341	262	202
120	6457	4839	3959	3192	2568	1726	1062	710	535	345	259	201
121	6334	4532	3862	3254	2514	1667	1059	696	510	346	240	209
122	6045	4309	3975	3175	2563	1750	1079	693	519	348	273	194
123	6128	5071	4148	3206	2613	1720	1074	745	533	365	269	204
124	6234	5319	4001	3194	2552	1755	1009	731	522	345	256	214
125	6279	4984	4202	3267	2606	1811	1070	726	506	333	245	210
126	5922	5200	3915	3194	2518	1763	1036	727	513	358	239	186
127	6302	4719	4023	3328	2543	1769	1061	736	522	340	259	202
128	6063	4802	3978	3508	2530	1768	1057	729	512	360	260	215
129	6395	4778	3974	3348	2558	1761	1049	710	556	356	261	215
130	6312	4923	3911	3259	2562	1767	1027	709	502	365	261	214
131	6260	4909	3920	3286	2588	1763	1093	748	509	365	266	209
132	6194	4546	3954	3294	2595	1765	1018	714	543	347	251	192
133	6400	4764	3954	3266	2624	1744	1051	739	507	356	251	211
134	6222	5264	4081	3446	2621	1762	1038	730	524	342	255	202
135	6147	4951	3960	3297	2632	1784	1103	727	541	360	246	209
136	6233	4641	3995	3224	2689	1788	1054	740	536	355	269	218
137	5825	4488	3999	3283	2507	1750	1071	730	520	353	259	220
138	6269	4552	3905	3153	2582	1694	1064	727	513	369	248	222
139	6030	4508	4014	3549	2610	1753	1071	749	520	392	248	209
140	6297	5186	3929	3142	2555	1730	1050	724	507	353	256	209
141	6538	4922	4148	3076	2635	1761	1070	745	517	353	266	209
142	6486	5288	4100	3146	2635	1755	1100	747	534	352	257	219
143	6291	5133	4179	3178	2625	1735	1059	754	524	349	271	202
144	6239	5177	4141	3346	2581	1773	1060	748	525	357	257	212
145	6321	4816	4017	3209	2551	1732	1057	737	507	349	261	227
146	6260	4535	4077	3079	2631	1755	1064	707	536	370	251	206
147	6384	4809	4001	3096	2653	1748	1087	716	525	358	275	205
148	6057	4861	4097	3234	2535	1772	1085	758	549	364	255	203
149	5869	5187	4183	3310	2576	1771	1061	730	523	340	275	225
150	6072	4833	4161	3243	2761	1791	1067	745	552	365	255	219
151	6029	4878	3970	3261	2578	1787	1075	726	544	350	269	216
152	5942	5097	4224	3117	2695	1744	1106	744	516	350	270	227
153	6563	5618	4010	3150	2666	1770	1132	732	526	367	257	224
154	5826	5277	4079	3115	2639	1740	1066	725	548	358	258	200
155	5975	4681	4232	3572	2608	1817	1113	751	539	366	272	211
156	6319	4875	4141	3208	2644	1834	1112	744	531	364	251	226
157	6475	4421	4317	3267	2631	1780	1132	728	543	357	272	214
158	5987	4850	4251	3365	2618	1833	1107	724	535	357	276	218
159	5792	4393	4117	3168	2632	1782	1091	755	543	366	267	228
160	6509	4366	4144	3310	2666	1810	1106	753	554	361	270	208
161	6088	4197	4014	3784	2581	1836	1110	720	538	372	258	210
162	6426	4891	4182	3311	2687	1871	1125	748	538	365	272	224
163	5931	5311	4322	3274	2657	1810	1131	775	533	375	282	211
164	6681	4583	4066	3224	2597	1810	1092	762	531	375	261	204
165	6214	4670	4192	3269	2604	1816	1125	760	534	371	276	214
166	6373	4794	4027	3300	2584	1817	1130	745	544	361	260	214
167	5901	5229	4147	3183	2717	1814	1132	765	551	365	276	227
168	6791	5010	4490	3275	2686	1831	1139	734	539	338	260	219
169	6327	5210	4117	3340	2633	1819	1115	766	557	358	280	234
170	6212	4700	4163	3152	2697	1814	1123	770	544	367	257	218
171	5799	4543	4037	3876	2561	1833	1130	721	547	344	269	219
172	6073	4996	4127	3329	2621	1848	1114	758	563	362	268	214
173	5858	4487	4390	4015	2581	1790	1123	750	556	345	258	219
174	6079	4810	4061	3372	2663	1808	1133	725	556	363	260	220
175	6015	5136	4139	3548	2628	1793	1114	764	560	355	270	221
176	6036	5198	4134	3437	2610	1831	1133	742	548	367	261	230
177	6124	5093	4124	4019	2675	1814	1129	766	553	377	272	219
178	6578	4719	4371	4094	2665	1846	1153	784	576	376	271	231
179	6362	5032	4151	3352	2773	1901	1152	749	556	379	270	215
180	6460	4811	4354	3907	2692	1813	1122	765	551	365	279	225
181	6401	4818	4165	3827	2619	1867	1185	785	546	373	281	227
182	6520	5088	4228	3571	2697	1875	1179	758	522	365	260	212
183	6299	4959	4336	3222	2642	1861	1128	768	560	359	277	223
184	6273	4613	4236	3177	2716	1830	1155	778	550	375	263	214
185	5909	4414	4182	3109	2644	1854	1143	762	544	369	268	211
186	6141	4581	4152	3127	2604	1775	1126	752	553	366	263	214
187	6379	4773	4193	3067	2714	1856	1156	747	556	371	264	210
188	6410	4969	4167	3042	2647	1816	1169	769	547	372	275	217
189	6668	4746	4323	3055	2677	1843	1161	769	550	362	257	220
190	6042	4984	4402	3189	2705	1871	1170	794	557	358	265	217
191	6208	4296	4238	3122	2699	1838	1163	781	568	367	279	224
192	6237	4767	4348	3130	2656	1873	1192	769	542	347	250	208
193	6434	4130	4233	3098	2698	1826	1118	809	537	370	276	224
194	6487	4977	4148	3137	2734	1864	1185	784	561	380	273	220
195	6212	4483	4148	3098	2773	1838	1151	773	545	384	264	235
196	5866	4823	4108	3085	2698	1809	1172	750	565	372	263	235
197	5995	5295	4070	3088	2627	1895	1153	752	563	370	274	223
198	6270	4448	4143	3186	2669	1826	1184	798	565	349	278	225
199	5995	4283	4209	3190	2626	1871	1185	796	556	372	266	228
200	5905	4758	4235	3152	2650	1835	1180	777	554	341	276	220
201	6143	4582	4178	3132	2706	1833	1166	778	569	358	265	218
202	6230	4815	4144	3186	2679	1835	1170	746	542	386	268	223
203	6292	4830	4382	3194	2709	1863	1185	806	546	378	296	232
204	6609	4913	4445	3263	2765	1842	1181	791	531	350	276	229
205	5962	4440	4165	3179	2581	1807	1183	806	573	371	278	214
206	6523	4658	4256	3262	2685	1855	1187	782	578	366	278	217
207	6494	4868	4087	3198	2656	1876	1164	798	550	365	270	207
208	6088	4572	4238	3218	2688	1870	1178	774	552	374	272	221
209	6474	4255	4163	3224	2697	1839	1181	768	562	361	268	222
210	6268	4618	4093	3177	2639	1854	1151	782	577	364	286	223
211	6377	4671	4151	3149	2683	1850	1172	786	567	363	283	216
212	6466	5087	4199	3186	2727	1844	1175	789	565	366	282	225
213	6164	4729	4062	3249	2617	1846	1169	792	557	371	284	220
214	6183	4655	4147	3223	2638	1830	1164	768	570	368	276	204
215	6428	4819	4309	3313	2664	1863	1187	784	565	371	276	222
216	6342	4361	4223	3177	2669	1809	1190	800	567	374	268	210
217	6210	4772	4164	3165	2693	1850	1179	775	561	377	277	227
218	6259	4856	4170	3308	2701	1905	1178	792	574	381	269	227
219	6129	4418	4129	3239	2716	1849	1181	806	569	374	297	222
220	6307	4573	4021	3295	2660	1819	1191	795	567	367	284	218
221	6563	4980	4224	3294	2742	1864	1196	776	558	374	296	220
222	6353	4799	4098	3285	2668	1839	1171	782	555	344	279	218
223	6147	4626	4066	3242	2708	1841	1176	831	566	360	272	232
224	6300	4862	4107	3277	2689	1806	1186	769	578	367	286	223
225	6370	4735	4244	3272	2704	1887	1188	766	546	358	273	230
226	6250	4605	4213	3240	2706	1828	1196	780	566	374	289	222
227	6352	4292	4205	3270	2792	1917	1202	782	566	382	276	232
228	6615	4714	4246	3320	2789	1883	1215	820	553	351	272	223
229	6705	4718	4040	3205	2716	1886	1202	817	563	368	284	218
230	6283	4861	4134	3232	2653	1845	1226	802	567	362	287	222
231	6166	4608	4151	3267	2665	1867	1177	823	571	368	280	219
232	5789	4440	4159	3333	2689	1910	1268	803	558	370	284	219
233	6288	4792	4075	3287	2665	1898	1198	812	550	367	278	228
234	6083	4255	4071	3274	2696	1851	1188	766	578	364	268	226
235	6328	4906	4300	3405	2721	1955	1233	788	574	367	280	231
236	6559	4484	4231	3321	2698	1883	1211	786	564	373	289	225
237	6399	4615	4254	3302	2716	1896	1178	828	581	382	291	226
238	6418	4737	4062	3248	2670	1827	1219	798	567	355	291	224
239	6283	4952	4201	3358	2826	1916	1248	813	551	380	280	227
240	6453	4397	4131	3313	2686	1850	1220	800	564	367	284	226
241	6640	4764	4077	3306	2692	1822	1202	814	573	399	283	221
242	6148	4372	4097	3381	2644	1879	1190	809	564	355	266	219
243	6629	4925	4229	3300	2638	1880	1195	819	574	377	291	209
244	6079	4369	4160	3171	2660	1852	1211	820	577	360	263	220
245	6344	4659	4098	3312	2704	1854	1238	819	584	387	285	226
246	6629	4878	4069	3242	2695	1896	1210	789	560	382	292	225
247	6257	4595	4323	3264	2673	1902	1198	796	576	373	276	220
248	5936	4660	4200	3250	2696	1865	1208	803	560	354	289	224
249	6383	4503	4294	3399	2768	1857	1242	818	581	395	307	236
250	6296	4802	4124	3372	2657	1879	1244	810	576	378	280	232
251	6168	4515	4173	3278	2719	1864	1174	828	546	371	295	224
252	6490	4437	4253	3830	2616	1858	1191	806	584	376	272	214
253	5991	4762	4241	3193	2619	1826	1210	831	569	393	286	218
254	6275	4650	4263	3315	2750	1851	1230	858	549	382	287	216
255	6227	4631	4248	3434	2687	1846	1213	808	563	375	285	216
256	6487	4468	4136	3222	2657	1864	1229	828	562	361	277	229
257	6363	4459	4264	3277	2687	1904	1204	824	561	371	282	234
258	6737	4446	4291	3280	2679	1861	1239	808	546	366	269	219
259	6005	4318	4232	3375	2679	1889	1233	829	564	378	276	218
260	6321	4440	4255	3411	2653	1881	1207	846	557	392	269	222
261	6111	4242	4122	3227	2684	1854	1204	841	570	374	295	245
262	6195	4582	4143	3381	2710	1980	1248	875	574	384	288	229
263	5949	4310	4185	3315	2708	1865	1206	817	563	378	297	218
264	6096	4373	4153	3279	2664	1827	1214	821	562	372	276	230
265	6424	4246	4093	3932	2684	1902	1217	837	565	367	285	221
266	6373	4255	4217	3260	2628	1891	1194	816	578	367	272	232
267	6154	4513	4166	3247	2698	1926	1235	862	571	381	282	227
268	6521	4290	4149	3261	2659	1856	1213	826	561	383	297	247
269	6546	4295	4196	3622	2715	1927	1205	818	571	378	284	232
270	6325	4557	4247	3301	2758	1915	1273	829	595	376	306	244
271	6445	4286	4099	3296	2626	1900	1216	828	568	390	294	226
272	6462	4371	4126	3319	2611	1884	1235	848	571	389	297	225
273	6362	4184	4201	3273	2729	1873	1188	838	546	371	284	237
274	6264	4394	4245	3442	2768	1941	1215	858	567	383	290	225
275	6122	4274	4154	3248	2659	1911	1201	858	559	375	308	229
276	6298	4580	4295	3327	2740	1931	1232	866	614	390	294	230
277	6396	4396	4186	3172	2670	1888	1240	822	594	385	288	228
278	5981	4495	4306	3286	2669	1919	1222	844	571	384	291	220
279	6493	4433	4170	3307	2760	1890	1247	822	579	389	312	238
280	6023	4528	4248	3184	2715	1944	1250	855	597	390	290	225
281	6330	4371	4184	3205	2710	1944	1229	832	555	392	288	235
282	6250	4601	4222	3193	2711	1862	1221	826	580	371	295	214
283	6171	4458	4217	3254	2720	1894	1255	840	559	383	286	227
284	6211	4522	4189	3253	2652	1861	1198	831	567	383	282	230
285	5822	4387	4149	3226	2663	1859	1236	837	580	387	309	221
286	6218	4347	4193	3184	2682	1898	1224	866	556	400	284	217
287	5964	4245	4247	3177	2648	1886	1245	884	614	369	283	219
288	6080	4316	4087	3229	2594	1881	1229	824	571	375	292	234
289	6080	4323	4180	3153	2728	1892	1248	841	596	384	303	220
290	6567	4403	4222	3345	2670	1923	1261	880	566	389	295	230
291	6498	4540	4349	3221	2743	1873	1236	875	605	385	303	219
292	6375	4401	4126	3105	2635	1956	1248	847	569	363	275	232
293	6341	4370	4232	3728	2664	1964	1255	877	605	398	287	239
294	6383	4370	4195	3593	2680	1900	1221	819	566	386	287	243
295	6450	4167	4149	3181	2673	1874	1243	863	596	371	299	232
296	6393	4250	4136	3249	2658	1937	1241	861	597	381	288	236
297	6386	4333	4201	3187	2708	1921	1261	837	578	375	316	223
298	6463	4398	4198	3246	2721	1922	1286	851	611	383	304	236
299	5982	4411	4179	3651	2662	1930	1235	886	581	370	301	231
300	6374	4234	4221	3535	2640	1920	1228	851	575	366	276	229
301	6678	4378	4214	3261	2692	1894	1231	863	567	391	300	233
302	6389	4320	4264	3179	2696	1930	1244	850	610	381	291	223
303	6288	4510	4201	3240	2695	1859	1223	834	567	382	300	236
304	6169	4411	4161	3493	2712	1835	1230	842	565	357	282	241
305	6175	4425	4155	3222	2606	1883	1267	876	553	367	293	237
306	6307	4332	4139	3397	2694	1914	1278	844	562	382	292	240
307	6150	4467	4279	3231	2682	1895	1248	824	606	389	306	230
308	6104	4581	4244	3142	2633	1882	1265	847	573	371	283	233
309	6064	4441	4127	3326	2587	1877	1232	821	569	361	290	229
310	6063	4465	4252	3250	2589	1860	1265	848	575	377	286	235
311	6263	4326	4275	3387	2580	1847	1224	848	579	385	309	229
312	6164	4460	4258	3253	2675	1906	1253	872	598	389	288	240
313	6160	4233	4232	3265	2675	1877	1276	874	589	404	280	227
314	6039	4656	4479	3225	2661	1870	1259	848	583	393	289	230
315	6277	4995	4207	3204	2647	1850	1237	861	598	400	300	236
316	6336	4674	4147	3770	2618	1880	1213	866	605	385	291	240
317	6129	4492	4218	3362	2595	1872	1238	824	589	382	296	231
318	6068	4907	4337	3237	2665	1849	1212	868	599	388	290	228
319	6551	4787	4310	3239	2698	1895	1247	818	565	364	285	238
320	6222	5217	4257	3472	2650	1842	1258	850	573	412	285	239
321	6213	4953	4312	3286	2629	1891	1253	866	594	375	315	235
322	6168	5056	4188	3696	2771	1860	1263	834	579	380	296	232
323	5983	4799	4195	3459	2680	1838	1233	860	584	392	308	238
324	6145	5000	4188	3237	2699	1882	1229	850	586	415	306	237
325	5957	4459	4152	3253	2626	1898	1234	828	583	396	293	225
326	6131	4722	4229	3397	2658	1877	1199	853	566	390	302	234
327	6101	5006	4270	3323	2638	1845	1223	839	591	385	298	228
328	6319	4535	4154	3255	2653	1894	1217	858	595	378	302	238
329	5946	5124	4230	3678	2624	1842	1274	860	587	399	297	240
330	5980	5577	4250	3556	2625	1853	1279	841	580	387	304	241
331	5941	5610	4218	3249	2690	1927	1202	832	550	386	286	228
332	6046	4608	4179	3231	2650	1876	1259	872	582	372	286	247
333	6123	4522	4236	3257	2669	1879	1247	882	583	408	310	227
334	6391	4790	4171	3191	2688	1870	1252	845	586	400	295	241
335	5933	5059	4233	3302	2688	1889	1233	852	587	395	270	237
336	6023	5261	4277	3766	2583	1907	1245	818	574	388	308	239
337	6224	5087	4228	3250	2633	1897	1262	860	579	387	295	228
338	6310	4861	4236	3241	2681	1890	1238	843	592	391	298	243
339	6037	4816	4242	3289	2712	1880	1278	870	580	412	290	229
340	6285	5039	4252	3666	2677	1927	1259	875	591	388	305	240
341	6272	5609	4346	3244	2622	1907	1288	853	606	383	317	232
342	6302	5064	4296	3177	2646	1906	1248	889	603	381	287	234
343	6385	4262	4226	3233	2731	1913	1286	863	578	395	287	223
344	6324	4777	4226	3276	2667	1930	1266	875	577	381	289	236
345	6148	4437	4263	3231	2667	1869	1247	860	580	385	298	243
346	6117	4252	4239	3247	2614	1870	1255	845	575	383	288	234
347	5870	4403	4174	3243	2701	1892	1237	878	584	375	294	232
348	6462	4753	4161	3327	2649	1891	1266	850	574	386	294	231
349	6047	4170	4163	3224	2686	1843	1267	863	571	399	292	241
350	6200	4296	4214	3223	2731	1887	1242	871	583	399	319	234
351	6318	4718	4235	3194	2644	1877	1243	861	606	372	310	232
352	6147	4200	4209	3263	2663	1918	1286	878	589	389	290	234
353	6381	4229	4273	3270	2675	1969	1243	885	587	409	302	227
354	6188	4136	4252	3245	2650	1901	1307	902	588	390	295	222
355	5773	4089	4294	3266	2689	1906	1279	856	600	412	304	229
356	5966	4234	4215	3288	2612	1877	1276	866	568	404	299	224
357	6288	4350	4235	3264	2689	1901	1285	876	614	382	304	240
358	6242	4210	4278	3262	2719	1887	1265	879	556	392	312	238
359	6705	4024	4145	3310	2671	1921	1260	880	582	380	318	226
360	6581	4284	4210	3279	2645	1888	1271	877	581	390	315	228
361	6584	4143	4184	3286	2661	1906	1259	843	584	389	292	235
362	6376	4389	4197	3238	2661	1963	1256	860	612	410	315	237
363	6060	4702	4229	3171	2722	1901	1265	904	630	368	317	223
364	6155	4430	4259	3377	2663	1891	1262	903	583	394	311	231
365	6276	4218	4166	3331	2721	1867	1264	891	589	406	315	234
366	6652	4216	4232	3454	2790	1941	1299	907	606	414	296	240
367	6469	4333	4189	3312	2609	1876	1248	872	563	403	302	229
368	6440	4386	4269	3353	2657	1920	1312	862	620	396	313	235
369	6486	4158	4266	3283	2725	1910	1286	882	585	396	293	231
370	6295	4469	4220	3327	2704	1919	1291	915	591	413	316	251
371	6173	4472	4293	3376	2680	1955	1270	904	607	383	304	241
372	6250	4468	4285	3369	2736	1904	1255	880	581	396	289	237
373	6511	4175	4219	3337	2710	1928	1246	856	588	373	319	241
374	6485	4226	4264	3362	2641	1988	1264	877	597	396	314	246
375	6050	5151	4237	3593	2708	1919	1266	887	585	399	311	242
376	6501	5178	4174	3220	2696	1943	1249	874	591	406	308	239
377	6400	5130	4356	3548	2634	1920	1242	909	604	410	312	239
378	6113	4636	4248	3432	2649	1913	1272	892	583	401	312	251
379	6737	4686	4207	3281	2678	1960	1292	901	589	410	315	240
380	6200	4941	4279	3350	2663	1917	1259	886	598	397	301	252
381	6575	4815	4247	3405	2593	1916	1290	905	599	397	314	244
382	6266	4923	4308	3267	2733	1924	1254	889	576	403	296	236
383	6092	4771	4188	3338	2650	1942	1280	874	596	385	320	236
384	6398	5136	4238	3449	2689	1949	1234	897	604	412	308	224
385	6154	5056	4249	3431	2705	1874	1250	867	605	386	317	237
386	6311	5010	4230	3291	2680	1941	1249	899	603	415	302	232
387	6325	4670	4180	3433	2708	1861	1249	885	579	400	308	234
388	5804	5482	4172	3349	2700	1866	1242	880	616	422	297	248
389	6258	4919	4224	3285	2631	1921	1227	870	601	388	306	242
390	6253	4612	4333	3430	2728	1912	1275	888	601	430	324	230
391	5934	4843	4299	3368	2689	1885	1264	896	595	390	304	236
392	6044	5057	4197	3284	2656	1884	1264	870	609	411	315	228
393	6343	5212	4177	3369	2676	1886	1250	862	601	402	296	245
394	5948	4520	4197	3356	2753	1933	1231	890	569	416	295	231
395	6402	4792	4137	3644	2647	1922	1251	853	587	409	306	234
396	6108	5117	4149	3261	2631	1898	1236	871	614	409	302	242
397	6125	4646	4223	3371	2638	1864	1245	874	596	398	319	246
398	6309	4438	4164	3327	2713	1911	1221	855	598	405	307	233
399	6449	4701	4209	3431	2678	1927	1254	898	610	417	308	249
400	6149	4780	4308	3457	2669	1866	1273	874	612	399	297	240
401	6250	5272	4261	3313	2657	1898	1260	872	630	409	312	238
402	6141	5040	4330	3357	2693	1890	1261	899	598	404	316	247
403	6148	4827	4228	3394	2711	1874	1271	865	606	408	307	231
404	6676	4705	4186	3405	2728	1852	1291	866	593	411	312	235
405	6293	4962	4295	3333	2673	1857	1265	867	585	407	313	225
406	6014	4548	4191	3412	2628	1878	1240	888	597	398	306	250
407	6647	4629	4203	3385	2762	1907	1237	872	600	397	325	225
408	6055	4767	4294	3331	2668	1907	1265	852	603	400	309	247
409	6215	4495	4258	3438	2663	1883	1265	898	603	406	314	250
410	6297	4489	4144	3359	2686	1889	1296	862	598	396	301	229
411	6323	4426	4200	3280	2728	1875	1265	867	571	402	296	249
412	6089	4965	4356	3286	2747	1886	1294	905	605	406	306	245
413	6226	4911	4275	3380	2678	1890	1269	899	588	410	307	237
414	6266	4938	4194	3376	2674	1910	1246	853	613	401	319	241
415	6295	4805	4258	3285	2754	1935	1287	895	626	410	297	255
416	6266	5411	4213	3238	2676	1881	1271	884	629	413	306	242
417	6189	5804	4264	3347	2670	1920	1258	888	603	401	320	243
418	6241	4965	4219	3299	2675	1941	1301	867	607	413	329	245
419	6184	4716	4240	3608	2673	1882	1252	864	593	417	320	244
420	5951	5353	4332	3403	2695	1872	1254	883	574	397	307	243
421	6264	4496	4371	3369	2676	1918	1254	881	615	432	312	247
422	6327	4697	4331	3335	2669	1905	1250	856	599	401	316	234
423	6406	4003	4260	3300	2652	1863	1259	856	636	392	315	244
424	6068	4764	4223	3567	2767	1892	1260	875	613	406	319	242
425	6326	4444	4252	3354	2698	1881	1242	866	602	377	309	248
426	6373	4100	4269	3361	2658	1929	1307	923	629	418	317	245
427	6039	4374	4314	3293	2734	1943	1247	898	621	409	323	256
428	6217	4307	4266	3272	2742	1932	1263	874	595	401	308	246
429	6263	4324	4267	3341	2683	1892	1315	906	592	396	300	230
430	6174	4030	4335	3328	2676	1943	1248	879	605	423	305	251
431	5920	4321	4237	3301	2650	1870	1285	894	610	410	305	242
432	6357	4412	4315	3308	2606	1917	1281	857	602	416	308	265
433	6050	4275	4314	3400	2732	1979	1225	882	602	397	314	238
434	6410	4273	4264	3469	2699	1885	1252	876	568	398	309	246
435	6315	4295	4204	3345	2593	1909	1298	894	609	390	310	234
436	6283	4269	4249	3330	2622	1909	1271	872	606	411	312	247
437	5952	4057	4285	3494	2788	1956	1292	889	608	411	331	260
438	6141	4372	4143	3266	2671	1927	1290	875	607	410	326	256
439	6389	4688	4359	3377	2697	1944	1293	893	601	430	322	240
440	6423	5002	4254	3323	2657	1910	1268	864	604	391	321	251
441	6324	4971	4288	3309	2667	1910	1266	881	601	396	328	270
442	6174	4091	4194	3497	2668	1954	1266	889	591	400	326	249
443	6216	4266	4216	3313	2681	1901	1292	870	576	410	301	246
444	6052	4077	4325	3329	2788	1898	1320	875	609	412	328	252
445	6038	4375	4301	3276	2679	1888	1268	874	594	433	309	251
446	6064	4069	4280	3350	2692	1865	1305	879	601	418	336	237
447	6308	4094	4233	3434	2607	1929	1313	891	617	391	309	247
448	6545	4498	4236	3264	2660	1981	1307	877	604	408	317	238
449	6526	4218	4218	3465	2717	1911	1295	897	606	405	327	242
450	6450	4174	4218	3483	2733	1946	1283	858	595	421	297	245
451	6117	4148	4187	3346	2647	1939	1256	865	633	419	298	245
452	6015	4102	4310	3279	2674	1896	1294	885	605	411	337	241
453	6321	4139	4294	3391	2667	1949	1293	896	626	408	310	242
454	6558	4467	4471	3517	2731	1952	1283	931	616	429	327	252
455	6217	4868	4271	3404	2701	1995	1267	882	621	421	323	236
456	6565	4483	4171	3319	2718	1914	1235	867	618	415	313	243
457	6125	4365	4236	3354	2666	1888	1290	908	592	395	314	236
458	6370	4494	4320	3363	2696	1918	1315	869	609	405	328	239
459	6390	4289	4263	3348	2781	1927	1285	867	617	421	304	252
460	6324	4269	4373	3599	2746	1878	1270	922	608	427	317	256
461	6320	4397	4252	3443	2694	1935	1254	877	611	427	328	242
462	6044	4233	4342	3400	2686	1900	1263	893	585	421	328	246
463	6249	4232	4279	3302	2703	1901	1278	894	592	432	323	245
464	6220	4148	4240	3331	2682	1912	1290	893	587	423	310	242
465	6524	4387	4308	3285	2653	1942	1264	891	608	405	321	251
466	6693	4199	4307	3419	2768	1905	1298	901	587	410	323	260
467	6332	4349	4312	3440	2764	1959	1292	896	608	429	333	239
468	6196	4402	4297	3354	2709	1935	1289	913	620	415	307	252
469	6650	4464	4217	3280	2685	1890	1303	885	613	393	301	256
470	6532	4357	4304	3475	2737	1965	1315	878	628	411	311	255
471	6428	4276	4357	3355	2723	1949	1251	874	624	419	325	248
472	6635	4764	4375	3433	2724	1932	1285	898	607	416	324	244
473	6273	4274	4334	3295	2779	1934	1281	884	596	415	341	246
474	6514	4350	4298	3430	2714	1942	1274	877	610	432	319	227
475	6327	4458	4209	3497	2732	1924	1285	892	635	425	308	251
476	5940	4473	4215	3315	2680	1953	1319	922	648	432	333	246
477	6370	4262	4269	3452	2702	1997	1293	926	627	429	316	246
478	6608	4344	4366	3480	2719	2003	1306	920	622	419	328	255
479	6167	4286	4160	3404	2660	1941	1294	871	633	427	311	234
480	6489	4422	4328	3403	2742	1972	1312	885	624	399	322	245
481	5990	4330	4347	3398	2735	1991	1269	867	601	410	317	251
482	6068	4451	4184	3386	2693	1931	1290	899	629	410	332	244
483	6044	4332	4303	3536	2665	1915	1312	918	605	421	336	239
484	6002	4141	4480	3536	2745	1948	1316	894	620	428	334	255
485	6206	4614	4305	3502	2668	1901	1303	876	612	412	356	249
486	6203	4653	4322	3312	2724	1913	1261	901	624	403	325	246
487	6456	4079	4242	3372	2748	1931	1320	896	593	423	320	245
488	6219	4424	4200	3459	2676	1912	1275	893	623	427	329	256
489	6266	4333	4273	3309	2746	1885	1286	911	608	417	308	239
490	6426	4800	4349	3540	2739	1974	1272	887	621	412	326	230
491	6159	4528	4293	3355	2653	1935	1284	892	622	414	330	243
492	6129	4334	4337	3595	2629	1897	1283	864	613	408	317	248
493	6190	4389	4373	3354	2714	1924	1298	895	598	415	323	233
494	6223	4451	4256	3281	2688	1912	1280	903	599	415	317	247
495	6326	4359	4197	3295	2706	1896	1309	887	604	443	313	241
496	6257	4487	4388	3411	2757	1946	1277	889	608	432	312	247
497	6695	4368	4276	3377	2737	1912	1267	896	607	429	336	232
498	6579	4413	4250	3344	2776	1908	1292	912	647	445	321	251
499	6357	4112	4238	3312	2790	1926	1299	896	636	441	321	244
500	6076	4408	4282	3640	2730	1920	1295	904	627	427	315	245
501	6421	4358	4373	3442	2728	1908	1282	900	613	421	318	253
502	5989	4018	4300	3424	2753	1967	1312	893	609	426	329	251
503	6380	4474	4365	3439	2698	1985	1284	894	618	414	344	244
504	6054	4478	4383	3371	2750	1946	1291	896	634	412	314	243
505	6483	4509	4312	3405	2701	1897	1280	926	605	407	329	250
506	6476	4251	4368	3404	2759	1982	1319	915	624	432	316	257
507	6624	4614	4325	3499	2711	1973	1317	901	615	428	318	246
508	6115	4235	4359	3342	2752	1960	1262	925	599	413	308	246
509	6594	4376	4359	3342	2675	1970	1312	911	608	424	323	265
510	6267	4457	4285	3457	2709	1932	1321	875	625	411	315	233
511	6172	4226	4324	3445	2734	1927	1321	905	624	437	322	248
512	6440	4168	4305	3425	2752	1976	1300	900	606	419	322	259
513	6630	4480	4300	3395	2741	1927	1330	909	648	409	310	266
514	6424	4368	4365	3480	2742	1902	1300	918	619	440	338	249
515	6430	4601	4390	3383	2747	1972	1316	902	618	417	325	253
516	6368	4269	4297	3526	2768	1981	1296	901	608	428	321	244
517	6269	4535	4285	3392	2717	1934	1286	899	607	410	331	250
518	6555	4629	4249	3319	2761	1928	1286	911	607	421	340	255
519	6693	4372	4314	3335	2715	1977	1295	898	608	445	330	264
520	6592	4553	4277	3472	2722	1925	1294	910	601	452	305	255
521	6098	4358	4294	3326	2683	1935	1319	886	617	420	325	256
522	6554	4474	4304	3384	2733	1960	1328	913	646	424	335	250
523	5940	4407	4191	3391	2768	1944	1295	920	642	419	318	235
524	6079	4195	4399	3420	2775	1942	1297	918	628	440	325	244
525	6247	4270	4269	3377	2646	1928	1292	942	616	410	339	267
526	6589	4531	4302	3484	2752	1934	1297	903	593	404	303	263
527	6232	4832	4398	3387	2701	1948	1261	893	645	431	322	249
528	6273	4283	4270	3405	2725	1925	1314	922	632	412	337	239
529	6272	4397	4358	3378	2708	1940	1298	892	616	444	331	242
530	6335	4362	4391	3370	2650	1929	1310	918	643	409	319	241
531	6307	4390	4191	3374	2746	1895	1297	918	629	427	352	260
532	6304	4089	4284	3342	2714	1991	1304	951	629	415	322	272
533	6161	3988	4251	3416	2729	1870	1289	926	610	434	315	249
534	5937	4152	4402	3359	2692	1961	1302	884	635	423	330	249
535	6467	4156	4322	3510	2760	1965	1280	925	624	431	329	258
536	6220	4308	4237	3375	2623	1945	1298	905	628	425	339	249
537	6196	4474	4251	3330	2707	1929	1302	917	639	436	326	265
538	6479	4081	4371	3428	2741	1897	1297	917	624	422	325	260
539	6394	4314	4367	3540	2655	1926	1303	914	623	422	337	261
540	6568	4724	4321	3440	2812	1984	1321	931	651	449	331	247
541	6206	4088	4337	3405	2888	1992	1322	950	623	424	339	255
542	6612	4534	4352	3467	2784	1964	1307	929	663	433	353	261
543	6403	4527	4306	3379	2688	1936	1266	921	624	446	335	271
544	6195	4302	4349	3400	2735	1969	1322	924	653	449	332	257
545	6273	4397	4351	3480	2670	1918	1310	911	637	409	330	250
546	6357	4538	4309	3290	2739	1909	1317	915	624	432	316	251
547	6557	4556	4303	3340	2687	1985	1315	913	628	436	330	254
548	6666	4374	4291	3448	2775	1939	1319	898	617	427	332	257
549	6373	4263	4183	3353	2698	1926	1298	911	614	421	349	265
550	6483	4474	4257	3477	2803	1939	1313	932	625	414	320	250
551	6386	4470	4209	3344	2776	1960	1314	928	645	435	326	244
552	6753	4416	4264	3384	2707	1984	1303	901	613	436	317	249
553	6426	4561	4212	3553	2743	1958	1332	917	639	435	338	251
554	6287	4646	4301	3384	2706	1969	1298	906	604	415	338	252
555	6432	4404	4325	3488	2755	1979	1315	920	637	426	336	255
556	6434	4331	4367	3524	2763	1992	1383	921	601	440	338	254
557	6449	4372	4228	3517	2707	1941	1324	955	623	435	338	254
558	6776	4631	4390	3467	2836	2025	1355	933	641	430	338	256
559	6516	4649	4325	3327	2729	1992	1315	920	639	426	339	257
560	6183	4340	4250	3387	2757	1975	1320	921	629	414	331	259
561	6278	4712	4185	3357	2759	1973	1324	923	609	427	327	244
562	6143	4315	4190	3426	2747	1947	1334	944	634	423	330	244
563	6498	4420	4352	3399	2771	1960	1288	904	647	422	332	250
564	6569	4219	4300	3411	2743	1977	1287	921	636	442	320	249
565	6691	4356	4243	3294	2664	1982	1321	949	655	429	320	247
566	6679	4374	4304	3365	2794	1938	1337	912	628	415	329	262
567	6222	4293	4311	3506	2759	1972	1330	901	650	427	316	232
568	6717	4616	4352	3456	2805	1994	1335	928	644	452	331	258
569	6707	4445	4316	3366	2739	1979	1357	890	628	434	332	253
570	6346	4330	4311	3603	2736	1965	1316	932	606	414	350	262
571	6546	4368	4237	3314	2714	1972	1313	907	632	433	344	268
572	6326	4641	4182	3433	2738	1921	1316	883	646	434	328	254
573	6221	4406	4296	3500	2722	1939	1293	906	635	428	330	251
574	6288	4548	4286	3463	2722	1936	1309	946	645	426	337	252
575	6372	4723	4320	3399	2765	1948	1352	954	633	420	347	255
576	6238	4424	4318	3456	2772	1972	1310	930	640	433	328	237
577	6235	4344	4267	3389	2685	1951	1314	913	650	449	327	259
578	6264	4397	4275	3388	2701	1957	1322	883	627	432	328	250
579	6336	4506	4349	3416	2765	2029	1352	950	627	446	335	256
580	6398	4260	4291	3403	2801	1944	1283	890	630	441	327	266
581	6407	4489	4308	3402	2800	1943	1283	911	638	432	329	249
582	6558	4489	4447	3408	2805	1963	1356	948	655	430	366	257
583	6256	4589	4216	3394	2722	1958	1320	958	635	438	320	274
584	6289	4316	4363	3421	2717	1993	1317	932	620	450	341	277
585	6204	4366	4312	3389	2812	1943	1317	934	628	439	321	279
586	6101	4368	4237	3376	2807	1976	1294	933	661	433	323	266
587	6636	4690	4288	3411	2753	2008	1327	939	660	437	336	268
588	6564	4580	4254	3325	2809	1961	1337	914	646	443	314	249
589	6365	4631	4239	3429	2749	1979	1289	915	643	445	315	258
590	6716	4335	4296	3488	2709	1967	1335	913	655	431	343	255
591	6655	4319	4307	3528	2790	2018	1349	939	648	445	336	258
592	6571	4696	4263	3505	2776	1959	1300	922	632	431	329	269
593	6327	4262	4467	3389	2759	1990	1335	925	632	442	342	257
594	6623	4127	4355	3334	2772	1972	1300	938	643	425	351	239
595	5971	4431	4258	3487	2720	1972	1326	917	621	418	318	246
596	6054	4459	4294	3470	2719	1970	1324	912	607	435	330	263
597	5997	4545	4306	3463	2747	1954	1292	916	655	439	336	254
598	6605	4426	4191	3382	2719	1986	1296	953	636	419	330	261
599	6534	4592	4356	3369	2780	1954	1348	927	644	442	324	253
600	6043	4536	4256	3415	2766	1963	1344	906	628	450	309	264
601	6535	4289	4394	3387	2736	2042	1334	961	650	454	350	259
602	6389	4467	4313	3367	2712	1986	1302	934	628	419	320	269
603	6242	4511	4379	3363	2780	2012	1289	950	628	417	329	273
604	6343	4158	4310	3360	2751	1953	1342	924	650	445	349	273
605	6324	4346	4390	3519	2761	2013	1362	965	657	431	348	266
606	6051	4430	4306	3395	2731	1988	1326	927	639	442	333	254
607	6080	4238	4252	3601	2743	1976	1304	932	652	425	345	260
608	6065	4260	4296	3534	2768	1994	1282	921	631	410	324	243
609	6473	4268	4508	3436	2788	1956	1349	971	640	434	336	273
610	6385	4191	4275	3402	2787	1983	1294	968	625	432	319	254
611	6292	4394	4342	3363	2674	1977	1336	905	664	431	334	273
612	6569	4333	4334	3434	2810	2034	1322	951	682	434	345	264
613	6628	4127	4184	3402	2715	1975	1322	949	648	431	368	256
614	6201	4355	4306	3506	2732	1935	1320	933	638	434	322	260
615	6429	4291	4283	3421	2691	1966	1328	928	651	429	323	272
616	6275	4393	4282	3507	2736	1972	1349	921	636	448	346	261
617	6166	4272	4284	3439	2737	1993	1327	947	646	418	345	273
618	6406	4348	4266	3438	2761	1998	1318	965	645	451	330	260
619	6764	4396	4411	3475	2854	2015	1317	963	654	440	332	266
620	6745	4450	4351	3473	2743	1963	1367	927	669	439	335	266
621	6016	4262	4454	3416	2741	1974	1348	932	646	428	323	256
622	5962	4351	4308	3356	2811	1980	1317	933	630	438	342	249
623	6191	4490	4346	3506	2747	1995	1300	942	672	455	317	253
624	6251	4539	4313	3489	2741	1935	1327	951	674	461	345	264
625	6461	4191	4297	3401	2725	1955	1370	936	671	446	332	267
626	6693	4260	4287	3538	2726	1948	1313	942	639	436	346	256
627	6545	4838	4498	3479	2854	2029	1382	900	687	442	352	272
628	6183	4340	4314	3458	2786	1932	1358	947	631	449	342	238
629	6353	4234	4325	3416	2744	2002	1309	939	657	443	334	259
630	5941	4443	4353	3408	2752	1973	1333	947	657	436	313	265
631	5895	4503	4350	3373	2797	1927	1339	936	657	460	323	247
632	5966	4404	4270	3357	2768	2004	1367	921	651	449	329	255
633	6432	4500	4329	3511	2706	2007	1307	913	659	436	366	262
634	6398	4496	4449	3431	2838	1956	1356	971	669	445	350	277
635	6198	4561	4207	3447	2703	1971	1318	929	650	436	331	261
636	6275	4480	4368	3374	2703	1951	1354	940	660	457	341	261
637	6444	4338	4361	3395	2745	1978	1308	934	662	433	344	263
638	6203	4175	4319	3484	2738	1925	1342	927	656	435	336	268
639	6394	4336	4346	3384	2734	1971	1309	958	668	452	321	265
640	6178	4409	4351	3573	2742	1952	1334	924	657	453	340	270
641	6208	4407	4262	3488	2733	1948	1319	956	667	445	341	271
642	6289	4470	4278	3602	2767	1949	1282	932	646	463	340	251
643	6063	4292	4433	3428	2707	1964	1313	956	664	466	329	269
644	6116	4316	4222	3453	2807	1952	1315	939	657	457	320	270
645	6256	4672	4290	3521	2783	1921	1333	930	643	436	336	264
646	6094	4671	4261	3433	2796	1931	1382	966	640	445	358	266
647	6610	4602	4328	3508	2778	1996	1340	941	686	460	342	266
648	6333	4307	4291	3405	2767	1951	1300	967	682	421	344	273
649	6105	4473	4309	3379	2728	1980	1348	933	656	446	356	249
650	6239	4296	4293	3525	2718	1930	1313	933	652	455	317	256
651	6336	4318	4329	3415	2808	1956	1332	934	658	430	310	268
652	6546	4759	4288	3486	2737	1979	1328	942	648	447	345	267
653	6700	4372	4350	3375	2818	1976	1337	914	657	432	340	264
654	6387	4349	4305	3463	2804	1937	1350	950	704	449	338	272
655	6091	4422	4235	3427	2828	2022	1351	970	670	433	353	260
656	6494	4480	4296	3459	2771	1978	1355	962	651	460	313	273
657	6268	4437	4263	3381	2792	2026	1310	961	658	398	335	282
658	6554	4589	4343	3370	2741	1975	1331	973	671	432	315	269
659	6373	4472	4311	3401	2755	1987	1306	939	656	441	329	248
660	6031	4422	4336	3507	2767	1964	1365	949	652	459	340	262
661	6165	4721	4313	3448	2709	1975	1318	946	669	422	329	271
662	6388	4669	4294	3425	2755	2023	1352	953	657	433	342	258
663	6038	4376	4343	3378	2732	2012	1332	939	663	450	332	253
664	6136	4521	4298	3517	2738	1939	1349	958	679	466	344	275
665	6463	4373	4356	3459	2767	1961	1299	967	680	445	325	265
666	6455	4285	4291	3363	2769	1959	1369	948	677	452	347	268
667	6504	4413	4296	3512	2756	1988	1340	933	652	447	343	250
668	6452	4420	4297	3332	2809	2015	1339	942	684	449	336	255
669	6416	4401	4239	3391	2756	1979	1307	975	649	443	340	263
670	6272	4453	4273	3413	2831	2035	1341	966	671	446	354	258
671	6329	4485	4382	3570	2788	2021	1341	965	651	445	345	253
672	6584	4512	4367	3503	2747	2031	1387	983	641	436	335	268
673	6611	4433	4358	3535	2852	1992	1358	959	656	427	331	270
674	6533	4391	4345	3415	2805	1969	1336	918	648	463	342	262
675	6488	4468	4325	3555	2766	1961	1326	965	659	430	362	265
676	6454	4462	4274	3454	2742	2033	1364	979	670	446	341	263
677	6617	4397	4373	3353	2811	2006	1357	946	669	477	346	267
678	6507	4312	4358	3554	2784	2000	1317	963	673	467	351	270
679	6738	4348	4373	3421	2794	2006	1339	946	681	453	337	273
680	6463	4426	4315	3495	2808	2003	1316	945	674	452	329	258
681	6613	4335	4373	3477	2717	1942	1351	915	690	453	339	256
682	6318	4345	4293	3584	2719	1985	1327	990	669	448	342	258
683	6475	4320	4413	3427	2808	2025	1346	981	658	449	333	274
684	6423	4542	4407	3539	2823	2055	1325	943	666	462	322	290
685	6368	4377	4342	3512	2823	1992	1362	943	665	437	341	259
686	6332	4529	4287	3508	2749	2006	1285	942	659	439	346	262
687	6507	4431	4359	3457	2781	2007	1359	952	672	443	329	254
688	6604	4672	4333	3465	2814	2046	1331	985	649	454	331	252
689	6674	4479	4341	3515	2738	1992	1347	934	669	451	336	279
690	6319	4689	4364	3604	2769	2059	1339	928	662	435	352	259
691	6338	4438	4356	3498	2806	2028	1349	950	692	443	337	255
692	6467	4550	4230	3597	2799	2033	1363	958	662	464	357	269
693	6707	4322	4247	3447	2798	2012	1343	955	658	446	343	252
694	6428	4504	4385	3482	2809	2023	1322	959	658	443	338	257
695	6309	4359	4385	3446	2810	2000	1342	927	670	472	340	293
696	6377	4414	4360	3532	2790	1935	1353	912	655	452	358	270
697	6475	4418	4324	3610	2784	1961	1356	953	645	448	343	248
698	6363	4477	4423	3495	2770	1987	1338	954	691	459	335	260
699	6328	4379	4389	3429	2734	1963	1340	922	645	481	346	268
700	6429	4372	4397	3460	2730	1924	1359	958	665	442	346	262
701	6356	4532	4400	3574	2820	1968	1378	980	678	468	346	259
702	5991	4511	4284	3534	2756	1993	1370	990	676	451	358	259
703	6413	4596	4367	3475	2786	1983	1362	978	662	464	336	259
704	6428	4537	4343	3517	2782	2042	1322	959	660	426	362	259
705	6455	4397	4280	3538	2751	1970	1343	951	690	453	343	279
706	5998	4543	4374	3603	2759	1956	1324	970	700	454	343	262
707	6368	4610	4360	3427	2784	1935	1324	962	679	438	339	273
708	6331	4718	4350	3485	2682	1956	1349	967	686	445	356	265
709	6478	4526	4357	3483	2776	1998	1382	985	662	457	345	276
710	6163	4233	4370	3438	2710	1986	1306	956	648	450	335	257
711	6149	4453	4369	3503	2759	2001	1332	963	685	443	348	261
712	6469	4583	4383	3462	2764	2027	1339	968	687	443	350	254
713	6163	4471	4347	3434	2734	1996	1360	986	679	444	372	261
714	6028	4562	4305	3606	2721	2022	1385	957	680	435	341	268
715	6308	4304	4424	3548	2801	2020	1365	971	694	479	343	279
716	6260	4468	4371	3459	2782	1976	1355	945	664	452	354	267
717	6431	4425	4377	3474	2862	2024	1376	978	685	466	364	254
718	6435	4662	4356	3469	2728	1961	1323	965	671	445	337	253
719	6156	4664	4369	3446	2821	1979	1360	986	645	466	353	282
720	6208	4681	4346	3529	2829	1991	1362	947	664	473	351	271
721	6216	4472	4371	3547	2759	2034	1356	976	694	453	364	279
722	6257	4401	4333	3681	2779	1997	1322	978	690	447	347	270
723	6236	4581	4302	3465	2782	2017	1366	956	677	458	329	274
724	6222	4621	4294	3482	2714	2012	1352	968	673	448	357	276
725	6426	4679	4370	3473	2857	2039	1364	957	705	443	347	263
726	6690	4624	4296	3445	2782	1999	1374	963	660	447	348	251
727	6372	4379	4336	3565	2817	2063	1364	957	670	465	342	251
728	6488	4648	4391	3536	2786	2010	1344	968	669	450	340	261
729	6342	4701	4353	3476	2838	2025	1347	981	706	458	354	270
730	6231	4553	4343	3567	2809	2017	1364	979	688	455	347	269
731	6457	4384	4292	3486	2836	2017	1392	980	665	466	363	276
732	6259	4664	4384	3400	2761	1952	1370	977	671	442	358	269
733	6313	4655	4438	3474	2762	2020	1366	959	662	435	339	254
734	6549	4660	4347	3463	2698	2015	1368	972	657	455	345	272
735	6141	4486	4361	3504	2767	1995	1386	934	681	445	336	255
736	6382	4347	4318	3492	2813	2027	1352	974	691	453	347	271
737	6376	4594	4356	3511	2774	2019	1331	987	682	449	345	267
738	6161	4317	4361	3473	2765	2017	1389	956	679	459	341	256
739	6416	4563	4344	3508	2858	1992	1331	951	680	463	336	265
740	6496	4618	4385	3464	2791	2025	1359	918	655	469	332	275
741	6369	4594	4373	3525	2838	1988	1372	971	675	455	341	274
742	6200	4467	4398	3532	2776	2020	1407	958	669	466	367	257
743	6304	4447	4367	3474	2873	2081	1317	948	674	461	348	258
744	6454	4609	4358	3592	2786	2016	1432	976	687	473	350	274
745	6588	4436	4398	3472	2743	2032	1349	995	678	434	375	274
746	6457	4461	4447	3481	2767	2032	1339	958	683	460	340	266
747	6495	4669	4357	3470	2848	2032	1354	994	679	447	339	273
748	6280	4330	4324	3467	2826	1991	1346	983	687	477	340	282
749	6437	4308	4383	3434	2826	1987	1352	943	678	445	344	265
750	6413	4550	4254	3518	2776	1986	1343	982	687	461	350	273
751	6584	4314	4316	3460	2796	2015	1328	967	700	451	361	280
752	6373	4479	4358	3466	2834	1998	1371	973	669	463	359	263
753	6524	4624	4363	3495	2815	1971	1363	969	663	455	343	269
754	6311	4437	4298	3455	2783	2052	1365	975	678	451	346	267
755	6391	4404	4342	3474	2762	2064	1370	998	677	466	355	266
756	6344	4704	4377	3455	2828	1981	1393	956	683	455	354	265
757	6380	4603	4425	3518	2838	2046	1418	994	715	466	361	276
758	6640	4543	4299	3455	2821	2039	1365	969	696	460	339	264
759	6213	4454	4345	3536	2842	2028	1345	1001	689	466	367	273
760	6613	4648	4407	3506	2827	1995	1396	973	685	438	349	275
761	6585	4339	4362	3477	2764	1960	1357	974	696	458	347	283
762	6553	4508	4363	3529	2807	2040	1373	997	676	468	362	260
763	6560	4622	4385	3481	2834	2034	1383	964	676	450	362	262
764	6526	4404	4303	3462	2777	2041	1345	986	681	449	347	275
765	6422	4729	4402	3518	2847	2017	1378	990	683	468	329	274
766	6628	4242	4341	3404	2854	2023	1349	936	667	455	344	264
767	6581	4378	4416	3438	2818	1993	1382	1000	681	466	328	260
768	6333	4630	4402	3470	2808	2040	1377	975	719	458	345	251
769	6555	4605	4392	3493	2781	2025	1373	984	713	455	332	271
770	6525	4535	4559	3623	2845	2075	1401	1008	713	477	363	295
771	6730	4706	4326	3543	2775	2015	1367	965	674	467	334	262
772	6121	4423	4331	3521	2883	1982	1374	948	708	462	350	266
773	6656	4368	4306	3563	2771	2016	1351	991	686	461	354	264
774	6577	4619	4404	3575	2813	2055	1413	969	695	475	347	280
775	6372	4449	4332	3401	2759	1995	1368	988	663	456	349	272
776	6382	4385	4388	3575	2786	2016	1408	992	686	433	351	270
777	6678	4648	4447	3583	2798	2031	1397	974	671	456	350	270
778	6425	4468	4407	3523	2823	2017	1346	986	648	452	368	272
779	6383	4811	4491	3615	2835	2082	1383	988	704	486	369	288
780	5988	4429	4414	3549	2875	2027	1368	984	672	439	347	273
781	6332	4509	4383	3493	2833	2061	1358	991	678	463	380	253
782	6701	4473	4435	3515	2833	2051	1357	983	675	459	365	267
783	6422	4460	4397	3559	2749	1995	1363	975	668	451	338	279
784	6213	4510	4336	3548	2860	1989	1364	954	680	471	358	273
785	6429	4482	4399	3480	2824	2033	1416	979	695	451	342	272
786	6019	4498	4360	3459	2791	1999	1381	990	669	453	343	278
787	6122	4881	4442	3449	2863	2021	1342	990	675	457	358	279
788	6018	4441	4403	3468	2814	2020	1350	977	702	471	357	277
789	6322	4490	4271	3480	2837	2009	1382	945	676	470	342	291
790	6487	4404	4420	3532	2823	2003	1398	960	699	476	373	257
791	6495	4587	4438	3518	2776	1982	1398	957	673	454	339	274
792	6450	4718	4345	3485	2769	2041	1362	983	658	472	357	281
793	6381	4250	4355	3506	2739	2007	1341	987	680	464	345	262
794	6390	4497	4349	3489	2814	2003	1360	964	667	458	369	274
795	6252	4548	4381	3536	2842	2073	1373	1014	696	478	358	274
796	6057	4574	4402	3506	2810	2034	1385	968	698	462	352	276
797	6246	4654	4422	3407	2808	2019	1391	981	677	453	349	282
798	6312	4637	4366	3482	2777	2011	1363	945	691	455	351	280
799	6354	4419	4404	3606	2800	1976	1355	983	691	434	370	274
800	6276	4427	4466	3546	2853	2035	1352	958	662	470	366	287
801	6549	4777	4392	3499	2784	2000	1339	968	689	468	340	282
802	6649	4578	4443	3534	2854	2031	1370	973	686	472	360	287
803	6592	4734	4457	3499	2828	2003	1347	973	686	474	382	285
804	6687	4479	4459	3516	2879	2042	1413	1009	703	474	363	276
805	6531	4555	4301	3528	2818	2001	1413	988	677	488	365	284
806	6427	4576	4428	3582	2833	2032	1403	1004	690	465	343	266
807	6692	4485	4351	3613	2812	2038	1368	954	684	450	345	259
808	6596	4492	4355	3520	2781	2011	1389	996	677	458	342	275
809	6144	4367	4450	3497	2771	2009	1366	992	710	451	359	264
810	6020	4454	4361	3464	2877	2016	1382	970	693	454	349	271
811	6256	4518	4377	3504	2832	2023	1378	982	698	471	371	277
812	6605	4570	4417	3485	2778	2056	1367	959	687	461	362	268
813	6695	4356	4321	3523	2847	2070	1371	996	709	475	377	268
814	6688	4554	4374	3491	2822	2005	1338	989	691	444	359	263
815	6273	4507	4434	3511	2842	2017	1385	988	689	475	353	271
816	6666	4256	4365	3522	2898	2022	1371	990	684	482	365	273
817	6493	4601	4389	3642	2794	1990	1381	987	700	442	356	270
818	6267	4503	4459	3494	2798	2044	1355	973	669	476	366	273
819	6714	4398	4444	3463	2822	1981	1406	990	687	473	365	282
820	6634	4661	4489	3549	2915	2070	1406	985	702	479	370	276
821	6958	4834	4442	3602	2800	2058	1392	984	698	448	362	277
822	6528	4779	4424	3487	2848	2050	1372	979	666	465	365	271
823	6435	4891	4457	3451	2786	2025	1390	955	696	483	350	286
824	6165	4491	4353	3510	2840	2037	1358	997	693	476	373	296
825	6576	4592	4439	3501	2845	2026	1406	964	694	483	356	268
826	6753	4800	4511	3535	2886	2088	1383	1005	722	466	359	273
827	6644	4516	4440	3532	2924	2028	1337	975	701	461	358	266
828	6629	4537	4422	3573	2949	2068	1389	985	700	477	364	288
829	6543	4476	4425	3462	2836	2033	1371	991	689	471	359	267
830	6640	4646	4471	3602	2911	2089	1406	1009	711	471	370	279
831	6749	4549	4444	3620	2828	2048	1411	997	705	494	368	276
832	6306	4619	4380	3503	2812	2038	1379	978	657	460	344	275
833	6521	4347	4459	3515	2829	2038	1368	1001	682	458	367	278
834	6567	4545	4489	3561	2869	2056	1456	992	709	472	372	289
835	6586	4798	4472	3673	2767	2056	1397	1008	710	455	338	269
836	6419	4670	4494	3564	2807	2037	1378	980	686	484	350	276
837	6511	4521	4463	3541	2761	2036	1382	979	703	444	359	280
838	6075	4496	4342	3532	2831	2019	1380	985	693	491	360	272
839	6377	4411	4342	3484	2769	1979	1410	984	678	456	354	267
840	6218	4550	4465	3477	2787	2037	1406	983	692	461	358	283
841	6233	4565	4501	3587	2917	2063	1444	1024	722	456	360	293
842	6378	4508	4387	3590	2885	2043	1370	983	687	473	362	273
843	6097	4514	4441	3497	2812	2024	1399	963	704	454	364	282
844	6299	4677	4461	3473	2856	2067	1347	995	688	465	353	281
845	6663	4497	4371	3479	2848	2018	1386	998	697	441	359	274
846	6561	4747	4360	3457	2830	2066	1386	1008	690	463	359	260
847	6342	4945	4349	3522	2804	2011	1320	985	683	480	356	271
848	6464	4417	4400	3463	2836	2078	1376	1010	705	459	361	290
849	6155	4413	4399	3538	2845	2026	1374	1010	702	472	356	274
850	6027	4729	4402	3449	2821	2040	1393	1008	687	442	356	275
851	6174	4600	4407	3537	2854	2024	1401	993	711	459	356	277
852	6006	4651	4327	3573	2814	2096	1378	977	704	455	355	270
853	6255	4357	4463	3579	2863	2093	1382	986	695	489	357	285
854	6395	4702	4388	3612	2834	2074	1412	1008	686	470	360	284
855	6429	4306	4428	3607	2813	2028	1362	1002	716	480	384	280
856	6597	4633	4534	3554	2878	2073	1377	1006	721	464	356	280
857	6312	4198	4428	3540	2824	2041	1433	992	706	469	356	284
858	6559	4900	4372	3608	2832	2034	1419	982	709	468	373	279
859	6604	4797	4346	3473	2890	2024	1361	955	700	452	364	286
860	6198	4484	4418	3499	2840	2006	1354	987	683	475	381	293
861	6633	4403	4403	3559	2816	2044	1385	1005	685	459	372	273
862	6356	4568	4418	3498	2854	2042	1398	1032	692	454	358	292
863	6584	4494	4366	3533	2850	2032	1378	1001	698	453	365	275
864	6523	4647	4447	3542	2822	2027	1374	1018	722	472	360	272
865	6231	4571	4397	3505	2812	2068	1404	968	693	465	352	272
866	6077	4448	4386	3691	2890	1969	1398	968	674	469	371	277
867	6223	4691	4454	3492	2860	2045	1379	1025	723	497	366	279
868	6508	4477	4521	3571	2876	2115	1421	988	714	498	371	279
869	6524	4414	4454	3517	2815	2036	1412	1003	712	483	373	272
870	6364	4482	4380	3535	2858	2045	1348	992	689	458	355	274
871	6570	4477	4461	3606	2762	2015	1382	990	707	475	361	269
872	6680	4673	4373	3520	2860	2039	1418	1031	712	459	351	274
873	6344	4260	4412	3564	2862	2025	1391	984	694	472	349	276
874	6382	4852	4445	3548	2761	2002	1387	1030	690	474	373	268
875	6658	4520	4386	3488	2828	2027	1402	1022	693	456	355	277
876	6427	4453	4476	3537	2883	2035	1415	983	678	464	358	272
877	6660	4760	4470	3620	2927	2126	1418	1008	722	490	393	283
878	6509	4544	4390	3540	2812	2067	1377	990	685	474	355	284
879	6513	4746	4480	3608	2788	2026	1377	1024	718	474	359	264
880	6118	4471	4430	3542	2781	2008	1365	979	692	466	355	269
881	6506	4675	4447	3491	2811	1994	1403	983	710	491	357	289
882	6651	4646	4371	3555	2851	2059	1388	1007	676	475	383	274
883	6485	4655	4368	3652	2898	2043	1414	988	701	462	369	275
884	6387	4674	4343	3568	2845	2041	1356	977	678	459	364	275
885	6622	4540	4455	3516	2886	2031	1355	998	709	478	361	279
886	6303	4473	4443	3519	2854	2007	1381	1026	688	487	360	290
887	6297	4489	4418	3586	2826	2068	1376	1023	698	474	375	273
888	6251	4533	4446	3445	2820	1985	1396	1004	706	467	363	277
889	6411	4383	4419	3530	2801	2029	1405	1016	716	467	369	264
890	5970	4809	4538	3519	2776	2015	1409	1007	705	459	370	280
891	6573	4810	4447	3506	2860	2025	1400	1024	689	484	360	297
892	6221	4591	4480	3539	2886	2001	1412	979	689	464	372	282
893	6116	4622	4446	3557	2855	2014	1417	990	698	479	354	275
894	6148	4554	4401	3504	2836	2021	1410	1013	684	471	360	275
895	6425	4502	4465	3649	2906	2026	1399	978	693	455	376	293
896	6558	4813	4346	3597	2859	2028	1375	1012	695	460	366	282
897	6491	4649	4465	3509	2906	2051	1366	995	666	492	367	290
898	6684	4579	4518	3555	2952	2081	1441	999	723	481	371	276
899	6592	4662	4511	3675	2898	2040	1416	967	720	456	379	282
900	6413	4566	4445	3573	2824	2039	1379	1018	709	486	365	277
901	6228	4580	4436	3553	2831	2028	1375	964	704	468	367	282
902	6682	4722	4541	3619	2942	2082	1421	1012	733	487	374	293
903	6694	4675	4395	3622	2935	2060	1410	994	687	471	359	279
904	6262	4393	4401	3549	2836	2065	1420	1007	707	477	377	269
905	6396	4611	4429	3577	2832	2018	1415	1014	698	461	355	274
906	6532	4694	4341	3599	2883	2063	1412	1038	690	479	358	290
907	6376	4825	4449	3578	2780	2025	1395	996	706	465	373	272
908	6167	4426	4421	3538	2762	2035	1383	1005	702	471	357	285
909	6515	4524	4470	3567	2792	2071	1399	981	689	490	371	268
910	6468	4446	4435	3528	2810	2027	1359	1009	701	463	382	270
911	6245	4654	4516	3526	2863	2028	1371	1016	724	455	354	277
912	6490	4458	4465	3583	2836	2030	1380	1033	702	470	358	274
913	6457	4521	4432	3622	2876	2070	1375	1009	693	468	364	273
914	6479	4856	4449	3606	2834	2022	1400	1016	699	465	360	275
915	6300	4675	4546	3527	2846	2045	1345	1015	708	465	335	289
916	6284	4487	4536	3583	2848	2036	1379	1033	719	469	366	288
917	6372	4727	4389	3500	2823	2013	1395	1007	713	474	356	275
918	6318	4389	4516	3542	2837	2041	1399	1000	711	475	372	276
919	6450	4635	4482	3551	2887	2025	1396	1000	705	479	346	265
920	6512	4665	4497	3636	2855	2005	1410	1032	722	477	385	280
921	6229	4251	4473	3689	2789	2069	1361	1009	711	485	367	277
922	6009	4318	4534	3506	2838	2017	1402	1015	707	464	365	267
923	6379	4452	4482	3544	2838	2043	1373	1048	727	473	363	296
924	6448	4406	4546	3530	2843	2074	1393	1003	708	488	359	293
925	6613	4442	4456	3564	2861	2065	1376	1009	702	458	365	277
926	6671	4459	4392	3534	2792	2029	1382	1008	677	477	362	289
927	6457	4544	4554	3564	2827	2047	1396	1037	713	465	385	275
928	6557	4693	4398	3524	2828	2048	1343	1023	695	472	380	275
929	6706	4471	4485	3533	2802	2025	1423	1024	713	480	356	267
930	6356	4745	4480	3554	2793	2029	1386	1008	700	480	357	286
931	6582	4559	4581	3540	2863	2048	1386	965	711	474	366	274
932	6204	4510	4450	3610	2954	2055	1412	989	709	474	370	281
933	6497	4534	4450	3555	2784	2018	1376	985	718	482	369	273
934	6399	4813	4499	3615	2801	2062	1414	1012	712	489	374	274
935	6421	4559	4393	3523	2882	2054	1403	1019	705	461	364	284
936	6786	4695	4544	3666	2939	2090	1413	1026	725	484	364	278
937	6230	4645	4474	3603	2871	2026	1416	1014	692	474	351	279
938	6259	4333	4411	3588	2921	2035	1397	1028	710	496	373	284
939	6255	4765	4421	3640	2885	2087	1422	988	711	474	370	265
940	6435	4623	4475	3505	2902	2104	1375	982	700	480	356	273
941	6401	4571	4473	3554	2852	1998	1382	1027	735	470	365	291
942	6604	4457	4416	3548	2877	2020	1434	1013	691	468	360	279
943	6608	4514	4410	3520	2854	2059	1389	1037	698	477	369	292
944	6711	4536	4452	3577	2809	2063	1426	1012	702	496	384	286
945	6699	4515	4520	3537	2947	2123	1423	989	717	488	412	292
946	6636	4655	4551	3657	2875	2122	1457	1030	716	482	378	286
947	6642	4531	4499	3548	2877	2098	1427	1006	713	475	369	289
948	6602	4478	4528	3560	2845	2025	1406	1049	733	477	357	273
949	6837	4519	4398	3486	2893	2079	1391	992	719	468	357	275
950	6500	4771	4506	3582	2881	2040	1413	986	700	493	359	285
951	6823	4422	4431	3645	2901	2056	1461	999	688	493	366	295
952	6253	4520	4419	3522	2882	2066	1419	979	714	477	364	294
953	6249	4517	4473	3573	2833	2019	1441	1010	704	490	379	288
954	6602	4766	4547	3560	2858	2001	1385	1003	688	470	365	287
955	6518	4529	4482	3639	2912	2077	1452	1000	731	514	385	303
956	6170	4404	4427	3610	2870	2051	1427	1009	733	486	387	279
957	6303	5128	4561	3594	2890	2050	1443	1029	723	513	378	271
958	6332	4365	4457	3560	2870	2008	1395	998	716	472	366	286
959	6734	4827	4517	3660	2924	2064	1426	1023	725	494	377	293
960	6329	4495	4619	3651	2937	2118	1462	1060	700	501	378	290
961	6784	4828	4436	3499	2855	2081	1421	1017	704	461	373	279
962	6490	4580	4445	3551	2857	2038	1386	999	721	487	362	290
963	6364	4680	4478	3568	2868	2069	1416	1030	718	479	388	283
964	6617	4733	4514	3558	2883	2043	1378	1008	692	482	378	280
965	6305	4479	4438	3701	2837	2080	1412	1005	692	488	386	281
966	6298	4376	4434	3500	2820	1974	1391	1021	735	485	377	273
967	6480	4486	4455	3617	2920	2092	1381	972	713	491	380	289
968	6442	4457	4505	3606	2923	2088	1373	1062	715	506	396	287
969	6349	4453	4523	3573	2926	2080	1419	994	695	480	359	290
970	6166	4470	4457	3549	2894	2012	1407	1018	706	482	385	284
971	6232	4487	4398	3591	2837	2056	1427	1009	700	475	364	292
972	6638	4685	4469	3702	2894	2065	1432	1025	710	472	375	285
973	6276	4390	4437	3544	2898	2121	1408	992	712	481	385	303
974	6249	4416	4448	3568	2858	2030	1377	1026	739	493	390	287
975	6339	4822	4549	3617	2908	2082	1386	1007	726	476	374	293
976	6530	4767	4607	3521	2859	2077	1397	1025	712	488	364	280
977	6518	4731	4577	3761	2919	2079	1433	1008	735	478	377	312
978	6716	4637	4421	3615	2867	2071	1355	1035	718	465	392	276
979	6467	4683	4478	3561	2838	2063	1392	1018	741	476	366	292
980	6059	4356	4418	3626	2828	2083	1421	1000	715	488	377	297
981	6188	4514	4473	3593	2884	2059	1418	1013	719	494	385	290
982	6410	4715	4548	3561	2842	2109	1411	1048	707	506	383	275
983	6539	4624	4492	3602	2891	2051	1457	1043	725	466	386	282
984	6492	4774	4541	3611	2916	2092	1413	1026	701	484	373	296
985	6178	4397	4487	3557	2879	2105	1442	1023	714	480	359	295
986	6539	4453	4595	3651	2903	2086	1435	1044	698	508	384	298
987	6555	4792	4597	3653	2933	2135	1414	1019	726	496	389	302
988	6314	4638	4588	3670	2851	2143	1466	1030	703	510	380	289
989	6291	4616	4472	3655	2906	2076	1414	1026	695	478	360	278
990	6840	4658	4460	3644	2910	2037	1393	1011	754	501	376	275
991	6414	4547	4446	3597	2886	1998	1424	1020	682	472	362	281
992	6503	4720	4498	3711	2823	2005	1387	1014	700	492	350	287
993	6507	4585	4563	3524	2837	2003	1423	1024	688	484	358	298
994	6332	4540	4503	3702	2872	2044	1383	1031	704	487	392	287
995	6484	4409	4480	3682	2826	2094	1422	1048	700	478	360	283
996	6433	4673	4507	3560	2865	2111	1444	1005	732	499	387	287
997	6571	4608	4485	3609	2871	2083	1415	997	702	497	360	286
998	6486	4740	4555	3664	2910	2109	1464	1014	711	471	391	291
999	6417	4390	4466	3491	2872	2082	1412	987	724	475	378	293
