time	200	160	128	102.4	81.92	65.536	52.4288	41.94304	33.554432	26.8435456	21.47483648	17.179869184
0	147	128	103	92	70	65	58	45	49	51	49	47
1	164	131	110	93	78	70	58	50	50	42	46	48
2	178	150	106	106	75	59	50	52	46	46	43	48
3	195	154	131	99	81	67	55	50	53	51	48	46
4	207	172	134	100	80	63	65	50	49	46	42	42
5	230	180	141	116	92	63	58	53	55	46	46	48
6	235	193	161	125	85	67	65	49	50	44	45	46
7	275	216	160	132	92	65	60	56	52	48	43	47
8	307	231	161	126	83	70	64	52	47	48	41	51
9	319	251	175	131	91	70	62	51	49	50	44	42
10	353	288	175	148	110	63	64	55	46	46	48	43
11	374	301	187	142	106	73	61	48	50	51	48	47
12	442	327	202	165	102	75	61	51	52	41	43	46
13	492	366	221	161	101	71	58	59	45	43	45	48
14	563	409	257	184	100	75	58	52	49	45	49	49
15	617	472	285	195	106	81	63	52	58	43	46	43
16	694	507	293	215	122	81	63	56	52	49	46	45
17	723	540	335	231	117	74	70	59	57	44	45	41
18	826	623	358	243	126	83	68	56	52	45	45	47
19	899	677	388	265	136	83	64	58	48	50	44	45
20	999	741	438	276	133	87	65	55	49	49	45	44
21	1091	831	453	307	154	89	71	57	50	43	46	40
22	1158	919	529	325	162	88	72	51	53	48	44	44
23	1285	945	580	360	172	85	67	56	52	47	43	41
24	1355	1066	623	399	193	108	73	54	54	49	50	41
25	1443	1143	655	397	189	106	78	54	54	45	42	46
26	1535	1227	766	461	218	107	75	53	56	49	52	47
27	1650	1311	794	477	216	110	83	53	58	55	44	45
28	1724	1353	877	510	246	132	79	61	45	51	48	46
29	1778	1434	910	557	245	131	86	64	53	52	45	42
30	1890	1542	977	590	267	136	80	56	49	43	51	45
31	2011	1619	1040	593	294	145	87	59	50	50	52	48
32	2080	1658	1062	679	325	162	90	71	52	46	55	44
33	2222	1713	1174	692	378	173	105	63	48	50	42	48
34	2219	1764	1171	716	377	176	98	59	53	51	54	42
35	2305	1801	1233	769	404	197	104	61	53	53	56	47
36	2364	1847	1331	788	427	195	114	65	57	45	50	50
37	2460	1949	1386	854	429	221	119	60	51	47	54	48
38	2493	1964	1421	873	478	220	117	66	57	48	58	45
39	2473	1959	1460	901	498	245	127	67	58	46	53	48
40	2523	1996	1474	921	539	255	137	80	58	55	54	47
41	2585	2039	1512	996	536	266	130	76	59	48	64	47
42	2523	2087	1560	1026	572	284	140	71	55	52	61	52
43	2663	2137	1573	1035	598	291	143	74	54	48	58	44
44	2772	2181	1613	1045	633	339	161	68	55	50	55	51
45	2673	2221	1628	1084	648	311	154	83	58	55	58	53
46	2732	2219	1738	1115	651	351	180	82	61	52	68	48
47	2801	2286	1743	1175	703	372	175	82	69	53	61	55
48	2805	2201	1758	1182	699	371	192	90	56	53	67	60
49	2867	2328	1801	1162	755	388	196	82	75	58	72	61
50	2870	2266	1816	1237	771	424	191	89	68	55	60	59
51	2891	2304	1806	1274	801	441	205	105	73	58	70	59
52	2978	2390	1906	1290	809	454	219	105	66	54	72	59
53	2991	2453	1858	1316	849	460	214	106	69	59	71	61
54	3070	2532	1940	1348	861	515	240	120	84	66	85	69
55	3152	2495	1960	1371	891	524	260	119	83	67	82	72
56	3079	2516	2006	1385	915	544	251	122	79	68	80	75
57	3122	2529	1961	1389	934	554	272	119	94	65	90	68
58	3137	2524	1994	1440	970	589	284	142	91	74	94	83
59	3180	2572	2123	1433	1022	633	284	138	94	75	98	83
60	3148	2579	2036	1472	986	613	293	151	93	79	93	77
61	3225	2609	2061	1486	1016	631	314	147	99	91	108	80
62	3233	2562	2090	1507	1063	638	322	163	104	76	100	94
63	3287	2622	2129	1514	1092	691	352	168	118	90	113	88
64	3252	2607	2150	1482	1085	679	345	188	120	90	125	85
65	3403	2746	2213	1551	1150	713	363	186	129	92	121	95
66	3377	2701	2208	1559	1136	746	378	187	120	93	123	105
67	3402	2636	2244	1608	1157	784	388	200	127	99	148	106
68	3387	2738	2187	1638	1203	804	404	215	126	103	140	119
69	3382	2789	2289	1611	1192	802	416	224	126	89	149	120
70	3421	2770	2367	1661	1228	851	417	223	149	114	135	110
71	3593	2741	2387	1702	1284	851	433	236	146	118	153	122
72	3430	2694	2356	1706	1230	859	441	236	166	105	159	118
73	3612	2887	2453	1763	1326	909	481	248	170	121	160	133
74	3654	2957	2440	1789	1317	927	493	276	163	124	167	135
75	3588	2930	2423	1781	1294	941	507	257	179	127	178	141
76	3635	3019	2442	1813	1400	958	497	272	176	124	172	143
77	3755	2957	2436	1828	1366	959	526	284	186	118	184	152
78	3806	2962	2517	1855	1426	1014	555	317	181	128	205	157
79	3748	2951	2544	1916	1449	1049	590	323	197	150	201	163
80	3793	3047	2547	1935	1469	1074	602	316	193	150	214	182
81	3823	3126	2588	1966	1507	1089	609	343	205	146	210	196
82	3914	3118	2592	1952	1546	1131	650	362	218	157	234	192
83	3865	3117	2609	1961	1543	1135	648	379	217	160	248	194
84	3938	3097	2650	1977	1542	1159	672	392	239	161	240	211
85	4044	3127	2682	2047	1611	1181	697	390	252	165	253	221
86	3980	3194	2671	2043	1637	1228	672	424	252	178	249	231
87	4025	3203	2678	2057	1641	1232	730	419	260	186	266	223
88	4038	3234	2731	2103	1674	1272	713	428	262	189	290	237
89	4112	3305	2793	2186	1768	1305	767	443	269	205	315	256
90	4095	3302	2836	2201	1735	1331	797	467	286	203	315	258
91	4137	3334	2855	2186	1770	1335	814	501	290	224	312	289
92	4172	3342	2805	2199	1782	1337	806	484	301	221	334	282
93	4263	3450	2867	2207	1820	1394	843	533	308	234	344	301
94	4217	3399	2830	2243	1841	1415	832	554	311	242	360	318
95	4266	3505	3020	2288	1873	1479	912	564	330	249	367	325
96	4260	3497	2948	2267	1891	1493	904	582	342	253	359	337
97	4254	3510	2987	2341	1852	1523	936	580	340	268	378	335
98	4320	3533	2977	2345	1911	1478	942	614	364	285	397	372
99	4330	3533	2967	2417	1929	1544	983	630	368	269	435	369
100	4476	3635	3106	2452	2004	1518	1041	669	384	294	408	383
101	4555	3583	3075	2493	2066	1628	1064	668	394	318	448	395
102	4334	3632	3045	2475	2002	1624	1009	686	405	322	451	412
103	4531	3644	3080	2466	2058	1608	1068	709	412	303	465	431
104	4525	3665	3111	2476	2078	1679	1083	706	453	341	475	438
105	4604	3763	3218	2641	2120	1712	1160	742	464	363	492	471
106	4499	3671	3138	2496	2133	1675	1148	745	460	369	495	465
107	4644	3723	3242	2642	2161	1781	1214	781	466	392	515	466
108	4624	3751	3293	2555	2233	1850	1192	804	496	416	533	492
109	4685	3782	3290	2614	2179	1852	1246	828	511	423	548	502
110	4651	3772	3294	2597	2209	1831	1225	848	514	422	564	485
111	4653	3803	3302	2594	2221	1850	1277	896	521	444	574	524
112	4666	3834	3374	2627	2238	1897	1271	886	539	463	575	535
113	4751	3891	3433	2710	2347	1969	1309	934	555	501	608	557
114	4722	3874	3389	2656	2318	1926	1335	925	559	521	651	583
115	4691	3890	3444	2745	2335	1935	1386	970	588	538	654	577
116	4848	3983	3504	2839	2391	2054	1458	1011	614	571	682	618
117	4784	3950	3445	2782	2339	1982	1438	1000	607	590	679	603
118	4936	3995	3551	2786	2419	2045	1466	1034	655	608	748	645
119	4902	4030	3520	2831	2439	2055	1483	1040	653	647	736	656
120	4911	4069	3514	2858	2477	2118	1515	1107	680	640	756	661
121	4870	4095	3510	2889	2423	2091	1546	1103	682	669	748	689
122	4869	4064	3618	2897	2460	2139	1508	1091	692	682	768	685
123	4980	4210	3582	2964	2541	2166	1579	1144	752	709	818	695
124	4932	4170	3560	2882	2481	2171	1576	1194	767	735	808	736
125	5026	4239	3626	2963	2596	2197	1639	1180	774	752	843	755
126	4921	4087	3568	3039	2537	2260	1621	1215	839	748	833	742
127	5074	4291	3678	3054	2590	2314	1665	1210	814	813	898	789
128	5009	4190	3630	2941	2591	2342	1690	1228	857	792	892	778
129	5059	4293	3697	3067	2631	2352	1755	1320	884	833	889	815
130	5001	4190	3623	3061	2561	2327	1756	1362	883	847	903	823
131	5148	4289	3689	3156	2674	2422	1776	1328	920	876	990	838
132	5109	4315	3746	3159	2646	2420	1740	1341	921	914	965	802
133	5063	4336	3742	3076	2617	2382	1742	1336	957	927	972	838
134	5190	4451	3873	3178	2770	2491	1861	1408	990	979	1017	888
135	5199	4392	3842	3240	2748	2467	1876	1468	1007	982	1033	887
136	5180	4486	3864	3219	2719	2499	1928	1517	1009	1005	1069	900
137	5165	4400	3744	3153	2725	2534	1843	1490	1075	1015	1062	902
138	5193	4385	3780	3241	2655	2481	1848	1499	1063	1016	1059	910
139	5272	4584	3927	3333	2809	2566	1925	1533	1111	1076	1108	951
140	5140	4472	3883	3236	2829	2546	1918	1556	1128	1110	1114	937
141	5273	4541	3881	3324	2772	2560	1943	1583	1148	1094	1109	930
142	5288	4389	3928	3329	2808	2599	1975	1630	1157	1115	1151	970
143	5290	4495	3902	3330	2824	2624	1943	1658	1196	1159	1123	951
144	5332	4530	3999	3390	2908	2618	2002	1671	1225	1161	1194	971
145	5386	4564	3985	3422	2938	2719	2053	1658	1244	1180	1221	994
146	5364	4622	3957	3376	2959	2758	1989	1693	1277	1185	1191	1020
147	5421	4541	4022	3369	2963	2763	2020	1726	1351	1214	1198	1028
148	5441	4584	4139	3470	2952	2779	2113	1761	1325	1255	1253	1035
149	5410	4594	4043	3519	2996	2823	2070	1771	1400	1289	1224	1050
150	5526	4745	4103	3516	3040	2836	2157	1824	1404	1267	1267	1057
151	5431	4654	4070	3461	3019	2810	2123	1834	1409	1309	1245	1044
152	5476	4667	4162	3482	3000	2843	2141	1876	1403	1309	1320	1072
153	5436	4700	4120	3534	3118	2848	2152	1896	1458	1327	1350	1068
154	5501	4741	4188	3532	3108	2880	2206	1929	1478	1358	1318	1112
155	5571	4810	4252	3586	3152	2916	2203	1968	1551	1346	1341	1091
156	5543	4717	4158	3604	3089	2916	2243	1901	1585	1351	1305	1097
157	5414	4748	4183	3566	3159	2879	2209	1999	1563	1376	1337	1119
158	5609	4805	4332	3649	3222	2990	2207	2027	1607	1419	1390	1173
159	5580	4795	4244	3679	3181	2974	2188	1971	1620	1390	1393	1129
160	5618	4833	4293	3701	3226	2997	2323	2070	1665	1479	1395	1188
161	5597	4790	4262	3602	3210	3004	2250	2073	1693	1456	1398	1144
162	5683	4821	4302	3712	3258	3055	2317	2149	1775	1452	1460	1201
163	5679	4857	4342	3654	3210	3019	2326	2138	1757	1474	1431	1168
164	5569	4842	4274	3732	3224	3012	2273	2127	1719	1478	1397	1184
165	5626	4870	4273	3680	3223	3090	2283	2171	1803	1509	1444	1177
166	5620	4909	4282	3784	3316	3072	2279	2185	1832	1556	1485	1190
167	5778	4993	4376	3813	3352	3163	2339	2240	1879	1537	1501	1247
168	5735	5014	4407	3889	3347	3130	2337	2215	1920	1585	1503	1230
169	5728	5090	4424	3839	3315	3181	2381	2246	1922	1605	1519	1273
170	5799	5038	4444	3836	3350	3101	2371	2299	1962	1587	1530	1246
171	5719	4935	4453	3895	3351	3101	2421	2284	1952	1574	1507	1230
172	5735	4930	4400	3765	3373	3088	2447	2292	1912	1595	1503	1255
173	5675	4956	4504	3813	3429	3109	2412	2341	1945	1575	1517	1265
174	5714	4986	4504	3892	3416	3160	2375	2346	1963	1630	1555	1282
175	5737	5027	4509	3838	3413	3144	2397	2427	1995	1615	1572	1254
176	5735	4984	4457	3854	3356	3170	2353	2466	2070	1640	1592	1325
177	5792	5010	4432	3866	3382	3192	2412	2404	2057	1628	1555	1288
178	5954	5132	4548	3869	3506	3232	2435	2472	2123	1718	1605	1326
179	5857	5168	4586	3941	3585	3263	2490	2546	2108	1726	1695	1352
180	5904	5209	4725	3987	3600	3281	2510	2477	2175	1713	1624	1319
181	5985	5257	4680	4052	3562	3274	2492	2571	2131	1683	1668	1341
182	5828	5142	4571	3921	3559	3240	2489	2516	2121	1731	1664	1324
183	5852	5266	4709	4087	3582	3318	2574	2528	2162	1740	1691	1340
184	5900	5105	4623	3961	3568	3232	2492	2650	2270	1746	1672	1352
185	5878	5212	4586	3968	3519	3209	2547	2587	2185	1759	1693	1344
186	5937	5161	4563	4015	3539	3275	2550	2673	2220	1813	1716	1327
187	5991	5174	4636	4006	3586	3326	2539	2610	2217	1767	1701	1327
188	5966	5259	4751	3989	3593	3326	2571	2603	2295	1778	1727	1359
189	6000	5151	4677	4017	3677	3368	2599	2622	2276	1800	1688	1400
190	6094	5335	4721	4160	3654	3434	2573	2676	2271	1848	1745	1402
191	6037	5304	4704	4082	3675	3374	2574	2623	2334	1802	1724	1356
192	5989	5285	4766	4129	3716	3347	2499	2628	2327	1831	1743	1394
193	6030	5223	4677	4103	3714	3415	2535	2740	2353	1799	1745	1348
194	6190	5389	4716	4115	3803	3453	2670	2770	2437	1877	1783	1406
195	6093	5330	4789	4158	3726	3461	2695	2811	2395	1869	1826	1410
196	6082	5268	4832	4094	3714	3311	2681	2747	2395	1844	1755	1375
197	6102	5305	4782	4158	3770	3430	2565	2749	2350	1876	1767	1386
198	6072	5325	4864	4119	3806	3425	2659	2716	2415	1856	1762	1410
199	6113	5352	4852	4115	3893	3399	2561	2748	2482	1842	1780	1345
200	6165	5368	4819	4134	3845	3378	2663	2794	2423	1885	1812	1410
201	6163	5290	4804	4149	3796	3481	2699	2878	2456	1907	1797	1370
202	6151	5430	4736	4151	3792	3417	2654	2826	2473	1846	1779	1401
203	6173	5415	4923	4205	3921	3545	2741	2987	2559	1977	1841	1404
204	6290	5432	4921	4319	3928	3545	2694	2827	2560	1945	1834	1467
205	6154	5378	4963	4218	3878	3505	2750	2878	2496	1958	1801	1422
206	6269	5475	4937	4267	3954	3506	2684	2888	2554	2005	1862	1442
207	6201	5415	4860	4256	3853	3521	2704	2796	2519	1908	1860	1394
208	6250	5464	4861	4288	3871	3526	2632	2801	2621	1969	1809	1380
209	6303	5398	4870	4254	3880	3531	2685	2802	2591	2015	1868	1435
210	6284	5446	4816	4226	3847	3514	2683	2840	2548	2008	1871	1407
211	6358	5437	4793	4275	3880	3540	2718	2910	2549	2017	1867	1436
212	6214	5422	4845	4378	3873	3503	2740	2884	2671	1984	1873	1431
213	6284	5475	4940	4285	3942	3548	2761	2897	2662	1959	1881	1414
214	6252	5583	4944	4237	3906	3577	2749	2920	2644	1985	1863	1445
215	6383	5593	5003	4295	3949	3627	2781	2963	2735	2001	1891	1490
216	6232	5501	4965	4385	3916	3585	2790	2897	2678	1988	1832	1430
217	6256	5547	4855	4303	3962	3552	2754	3045	2672	2005	1881	1426
218	6410	5631	4952	4404	4055	3674	2826	2989	2727	2025	1941	1494
219	6277	5674	4925	4276	3942	3618	2766	2941	2673	2062	1911	1465
220	6387	5576	5045	4430	3970	3625	2778	2983	2732	2004	1884	1511
221	6423	5713	5112	4479	4098	3726	2843	3049	2770	2052	1971	1516
222	6404	5560	5036	4388	4059	3689	2779	2976	2771	2005	1955	1494
223	6496	5645	5007	4351	4038	3611	2742	2994	2743	2034	1922	1423
224	6470	5594	4983	4408	4023	3610	2777	2981	2744	2039	1926	1466
225	6445	5554	5079	4422	4042	3598	2864	2971	2742	2028	1903	1460
226	6503	5582	4996	4429	4073	3592	2828	3022	2820	2004	1956	1434
227	6585	5705	5262	4524	4118	3691	2910	3093	2841	2114	1948	1526
228	6529	5700	5058	4477	4125	3772	2886	3094	2890	2068	1954	1520
229	6539	5707	5057	4487	4118	3641	2826	3062	2773	2045	1943	1482
230	6484	5659	5010	4489	4087	3580	2884	3088	2795	2058	1939	1480
231	6501	5770	5090	4499	4067	3714	2826	3083	2832	2040	1963	1476
232	6555	5671	5100	4527	4150	3723	2848	3063	2848	2048	1960	1476
233	6516	5736	5098	4444	4145	3696	2907	3092	2855	1989	1964	1494
234	6570	5775	5170	4510	4164	3698	2889	3083	2897	1999	1970	1486
235	6601	5881	5272	4569	4184	3802	2890	3190	2929	2050	1931	1562
236	6548	5755	5077	4441	4141	3671	2897	3127	2846	2044	1963	1510
237	6680	5884	5297	4564	4250	3786	2953	3179	3031	2043	2001	1544
238	6577	5709	5155	4514	4160	3626	2919	3223	2912	2000	1943	1519
239	6689	5885	5277	4622	4311	3806	2915	3191	2968	2006	1989	1535
240	6627	5806	5150	4596	4139	3705	2960	3211	2914	2045	1912	1525
241	6600	5847	5218	4523	4246	3721	2991	3194	2935	2029	1916	1487
242	6650	5781	5179	4586	4269	3760	2950	3217	2937	2044	1983	1516
243	6689	5798	5185	4584	4257	3751	2947	3262	2934	2008	1988	1506
244	6526	5849	5217	4551	4175	3719	2972	3205	2942	2064	1991	1474
245	6592	5839	5288	4545	4176	3775	2901	3245	3025	2005	1963	1523
246	6673	5885	5194	4598	4215	3848	2922	3237	2964	2033	1975	1549
247	6651	5815	5267	4612	4237	3775	2930	3253	3000	2041	1977	1547
248	6701	5874	5308	4679	4252	3802	2952	3285	3032	2059	1988	1533
249	6783	5954	5301	4691	4242	3859	3031	3407	3111	2092	2077	1573
250	6657	5854	5272	4562	4306	3783	2893	3238	3022	2045	2027	1523
251	6694	5838	5200	4658	4228	3840	2978	3300	3106	2093	1987	1554
252	6692	5878	5228	4560	4321	3806	2895	3303	3042	2103	2006	1551
253	6694	5877	5183	4626	4272	3835	3008	3300	3062	2073	1979	1578
254	6821	5906	5248	4604	4300	3827	2908	3357	3053	2045	1998	1583
255	6788	5960	5285	4683	4324	3818	2943	3270	2995	2094	1996	1537
256	6796	5899	5313	4545	4313	3799	2946	3273	3040	2051	1995	1538
257	6900	5882	5350	4668	4334	3895	2923	3317	3048	2043	2046	1543
258	6867	5941	5333	4713	4405	3877	2977	3314	3064	2085	1974	1566
259	6813	5907	5342	4661	4318	3818	2898	3281	3059	2055	2021	1568
260	6871	5998	5349	4787	4422	3819	2977	3347	3014	2082	2042	1564
261	6789	6014	5333	4709	4377	3904	3000	3300	3029	2061	1989	1540
262	6869	6024	5506	4791	4482	3924	3022	3364	3144	2131	2023	1587
263	6796	5924	5343	4724	4496	3854	2957	3271	3040	2101	1991	1531
264	6743	6049	5376	4687	4361	3836	2979	3292	3021	2121	1985	1577
265	6897	5919	5422	4677	4344	3791	2985	3370	3000	2061	1984	1571
266	6846	6060	5369	4722	4401	3846	2994	3411	3041	2052	2028	1579
267	6951	6134	5463	4853	4526	3969	3049	3460	3065	2161	2035	1640
268	6875	6034	5401	4793	4409	3818	2981	3414	3000	2145	2005	1584
269	6833	6018	5459	4690	4436	3936	2978	3392	3036	2056	2032	1592
270	7037	6133	5522	4852	4544	3993	3084	3466	3131	2129	2042	1634
271	6963	6085	5469	4738	4458	3948	2987	3370	3097	2080	2030	1602
272	6920	6097	5400	4781	4500	3943	3030	3357	3087	2097	2023	1589
273	6946	6171	5421	4716	4538	3885	2974	3470	3087	2118	2022	1585
274	7101	6195	5489	4870	4578	4022	3094	3467	3148	2136	2056	1637
275	6912	6128	5437	4765	4445	3818	3038	3466	3054	2155	2014	1614
276	7006	6125	5571	4830	4589	4009	3068	3485	3137	2165	2044	1656
277	6953	6051	5452	4818	4507	3877	3039	3442	3136	2073	2024	1614
278	6947	6141	5454	4803	4494	3906	3051	3431	3112	2088	2006	1590
279	7071	6127	5515	4866	4568	3958	3040	3518	3173	2187	2084	1649
280	7010	6219	5511	4827	4706	4106	3068	3580	3138	2171	1984	1631
281	7032	6087	5492	4754	4539	3967	3045	3417	3139	2136	2030	1588
282	7079	6159	5544	4824	4546	3944	2947	3507	3092	2140	1987	1592
283	7033	6162	5546	4815	4508	4011	3024	3475	3053	2147	2013	1607
284	7039	6143	5464	4759	4565	4041	3016	3487	3158	2118	2052	1597
285	6984	6174	5517	4872	4516	4019	2998	3543	3089	2093	2036	1614
286	7005	6222	5494	4845	4553	3962	3024	3487	3097	2148	2058	1568
287	7029	6175	5630	4826	4480	4009	3045	3528	3141	2169	1991	1550
288	7025	6095	5522	4909	4583	4052	2996	3470	3156	2137	2000	1618
289	7066	6154	5513	4881	4520	3961	3042	3487	3182	2162	2021	1609
290	7216	6286	5682	4961	4684	4111	3121	3583	3223	2208	2003	1660
291	7161	6311	5760	4888	4659	4086	3105	3624	3178	2220	2049	1646
292	7051	6266	5565	4868	4579	4070	3030	3494	3206	2156	2028	1605
293	7141	6316	5676	4941	4744	4124	3100	3581	3250	2194	2049	1653
294	7143	6315	5578	4839	4533	4082	3066	3469	3145	2175	2035	1651
295	7222	6211	5609	4860	4610	4100	3006	3568	3207	2176	2024	1596
296	7060	6195	5640	4933	4656	4037	3084	3615	3202	2203	2035	1616
297	7106	6187	5574	4902	4629	4055	3018	3524	3183	2110	2035	1647
298	7265	6319	5714	5008	4830	4154	3098	3615	3264	2206	2111	1641
299	7117	6260	5659	4944	4671	4063	3069	3472	3176	2132	2070	1571
300	7158	6239	5581	4869	4688	4096	3085	3548	3252	2171	2061	1602
301	7036	6226	5512	4926	4682	4045	3089	3562	3165	2150	2032	1627
302	7138	6218	5681	4986	4642	4107	3123	3616	3233	2232	1991	1601
303	7108	6220	5725	4961	4653	4163	3036	3589	3247	2139	2036	1624
304	7180	6279	5679	4943	4698	4155	3149	3581	3254	2186	2019	1582
305	7152	6362	5761	4985	4744	4108	3106	3563	3200	2162	2031	1611
306	7083	6322	5662	4996	4799	4071	3099	3600	3190	2193	2031	1583
307	7219	6186	5662	4981	4761	4059	3076	3521	3208	2193	2041	1608
308	7182	6225	5657	4939	4757	4201	3158	3633	3267	2171	2075	1615
309	7168	6301	5738	4953	4701	4098	3175	3613	3187	2228	2060	1593
310	7177	6357	5739	4974	4766	4092	3076	3603	3301	2165	2002	1596
311	7229	6345	5731	4951	4721	4117	3139	3597	3248	2156	2030	1647
312	7274	6425	5831	5083	4824	4160	3167	3692	3294	2203	2075	1629
313	7328	6415	5744	5145	4860	4191	3162	3648	3287	2202	2121	1635
314	7239	6323	5795	4972	4769	4077	3129	3654	3194	2145	2041	1644
315	7197	6380	5636	5026	4662	4105	3134	3591	3231	2176	2026	1594
316	7123	6400	5662	5089	4740	4163	3130	3605	3266	2145	2075	1605
317	7292	6359	5800	4957	4793	4103	3109	3610	3252	2154	2075	1598
318	7104	6380	5831	5050	4878	4083	3003	3588	3298	2156	2065	1611
319	7290	6379	5843	5024	4809	4157	3110	3610	3346	2216	2000	1592
320	7308	6405	5805	5017	4758	4093	3148	3635	3285	2159	2058	1622
321	7198	6435	5857	5110	4799	4141	3122	3643	3379	2205	1995	1618
322	7257	6452	5797	5093	4697	4099	3190	3697	3302	2150	1981	1596
323	7251	6400	5796	5088	4843	4182	3186	3740	3257	2156	2010	1630
324	7307	6437	5741	5055	4810	4091	3193	3721	3293	2178	2069	1627
325	7297	6447	5871	5136	4843	4154	3156	3628	3336	2190	2061	1600
326	7278	6441	5781	5080	4801	4177	3093	3714	3329	2143	2040	1638
327	7315	6489	5814	5053	4832	4142	3188	3717	3306	2173	2022	1605
328	7377	6450	5877	5180	4885	4120	3158	3685	3242	2181	2025	1596
329	7280	6569	5907	5129	4905	4139	3189	3700	3322	2163	2087	1618
330	7368	6496	5885	5051	4817	4152	3093	3699	3362	2183	2029	1609
331	7359	6473	5849	5199	4827	4139	3109	3720	3328	2159	2031	1597
332	7311	6535	5879	5092	4907	4136	3161	3712	3362	2211	2012	1608
333	7263	6566	5938	5123	4890	4203	3170	3736	3367	2183	2000	1604
334	7322	6614	5898	5093	4792	4220	3221	3768	3359	2175	2026	1620
335	7287	6561	5851	5212	4917	4199	3163	3787	3330	2150	2011	1580
336	7364	6602	5934	5206	4964	4207	3212	3764	3352	2196	2027	1584
337	7391	6579	5952	5200	4895	4199	3192	3805	3379	2195	2036	1610
338	7397	6537	5946	5178	4890	4290	3174	3861	3394	2192	2030	1631
339	7380	6535	5943	5175	4987	4270	3296	3931	3350	2235	2042	1588
340	7447	6510	6027	5241	5020	4235	3183	3895	3385	2214	2023	1599
341	7386	6524	5958	5167	4957	4210	3174	3893	3346	2218	2049	1600
342	7436	6640	5982	5215	4949	4285	3204	3897	3399	2180	1988	1625
343	7401	6551	5939	5197	4998	4237	3181	3797	3422	2171	2055	1616
344	7499	6542	5984	5183	4963	4293	3160	3894	3424	2180	2034	1603
345	7495	6650	6009	5248	5046	4220	3194	3864	3435	2223	2025	1622
346	7548	6614	5990	5212	5046	4258	3169	3929	3419	2220	2012	1610
347	7548	6665	6061	5270	5047	4295	3288	3904	3432	2204	1995	1592
348	7428	6596	6006	5183	5030	4175	3261	3841	3380	2204	2008	1589
349	7391	6680	6103	5266	5042	4296	3260	3862	3456	2227	2056	1608
350	7463	6634	6026	5258	5117	4298	3248	3888	3486	2250	2017	1615
351	7375	6614	6114	5268	5078	4282	3236	3915	3414	2233	2042	1578
352	7427	6583	5998	5267	5064	4324	3283	3867	3483	2256	2048	1540
353	7530	6647	6067	5239	5070	4331	3244	3938	3380	2308	2069	1623
354	7488	6723	6104	5243	5119	4331	3220	3929	3540	2305	2016	1612
355	7486	6753	5988	5264	5175	4385	3208	3991	3435	2240	1961	1585
356	7419	6739	6093	5254	5047	4303	3267	3925	3464	2269	2024	1625
357	7492	6655	6127	5295	5125	4402	3278	3978	3452	2286	2012	1612
358	7505	6639	6130	5314	5184	4355	3308	3957	3471	2248	2011	1617
359	7498	6700	6067	5231	5089	4342	3275	3887	3414	2288	2024	1597
360	7507	6736	6101	5283	5102	4366	3244	3946	3469	2272	2020	1579
361	7482	6687	6154	5253	5097	4293	3252	3991	3506	2328	1999	1607
362	7568	6693	6057	5305	5113	4350	3304	3964	3497	2299	2048	1633
363	7630	6750	6178	5324	5122	4401	3239	3950	3484	2262	2004	1649
364	7458	6780	6142	5223	5135	4312	3288	3974	3426	2217	2013	1602
365	7622	6675	6157	5279	5178	4359	3235	3977	3509	2273	2006	1561
366	7681	6801	6260	5407	5205	4442	3312	4036	3543	2333	2079	1597
367	7600	6716	6183	5352	5147	4313	3325	3913	3466	2228	2024	1609
368	7601	6765	6197	5280	5100	4300	3308	3979	3457	2291	1988	1618
369	7630	6760	6203	5314	5168	4391	3244	4017	3492	2263	1989	1612
370	7691	6951	6246	5443	5266	4379	3309	4022	3544	2327	2077	1640
371	7638	6877	6175	5328	5201	4361	3263	3946	3538	2241	2032	1643
372	7666	6765	6049	5377	5142	4403	3291	3984	3529	2276	2021	1596
373	7669	6834	6162	5419	5167	4408	3324	3942	3519	2249	1991	1594
374	7583	6940	6195	5379	5181	4410	3328	3945	3547	2221	2059	1630
375	7724	6874	6167	5361	5150	4360	3373	3962	3490	2224	2051	1593
376	7631	6795	6206	5326	5109	4394	3341	3986	3533	2276	2012	1607
377	7699	6714	6161	5318	5119	4471	3339	3990	3522	2246	2037	1616
378	7735	6813	6168	5430	5175	4345	3321	3938	3573	2205	2017	1568
379	7723	6783	6222	5407	5210	4269	3307	3976	3515	2282	2022	1613
380	7687	6835	6191	5422	5152	4420	3328	3967	3533	2260	2018	1616
381	7609	6893	6229	5417	5235	4357	3355	3970	3498	2252	2032	1602
382	7677	6829	6212	5464	5196	4337	3354	4034	3549	2215	2011	1595
383	7656	6824	6192	5434	5173	4454	3365	4028	3529	2235	2043	1608
384	7789	6894	6189	5420	5277	4450	3365	4046	3571	2199	2065	1610
385	7745	6905	6352	5430	5152	4440	3375	4000	3600	2248	2029	1644
386	7705	6913	6278	5414	5165	4512	3332	3963	3571	2268	1994	1627
387	7706	6963	6193	5428	5258	4416	3338	4047	3575	2223	2030	1609
388	7682	6858	6244	5426	5334	4485	3389	4103	3539	2249	2049	1624
389	7679	6864	6286	5452	5304	4454	3412	4076	3589	2209	2012	1613
390	7827	6936	6375	5561	5378	4535	3406	4125	3642	2264	2070	1627
391	7720	6890	6389	5438	5367	4471	3314	4045	3586	2201	2008	1600
392	7806	6910	6248	5472	5278	4472	3367	3965	3590	2160	2052	1624
393	7758	7001	6282	5428	5405	4524	3376	4016	3661	2199	2065	1623
394	7777	6964	6214	5418	5360	4451	3320	4010	3614	2210	2017	1591
395	7815	6966	6310	5494	5439	4441	3395	4041	3660	2204	2036	1653
396	7829	6887	6347	5510	5397	4505	3414	4027	3564	2161	2049	1644
397	7789	6901	6326	5443	5427	4497	3364	4008	3561	2171	2035	1603
398	7738	6938	6290	5474	5507	4491	3421	4004	3567	2219	2059	1633
399	7857	6922	6391	5458	5550	4483	3309	4049	3596	2196	2032	1622
400	7795	7027	6296	5466	5594	4548	3391	3992	3609	2231	2072	1645
401	7838	7022	6311	5529	5538	4441	3410	3964	3675	2195	2049	1573
402	7788	6971	6328	5500	5632	4475	3435	3986	3607	2207	2039	1628
403	7775	6960	6326	5485	5661	4445	3355	4097	3614	2209	2086	1650
404	7808	7018	6263	5538	5560	4395	3377	3978	3622	2211	2032	1607
405	7869	6948	6394	5487	5587	4428	3462	4045	3653	2218	2066	1636
406	7852	7020	6326	5509	5710	4396	3376	4023	3538	2162	2043	1651
407	7769	6978	6347	5492	5629	4414	3399	4009	3603	2198	2060	1654
408	7889	7066	6357	5586	5750	4451	3371	3984	3500	2203	2041	1620
409	7933	7037	6423	5529	5769	4431	3333	4040	3582	2207	2038	1645
410	7824	7121	6394	5532	5716	4484	3335	4029	3547	2175	2016	1622
411	7894	7121	6313	5528	5758	4464	3416	3993	3519	2140	2001	1618
412	7855	7156	6331	5592	5814	4482	3350	3961	3551	2212	2030	1627
413	7834	7061	6299	5528	5830	4468	3377	3978	3582	2240	2049	1598
414	7883	7051	6442	5561	5753	4496	3429	3984	3608	2166	1999	1628
415	8021	7194	6585	5628	5891	4590	3463	4104	3659	2251	2059	1659
416	7845	7169	6402	5580	5912	4420	3411	3959	3643	2220	2058	1629
417	7813	7069	6419	5661	5824	4477	3434	3975	3585	2164	2015	1642
418	8034	7320	6558	5672	5924	4580	3477	4088	3617	2254	2062	1661
419	7862	7155	6331	5538	5796	4451	3472	4062	3620	2187	2076	1612
420	7943	7086	6519	5641	5895	4453	3397	4037	3561	2176	2056	1634
421	7924	7153	6488	5624	5892	4464	3537	4039	3630	2190	2065	1617
422	7942	7184	6567	5612	5894	4422	3440	4048	3585	2153	2030	1621
423	7963	7214	6402	5700	5923	4491	3504	4127	3681	2250	2009	1639
424	7942	7144	6567	5629	5926	4518	3445	4096	3601	2191	1973	1602
425	8026	7158	6534	5652	5998	4493	3412	4044	3639	2214	2021	1612
426	8066	7376	6646	5720	6042	4623	3479	4090	3685	2253	2085	1639
427	8057	7261	6526	5636	5972	4462	3430	4143	3600	2181	2073	1613
428	7926	7260	6480	5647	5885	4509	3470	4076	3620	2238	2015	1646
429	7969	7271	6611	5650	5959	4441	3489	4135	3559	2256	2042	1664
430	8071	7208	6607	5568	5945	4522	3470	4086	3695	2245	2059	1605
431	8002	7217	6660	5671	5958	4505	3423	4090	3652	2196	2041	1608
432	8037	7221	6646	5683	5932	4542	3428	4045	3606	2164	2074	1639
433	8042	7222	6646	5626	5974	4582	3487	4116	3666	2242	2020	1583
434	8015	7352	6631	5638	6003	4526	3449	4112	3576	2193	2035	1596
435	8056	7314	6610	5599	6059	4564	3441	4055	3635	2195	2049	1607
436	8030	7288	6654	5681	6062	4501	3491	4102	3571	2202	2055	1625
437	8097	7424	6700	5764	6201	4722	3557	4155	3714	2303	2083	1647
438	8183	7276	6654	5721	5957	4529	3472	4125	3615	2181	2076	1615
439	8155	7366	6722	5660	5969	4522	3415	4069	3602	2155	2064	1590
440	8147	7289	6676	5740	5973	4465	3443	4115	3524	2202	2052	1581
441	8056	7303	6666	5720	6118	4532	3456	4100	3538	2198	2012	1640
442	8161	7365	6673	5687	5970	4529	3518	4073	3530	2255	2067	1633
443	8181	7325	6668	5724	6098	4529	3598	4081	3551	2223	2032	1617
444	8137	7459	6658	5689	6086	4548	3486	4128	3547	2211	1999	1555
445	8122	7409	6689	5752	6010	4566	3450	4093	3629	2239	2015	1601
446	8203	7299	6692	5634	6022	4602	3534	4119	3633	2241	2015	1626
447	8200	7302	6708	5728	6103	4597	3450	4094	3535	2256	2030	1643
448	8246	7381	6679	5750	6096	4562	3477	4200	3610	2156	2009	1644
449	8198	7336	6736	5716	6071	4603	3524	4117	3655	2205	2010	1614
450	8206	7319	6760	5714	6043	4515	3552	4099	3536	2223	2001	1582
451	8296	7341	6734	5726	6031	4527	3467	4058	3589	2218	2025	1591
452	8131	7403	6739	5705	6078	4530	3536	4137	3631	2235	2030	1569
453	8150	7469	6834	5780	6046	4609	3421	4029	3622	2233	2055	1619
454	8292	7456	6950	5819	6166	4631	3473	4229	3663	2270	2062	1633
455	8133	7406	6777	5733	6138	4605	3486	4118	3539	2188	2027	1600
456	8141	7438	6729	5745	6165	4562	3560	4113	3554	2171	2017	1609
457	8202	7408	6753	5773	6114	4609	3453	4107	3574	2261	2033	1629
458	8237	7348	6745	5702	6214	4631	3505	4120	3636	2251	2029	1624
459	8194	7471	6888	5825	6234	4635	3512	4083	3594	2237	2001	1620
460	8206	7459	6771	5788	6180	4500	3488	4098	3572	2207	2033	1629
461	8240	7494	6759	5833	6194	4595	3555	4157	3545	2253	2032	1578
462	8086	7508	6815	5780	6288	4604	3499	4083	3520	2243	2044	1607
463	8335	7526	6732	5867	6287	4645	3445	4098	3616	2209	2040	1610
464	8245	7481	6749	5798	6210	4570	3485	4036	3636	2211	2072	1638
465	8305	7476	6814	5800	6305	4615	3497	4073	3624	2213	2046	1615
466	8253	7506	6809	5784	6253	4532	3478	4063	3636	2208	2032	1628
467	8254	7470	6708	5821	6258	4661	3510	4069	3532	2246	2027	1594
468	8213	7464	6734	5767	6282	4733	3452	4078	3597	2221	2038	1608
469	8219	7566	6759	5792	6315	4684	3541	4098	3524	2217	2043	1606
470	8254	7666	6824	5817	6284	4739	3641	4104	3478	2241	2067	1654
471	8184	7609	6882	5881	6316	4711	3664	4135	3441	2188	2040	1612
472	8320	7733	6966	5968	6411	4676	3493	4217	3479	2252	2038	1671
473	8340	7560	6862	5920	6206	4614	3616	4119	3511	2196	2069	1575
474	8203	7568	6994	5835	6223	4626	3483	4120	3384	2252	2017	1620
475	8307	7571	6874	5900	6392	4666	3545	4213	3367	2226	2028	1644
476	8310	7583	6870	5826	6332	4674	3470	4065	3450	2242	1999	1600
477	8362	7659	6921	5925	6246	4584	3498	4106	3414	2244	2060	1644
478	8590	7727	6977	6018	6527	4713	3555	4151	3471	2280	2080	1681
479	8262	7613	6801	5892	6302	4662	3478	4067	3379	2231	2053	1629
480	8299	7690	6875	5893	6470	4752	3564	4053	3444	2244	2020	1614
481	8327	7611	6931	5884	6261	4595	3493	3990	3437	2179	2036	1654
482	8261	7756	6860	5968	6375	4719	3606	4061	3441	2267	2024	1582
483	8356	7608	6911	5952	6357	4614	3538	4099	3453	2208	2016	1672
484	8466	7882	7056	5991	6576	4782	3589	4204	3507	2308	2054	1666
485	8376	7714	6993	6032	6384	4693	3575	4146	3403	2259	2005	1656
486	8369	7684	7100	5998	6350	4655	3455	4010	3353	2247	2050	1619
487	8338	7735	6977	5928	6435	4666	3526	4034	3362	2278	2032	1640
488	8463	7668	6989	5856	6324	4770	3567	4111	3390	2252	2030	1590
489	8460	7782	6945	5992	6361	4758	3501	4048	3409	2287	2028	1584
490	8305	7741	6867	5939	6401	4710	3550	4132	3400	2239	1969	1643
491	8365	7720	6961	5993	6356	4728	3593	4113	3367	2266	2010	1615
492	8443	7753	7008	5941	6389	4696	3499	3982	3412	2275	2037	1599
493	8418	7668	6945	5944	6420	4768	3607	3948	3337	2233	2046	1609
494	8482	7700	7047	5991	6474	4664	3568	3951	3367	2277	2038	1619
495	8486	7766	7019	5965	6406	4768	3543	4007	3383	2212	2006	1607
496	8486	7794	7007	5961	6405	4769	3577	3996	3402	2236	1995	1655
497	8558	7797	7065	5965	6408	4742	3561	4000	3378	2293	2058	1612
498	8475	7816	6990	5994	6450	4777	3542	3961	3387	2285	2037	1581
499	8597	7808	7050	6014	6388	4879	3542	4014	3352	2299	2042	1576
500	8434	7771	7088	6003	6460	4854	3571	4054	3389	2313	2031	1599
501	8446	7777	7099	6007	6455	4911	3542	4053	3297	2302	2009	1548
502	8528	7863	7032	5940	6459	4873	3546	4080	3296	2254	1988	1592
503	8520	7817	6967	6073	6311	4896	3598	3995	3404	2303	2017	1567
504	8550	7735	7105	6051	6337	4831	3648	3955	3406	2277	2005	1657
505	8501	7747	7096	6093	6287	4746	3531	3989	3379	2266	2045	1607
506	8414	7857	6977	5955	6408	4802	3502	3998	3416	2311	2033	1595
507	8478	7776	7041	6126	6342	4798	3524	3975	3361	2331	2058	1592
508	8639	7849	7016	6073	6349	4780	3596	4078	3388	2285	1991	1650
509	8442	7877	7041	6013	6394	4826	3511	3976	3325	2299	2000	1579
510	8500	7802	7125	6015	6404	4767	3568	3999	3363	2353	2055	1609
511	8537	7854	7172	5970	6373	4807	3556	3935	3337	2322	2055	1595
512	8449	7861	7239	6031	6367	4759	3565	4008	3439	2347	2058	1613
513	8554	7830	7061	6074	6323	4858	3618	4007	3432	2395	1964	1609
514	8530	7972	7135	6006	6348	4833	3623	3940	3438	2367	1985	1596
515	8533	7958	7193	6082	6347	4829	3580	4000	3377	2323	2066	1612
516	8681	7908	7151	6073	6338	4769	3546	3949	3398	2332	2006	1612
517	8552	7990	7249	5979	6432	4762	3607	3964	3388	2293	2048	1605
518	8623	8065	7197	6061	6321	4689	3588	3908	3435	2337	2027	1621
519	8555	7856	7178	6059	6355	4789	3526	3911	3413	2370	2015	1620
520	8514	7944	7215	6051	6394	4845	3627	4022	3368	2324	2022	1595
521	8584	7968	7188	6115	6365	4772	3546	3995	3424	2305	2029	1564
522	8684	8036	7216	6193	6396	4811	3712	4036	3443	2381	2103	1613
523	8675	8023	7204	6127	6393	4847	3620	3986	3450	2330	2055	1566
524	8637	7993	7201	6097	6330	4851	3491	3928	3394	2323	2076	1595
525	8711	7954	7302	6045	6404	4786	3586	3912	3380	2326	2042	1595
526	8663	8028	7246	6119	6389	4741	3580	3880	3425	2289	2017	1599
527	8689	7991	7223	6131	6436	4828	3600	3951	3419	2249	2038	1581
528	8611	8037	7252	6134	6449	4836	3644	3940	3457	2290	1999	1575
529	8625	8024	7218	6159	6423	4881	3565	3919	3354	2257	2039	1574
530	8686	8031	7280	6131	6479	4909	3590	3964	3360	2307	2084	1590
531	8608	7971	7278	6201	6382	4908	3502	3901	3347	2318	2040	1598
532	8686	7968	7203	6190	6471	4825	3627	3912	3382	2219	2051	1593
533	8682	8013	7295	6086	6491	5021	3703	3887	3395	2259	2018	1573
534	8753	8121	7258	6174	6457	4862	3584	3857	3404	2268	2032	1598
535	8724	8164	7231	6127	6493	4956	3598	3930	3400	2255	2037	1609
536	8644	8133	7300	6145	6426	4945	3674	3967	3405	2261	2042	1582
537	8720	8073	7283	6140	6466	4846	3612	3986	3422	2295	2047	1595
538	8735	8176	7343	6080	6459	4939	3572	3926	3398	2227	2010	1626
539	8717	8093	7234	6184	6453	4921	3633	3873	3344	2258	2008	1565
540	8789	8188	7474	6330	6547	5009	3680	3949	3533	2294	2082	1611
541	8860	8266	7506	6276	6589	4921	3598	4099	3456	2277	2133	1645
542	8824	8250	7468	6222	6600	4951	3722	4126	3413	2287	2091	1628
543	8671	8091	7327	6241	6485	4906	3606	3915	3330	2261	2021	1569
544	8828	8357	7516	6209	6549	5033	3734	4102	3480	2269	2064	1628
545	8694	8083	7400	6166	6520	4899	3640	3895	3355	2201	2025	1604
546	8746	8225	7387	6151	6557	4892	3609	3961	3365	2222	2059	1583
547	8666	8153	7383	6247	6527	4856	3611	3933	3382	2253	2033	1571
548	8651	8095	7352	6185	6508	4875	3602	4012	3393	2240	2055	1619
549	8777	8102	7421	6203	6542	4860	3604	3933	3348	2268	2024	1597
550	8655	8128	7449	6182	6569	4857	3532	3975	3436	2208	2010	1595
551	8817	8240	7477	6163	6460	4866	3571	4010	3373	2229	2037	1571
552	8743	8157	7397	6142	6486	4908	3726	4042	3500	2251	2030	1580
553	8751	8306	7474	6228	6541	4867	3569	4026	3363	2278	2053	1580
554	8803	8365	7447	6266	6545	4954	3632	4018	3427	2240	2035	1583
555	8758	8196	7347	6237	6494	4879	3594	3998	3430	2199	2047	1599
556	8819	8225	7512	6271	6614	4878	3614	4011	3452	2228	2042	1601
557	8757	8335	7506	6226	6509	4886	3623	4035	3311	2258	2045	1618
558	9019	8379	7554	6282	6601	4996	3647	4124	3497	2276	2062	1606
559	8798	8242	7606	6126	6500	4809	3664	4040	3429	2182	2034	1585
560	8779	8324	7513	6178	6542	4937	3713	4036	3378	2239	2082	1564
561	8907	8351	7545	6286	6604	4950	3678	4011	3386	2207	2034	1566
562	8701	8222	7551	6162	6373	4877	3577	4062	3446	2161	2078	1561
563	8909	8250	7569	6243	6504	4963	3651	4055	3409	2204	2112	1618
564	8782	8310	7536	6177	6564	4889	3660	4180	3366	2208	2027	1566
565	8846	8276	7672	6288	6581	4990	3644	4071	3430	2252	2089	1564
566	8784	8238	7585	6231	6512	4946	3602	4075	3366	2245	1987	1615
567	8780	8292	7592	6229	6487	4869	3628	4140	3392	2174	2033	1572
568	9058	8435	7737	6323	6633	5070	3754	4194	3389	2276	2046	1599
569	8905	8372	7516	6243	6472	4953	3616	4128	3379	2251	2042	1598
570	8862	8449	7590	6218	6485	4929	3601	4202	3437	2222	2066	1583
571	8846	8345	7727	6175	6579	4927	3708	4135	3458	2207	2039	1565
572	8880	8299	7591	6220	6497	4902	3652	4171	3453	2282	2084	1598
573	8852	8425	7663	6273	6580	4806	3667	4129	3359	2198	2064	1600
574	8895	8287	7616	6229	6594	4941	3629	4193	3459	2270	2063	1570
575	8958	8394	7656	6330	6583	4941	3716	4169	3450	2216	2031	1594
576	8866	8331	7668	6247	6585	4905	3644	4206	3499	2167	2061	1562
577	8996	8509	7699	6198	6614	4861	3660	4102	3404	2244	2042	1568
578	8875	8380	7652	6325	6596	4849	3662	4139	3439	2259	2077	1556
579	8993	8435	7803	6345	6648	5003	3708	4215	3551	2270	2110	1632
580	8895	8367	7567	6198	6588	4960	3626	4153	3427	2210	2060	1598
581	8964	8515	7657	6316	6591	4989	3730	4157	3349	2210	2024	1568
582	9096	8534	7816	6321	6619	5052	3742	4204	3445	2213	2122	1601
583	8910	8529	7647	6426	6591	4907	3636	4124	3415	2257	2035	1575
584	8902	8419	7602	6267	6555	5056	3670	4098	3381	2225	2047	1542
585	8965	8336	7640	6238	6680	4953	3691	4126	3439	2238	2026	1581
586	8931	8516	7722	6327	6547	5014	3635	4138	3431	2215	2032	1592
587	8953	8497	7658	6318	6664	4972	3688	4128	3387	2243	2098	1570
588	9006	8393	7701	6295	6605	4905	3645	4140	3422	2219	2077	1552
589	9056	8611	7692	6328	6678	4948	3677	4094	3417	2238	2043	1525
590	9040	8488	7776	6356	6708	4990	3632	4077	3369	2210	2046	1563
591	9048	8745	7847	6424	6661	5060	3757	4231	3444	2271	2108	1600
592	9060	8520	7790	6362	6687	4971	3636	4104	3370	2243	1997	1605
593	9180	8671	7878	6406	6706	5165	3854	4163	3424	2240	2080	1621
594	9120	8557	7801	6384	6690	5045	3667	4077	3372	2192	2043	1517
595	8949	8517	7842	6329	6616	4908	3660	4070	3365	2177	2053	1566
596	9044	8456	7742	6342	6571	4957	3621	4047	3427	2211	2033	1586
597	9104	8536	7769	6377	6624	4974	3597	4105	3431	2261	2016	1582
598	8974	8569	7833	6349	6603	4988	3639	4116	3420	2212	2063	1586
599	9062	8619	7780	6346	6637	4985	3624	4066	3403	2204	2054	1614
600	9059	8752	7817	6307	6662	5017	3602	4123	3336	2235	2034	1613
601	9148	8697	7992	6479	6740	5087	3800	4225	3466	2211	2126	1635
602	9088	8657	7839	6236	6669	4998	3661	4166	3336	2245	2049	1609
603	9062	8571	7839	6318	6598	5046	3731	4087	3375	2227	2017	1581
604	9087	8621	7902	6355	6686	4951	3627	4052	3496	2226	2069	1586
605	9167	8772	7907	6502	6757	5086	3711	4195	3445	2245	2089	1606
606	9000	8683	7908	6318	6580	5017	3663	4120	3354	2240	2060	1587
607	9015	8588	7813	6391	6706	4988	3673	4205	3343	2254	2069	1614
608	9133	8699	7840	6351	6680	5082	3718	4026	3328	2222	2056	1552
609	9289	8879	8106	6555	6791	5108	3857	4133	3434	2290	2081	1651
610	9109	8757	7971	6406	6730	5049	3627	4097	3357	2265	2055	1595
611	9097	8719	7854	6334	6681	5077	3846	4131	3355	2233	2066	1610
612	9257	8857	8011	6420	6822	5163	3816	4102	3452	2279	2074	1605
613	9016	8756	8004	6497	6672	5096	3681	4071	3427	2245	2080	1548
614	9028	8688	7939	6429	6680	5023	3726	4110	3447	2191	2013	1598
615	9045	8749	7933	6451	6693	5013	3779	4129	3366	2246	2072	1554
616	9167	8691	7888	6397	6759	5016	3692	4093	3418	2296	2059	1592
617	9216	8677	7858	6385	6755	4986	3689	4122	3430	2207	2122	1596
618	9056	8725	7960	6380	6719	4938	3664	4113	3409	2228	2041	1600
619	9232	8915	8185	6473	6801	5073	3768	4166	3421	2302	2127	1648
620	9111	8770	7934	6398	6787	4979	3802	4134	3369	2218	2077	1594
621	9124	8698	7885	6481	6704	4917	3655	4118	3412	2236	2049	1570
622	9074	8719	7996	6424	6713	4931	3759	4064	3450	2155	2124	1585
623	9129	8829	8021	6466	6751	5044	3680	4090	3488	2198	2094	1609
624	9099	8846	7996	6354	6787	5041	3708	4059	3431	2228	2087	1621
625	9147	8782	8141	6462	6711	5026	3739	4068	3402	2255	2027	1571
626	9103	8796	8008	6489	6714	5051	3748	4063	3391	2221	2080	1583
627	9406	8949	8237	6541	6900	5133	3845	4102	3505	2279	2102	1620
628	9274	8705	8090	6495	6631	4983	3693	4032	3384	2261	2070	1588
629	9172	8806	7985	6453	6787	5062	3653	3959	3439	2262	2039	1600
630	9089	8824	7963	6462	6753	5034	3615	4102	3469	2264	2093	1634
631	9202	8755	7963	6409	6834	4944	3680	3996	3418	2281	2061	1611
632	9067	8767	8122	6453	6727	5062	3634	3938	3415	2231	2110	1590
633	9194	8858	8094	6406	6745	5038	3655	4019	3340	2236	2087	1595
634	9389	8995	8257	6556	6820	5381	3712	4073	3483	2281	2118	1599
635	9190	8734	8079	6472	6880	5053	3705	3973	3520	2288	2094	1618
636	9243	8837	8136	6470	6748	5185	3701	4058	3398	2231	2050	1544
637	9127	8862	8148	6471	6752	5130	3672	3950	3454	2256	2107	1606
638	9194	8908	7983	6445	6830	5148	3641	4035	3449	2223	2121	1567
639	9152	8919	8082	6511	6789	5155	3787	4036	3452	2229	2089	1615
640	9249	8833	8141	6525	6728	5003	3593	3978	3479	2261	2083	1598
641	9164	8984	8210	6457	6762	5083	3748	4059	3423	2234	2061	1627
642	9172	8836	8165	6528	6731	5124	3756	4015	3423	2223	2092	1618
643	9304	8928	8156	6492	6699	5017	3759	4088	3347	2231	2093	1577
644	9251	8911	8202	6516	6765	5006	3763	3993	3426	2255	2088	1627
645	9220	8988	8152	6447	6771	5105	3717	4026	3368	2271	2029	1612
646	9329	8912	8327	6451	6824	5117	3738	4036	3433	2269	2050	1633
647	9335	9038	8161	6537	6816	5070	3783	4119	3502	2287	2067	1645
648	9175	9056	8263	6565	6862	5168	3631	4093	3341	2267	2041	1631
649	9274	9027	8214	6544	6838	5077	3762	4062	3398	2244	2047	1615
650	9318	8975	8240	6452	6880	5105	3763	4077	3440	2279	2126	1635
651	9311	9143	8351	6500	6818	5209	3723	4069	3359	2253	2069	1630
652	9343	9063	8344	6500	6721	5061	3765	4041	3388	2230	2056	1637
653	9342	8975	8346	6559	6852	5129	3670	4015	3382	2342	2079	1612
654	9246	8977	8236	6603	6774	5113	3686	4138	3476	2252	2086	1598
655	9434	8945	8271	6536	6790	5096	3707	4059	3411	2300	2073	1624
656	9340	9038	8289	6487	6843	5109	3807	4094	3414	2259	2056	1633
657	9416	9058	8275	6545	6788	5136	3668	4062	3416	2278	2101	1590
658	9369	9126	8324	6489	6865	5177	3765	4130	3430	2292	2050	1580
659	9494	9055	8304	6548	6777	5113	3733	4089	3442	2263	2036	1566
660	9358	9074	8381	6567	6869	5175	3733	4032	3390	2279	2096	1609
661	9417	9139	8336	6520	6775	5078	3808	4174	3401	2305	2013	1639
662	9352	9134	8290	6544	6864	5209	3702	4168	3355	2267	2053	1650
663	9401	9151	8316	6554	6824	5127	3719	4132	3398	2301	2054	1615
664	9512	8959	8313	6632	6794	5091	3664	4187	3409	2314	2063	1632
665	9418	9081	8433	6575	6795	5084	3774	4203	3441	2292	2054	1633
666	9333	9182	8384	6602	6814	5098	3673	4144	3437	2284	2051	1615
667	9436	9159	8354	6585	6835	5206	3821	4188	3387	2330	2060	1619
668	9443	9080	8376	6494	6918	5153	3713	4176	3379	2260	2112	1670
669	9403	9038	8456	6554	6939	5210	3666	4068	3429	2303	2080	1630
670	9413	9095	8446	6566	6819	5211	3748	4120	3380	2331	2076	1597
671	9467	9181	8504	6592	6926	5084	3720	4198	3407	2311	2130	1614
672	9409	9167	8486	6604	6930	5125	3730	4207	3446	2300	2078	1643
673	9575	9407	8497	6725	6974	5298	3894	4307	3426	2411	2110	1673
674	9377	9282	8395	6514	6857	5140	3683	4178	3440	2241	2083	1635
675	9478	9232	8397	6653	6854	5157	3698	4221	3360	2264	2088	1674
676	9539	9131	8495	6567	6871	5136	3683	4165	3369	2307	2096	1669
677	9467	9175	8467	6619	6978	5115	3809	4277	3381	2281	2066	1707
678	9534	9278	8497	6576	6833	5044	3738	4277	3428	2267	2080	1639
679	9475	9142	8498	6633	6818	5133	3724	4306	3436	2354	2060	1623
680	9467	9111	8520	6609	6834	5110	3780	4277	3384	2301	2038	1663
681	9539	9216	8517	6660	7026	5055	3676	4231	3379	2280	2080	1676
682	9482	9170	8549	6659	6974	5044	3824	4298	3428	2232	2079	1691
683	9509	9317	8493	6651	6978	5207	3785	4270	3423	2311	2097	1650
684	9548	9218	8628	6691	6976	5159	3817	4202	3438	2346	2059	1663
685	9529	9292	8531	6772	7028	5190	3695	4242	3378	2311	2089	1660
686	9533	9257	8564	6661	6925	5148	3718	4289	3339	2320	2102	1632
687	9463	9228	8515	6650	7007	5145	3718	4208	3347	2288	2051	1693
688	9499	9306	8640	6658	7020	5143	3831	4242	3390	2320	2014	1677
689	9509	9257	8592	6718	6903	5175	3794	4207	3415	2287	2094	1682
690	9529	9269	8493	6602	6916	5158	3640	4226	3436	2362	2052	1681
691	9598	9301	8605	6663	7036	5126	3773	4168	3415	2330	2073	1660
692	9500	9333	8626	6790	6941	5115	3759	4135	3424	2324	2134	1696
693	9543	9303	8706	6663	6916	5240	3722	4236	3457	2344	2096	1671
694	9624	9375	8733	6670	7128	5160	3786	4282	3445	2281	2067	1658
695	9470	9288	8591	6715	7083	5183	3757	4116	3385	2333	2083	1655
696	9551	9458	8684	6660	6997	5329	3819	4171	3386	2354	2111	1657
697	9587	9291	8715	6762	7011	5169	3756	4214	3403	2269	2064	1622
698	9526	9327	8657	6606	7014	5192	3738	4205	3422	2295	2068	1639
699	9618	9405	8610	6694	7000	5268	3856	4234	3475	2314	2060	1645
700	9543	9374	8663	6721	7009	5204	3712	4217	3426	2338	2078	1633
701	9783	9555	8863	6834	7143	5322	3850	4244	3481	2353	2171	1671
702	9621	9380	8655	6635	7057	5153	3662	4207	3384	2299	2091	1639
703	9515	9365	8685	6682	7105	5232	3727	4229	3416	2337	2066	1645
704	9540	9302	8590	6717	7002	5198	3745	4194	3418	2330	2097	1610
705	9610	9409	8739	6682	7095	5224	3733	4163	3443	2389	2094	1624
706	9565	9396	8630	6763	7028	5204	3746	4179	3445	2339	2085	1584
707	9670	9273	8704	6670	7018	5168	3687	4138	3414	2303	2067	1645
708	9654	9445	8643	6651	7007	5082	3723	4077	3442	2348	2068	1666
709	9684	9450	8721	6734	6981	5148	3728	4183	3385	2311	2103	1631
710	9601	9315	8610	6679	6926	5103	3836	4181	3353	2355	2041	1602
711	9613	9462	8656	6627	6997	5209	3689	4195	3421	2318	2099	1641
712	9669	9461	8834	6737	7042	5211	3740	4165	3401	2338	2154	1602
713	9576	9361	8745	6736	6988	5155	3782	4087	3425	2387	2052	1633
714	9666	9491	8801	6747	6997	5072	3739	4199	3505	2358	2079	1599
715	9780	9711	8922	6843	7203	5184	3847	4239	3466	2448	2085	1667
716	9639	9417	8715	6679	7003	5225	3820	4131	3476	2421	2042	1646
717	9599	9498	8879	6726	6978	5199	3724	4139	3454	2324	2052	1652
718	9718	9348	8783	6744	6939	5184	3675	4028	3510	2370	2115	1639
719	9683	9531	8858	6823	7023	5132	3737	3999	3445	2349	2063	1620
720	9647	9334	8798	6842	6999	5197	3703	4087	3418	2340	2105	1615
721	9815	9594	8916	6926	7148	5251	3764	4154	3500	2428	2128	1635
722	9613	9411	8714	6773	6940	5121	3753	4023	3448	2362	2038	1619
723	9625	9465	8796	6805	7074	5226	3833	4100	3446	2332	2099	1611
724	9736	9507	8940	6703	7026	5179	3726	3983	3437	2333	2094	1648
725	9717	9451	8875	6721	7044	5293	3711	4030	3350	2298	2099	1634
726	9745	9509	8865	6782	7038	5169	3834	4067	3428	2358	2072	1598
727	9702	9609	8913	6811	7011	5230	3817	4032	3416	2338	2117	1605
728	9722	9464	8877	6728	6987	5249	3731	4034	3441	2319	2096	1624
729	9697	9542	8863	6823	7080	5256	3758	3978	3431	2328	2129	1677
730	9643	9513	8753	6737	7052	5160	3724	4112	3412	2327	2085	1626
731	9592	9583	8846	6875	7066	5342	3710	4106	3460	2320	2073	1659
732	9835	9588	8839	6713	7152	5172	3747	4041	3391	2323	2081	1614
733	9691	9521	8819	6814	6993	5265	3721	4162	3471	2319	2065	1610
734	9704	9494	8824	6722	7073	5166	3727	4027	3398	2323	2055	1595
735	9795	9597	8921	6837	7084	5284	3724	3995	3458	2323	2098	1568
736	9738	9555	8943	6827	7123	5230	3723	4108	3472	2304	2104	1595
737	9760	9511	8972	6869	7099	5242	3729	4160	3535	2290	2061	1622
738	9816	9502	8891	6837	7127	5282	3706	4037	3448	2318	2095	1577
739	9786	9541	8875	6824	7049	5318	3812	4156	3420	2290	2081	1618
740	9794	9530	9050	6849	7106	5359	3758	4145	3452	2332	2111	1615
741	9864	9606	9010	6811	7205	5390	3763	4122	3394	2281	2090	1599
742	9815	9660	8987	6778	7089	5200	3752	4238	3449	2279	2096	1620
743	9899	9620	8891	6896	7076	5210	3731	4156	3448	2279	2096	1602
744	9816	9616	8978	6891	7142	5328	3816	4264	3382	2357	2065	1641
745	9794	9506	8927	6823	7065	5204	3652	4264	3415	2297	2062	1614
746	9790	9653	9044	6823	7085	5372	3751	4174	3382	2312	2079	1658
747	9816	9601	9045	6822	7140	5222	3783	4211	3391	2357	2077	1653
748	9779	9524	8993	6856	7076	5260	3750	4204	3469	2350	2080	1645
749	9759	9563	9087	6809	7115	5294	3718	4237	3425	2308	2111	1651
750	9889	9532	9067	6890	7177	5290	3765	4262	3409	2336	2131	1679
751	9747	9540	8989	6810	7058	5251	3749	4271	3428	2305	2136	1639
752	9845	9663	9055	6793	7096	5207	3735	4213	3417	2316	2104	1597
753	9837	9621	8994	6842	7086	5228	3686	4271	3385	2319	2097	1623
754	9835	9604	8983	6872	7127	5145	3754	4241	3390	2333	2107	1604
755	9810	9681	9025	6872	7158	5210	3800	4215	3411	2303	2094	1688
756	9888	9628	9067	6848	7142	5161	3771	4189	3396	2281	2072	1588
757	9962	9823	9133	6878	7205	5290	3797	4118	3537	2387	2152	1642
758	9846	9641	9018	6909	7088	5252	3674	4030	3456	2296	2066	1611
759	9760	9751	9173	6837	7116	5161	3691	4006	3419	2243	2083	1634
760	9866	9676	9014	6815	7119	5248	3780	4018	3421	2288	2127	1598
761	9797	9679	9037	6809	7144	5232	3763	4036	3434	2299	2129	1622
762	9899	9673	9139	6824	7118	5310	3819	4059	3377	2331	2065	1625
763	9911	9724	9056	6852	7094	5273	3767	4096	3410	2296	2076	1636
764	9951	9757	9169	6802	7195	5251	3774	4227	3374	2336	2112	1600
765	9893	9681	9159	6937	7126	5269	3769	4190	3476	2282	2067	1620
766	9920	9611	9193	6864	7034	5241	3708	4211	3402	2341	2083	1619
767	9765	9846	9101	6844	7066	5359	3810	4207	3416	2275	2077	1650
768	9940	9606	9054	6894	7030	5229	3775	4101	3459	2288	2045	1591
769	9859	9709	9172	6919	7031	5296	3767	4184	3438	2330	2085	1594
770	10056	9910	9312	6968	7179	5459	3832	4189	3487	2322	2129	1673
771	9934	9663	9025	6908	6975	5248	3751	4134	3391	2275	2077	1603
772	9877	9821	9132	6918	7109	5385	3783	4232	3360	2279	2114	1625
773	9958	9788	9085	6941	7088	5360	3857	4173	3387	2287	2061	1625
774	10061	10033	9295	6986	7302	5516	3885	4275	3392	2359	2128	1709
775	9945	9681	9183	6874	7042	5236	3747	4320	3425	2275	2131	1650
776	9844	9811	9114	6887	7112	5364	3731	4179	3397	2326	2085	1607
777	9943	9742	9191	6947	7063	5256	3772	4269	3434	2298	2093	1656
778	9983	9646	9156	6795	7049	5299	3810	4179	3358	2225	2066	1647
779	10134	9851	9321	7055	7169	5430	3862	4215	3513	2279	2161	1676
780	9899	9765	9191	6966	6994	5279	3710	4228	3500	2276	2119	1598
781	9922	9887	9090	6914	7077	5393	3770	4243	3421	2290	2106	1657
782	10012	9821	9169	6936	7075	5358	3779	4268	3413	2292	2065	1625
783	10050	9865	9207	6877	7170	5383	3790	4186	3362	2317	2094	1661
784	9872	9872	9164	6954	7114	5306	3802	4174	3443	2257	2054	1647
785	9992	9781	9126	6916	7081	5354	3720	4234	3456	2325	2108	1631
786	10051	9803	9183	6912	7081	5271	3695	4152	3385	2303	2071	1607
787	9949	9711	9185	6974	7050	5203	3766	4207	3386	2304	2094	1693
788	10067	9852	9185	6971	7114	5344	3734	4311	3359	2290	2112	1618
789	10073	9763	9249	6918	7226	5247	3806	4307	3350	2302	2062	1626
790	10057	9908	9023	6900	7098	5201	3693	4253	3377	2259	2077	1643
791	9992	9734	9362	6934	7190	5227	3865	4306	3413	2290	2090	1671
792	10011	9854	9243	6964	7147	5240	3726	4297	3378	2249	2087	1624
793	10011	9806	9196	6816	7106	5265	3781	4272	3407	2266	2070	1623
794	9985	9939	9181	6955	7123	5397	3686	4301	3440	2292	2079	1639
795	10219	10006	9381	7114	7210	5372	3829	4273	3436	2324	2154	1676
796	10000	9937	9242	7009	7045	5253	3777	4170	3400	2318	2138	1653
797	10025	9933	9210	6910	7064	5231	3755	4286	3451	2301	2018	1621
798	9973	9863	9223	6890	7070	5234	3645	4136	3350	2277	2046	1667
799	10055	9762	9285	7044	7169	5223	3683	4152	3400	2333	2116	1653
800	10062	9919	9312	6989	7080	5330	3688	4187	3386	2308	2088	1637
801	10124	9897	9244	7015	7076	5330	3738	4239	3439	2329	2027	1623
802	10248	10257	9429	7099	7218	5308	3912	4245	3498	2370	2126	1648
803	10099	9918	9262	7000	7218	5373	3780	4230	3435	2336	2125	1633
804	10159	10046	9477	7135	7303	5449	3812	4215	3435	2293	2138	1713
805	10049	9950	9338	7009	7160	5338	3821	4260	3463	2272	2107	1629
806	10101	9817	9291	7011	7123	5387	3719	4180	3363	2318	2068	1611
807	10142	9911	9277	7103	7205	5401	3834	4296	3369	2322	2104	1655
808	9954	9899	9341	7022	7176	5354	3769	4243	3429	2300	2131	1633
809	10044	9832	9392	7015	7188	5338	3702	4180	3375	2331	2066	1687
810	10080	10054	9355	6952	7176	5302	3761	4014	3387	2315	2129	1585
811	10248	9953	9388	7062	7192	5316	3797	4157	3370	2325	2102	1609
812	10040	9923	9355	7059	7260	5391	3729	4165	3411	2323	2078	1596
813	10143	10013	9226	6979	7113	5415	3742	3972	3387	2312	2017	1615
814	10079	10003	9401	7001	7157	5410	3752	4040	3318	2268	2085	1642
815	10140	9860	9341	6984	7170	5353	3717	4032	3381	2286	2086	1658
816	10163	9880	9356	7110	7178	5473	3719	4053	3431	2295	2133	1603
817	10282	10012	9332	7060	7159	5322	3690	3988	3431	2323	2111	1662
818	10153	9891	9351	7050	7171	5275	3725	3990	3404	2277	2076	1593
819	10184	10012	9441	7117	7185	5339	3780	4023	3406	2302	2103	1630
820	10420	10134	9536	7172	7440	5567	3809	4150	3473	2394	2133	1655
821	10119	9915	9455	7012	7194	5353	3832	4064	3403	2284	2128	1647
822	10257	10142	9395	7131	7199	5377	3798	4118	3444	2327	2074	1613
823	10214	10125	9358	7062	7155	5324	3707	4116	3385	2310	2053	1619
824	10227	9806	9434	7069	7187	5321	3691	4266	3423	2258	2122	1612
825	10163	9932	9408	6982	7140	5321	3760	4363	3418	2296	2157	1612
826	10391	10230	9585	7177	7370	5330	3802	4332	3455	2365	2142	1625
827	10114	10172	9426	7123	7261	5314	3738	4236	3405	2289	2113	1630
828	10360	10224	9500	7297	7302	5338	3829	4260	3454	2357	2137	1698
829	10152	10104	9404	7123	7179	5301	3779	4195	3439	2241	2096	1545
830	10399	10308	9666	7182	7427	5424	3813	4318	3488	2329	2164	1631
831	10505	10279	9600	7222	7488	5396	3712	4262	3488	2331	2148	1680
832	10207	10183	9397	7070	7244	5294	3728	4140	3458	2292	2019	1611
833	10295	10044	9550	7132	7201	5269	3717	4181	3414	2334	2102	1609
834	10368	10341	9615	7210	7299	5436	3871	4283	3452	2371	2120	1642
835	10288	10267	9473	7080	7282	5342	3737	4264	3433	2295	2094	1646
836	10213	10163	9502	7121	7276	5397	3725	4196	3420	2308	2157	1616
837	10280	10190	9587	7099	7235	5301	3782	4194	3424	2317	2104	1580
838	10308	10039	9470	7165	7193	5245	3719	4116	3450	2316	2091	1610
839	10234	10150	9649	7080	7209	5310	3795	4016	3387	2301	2062	1613
840	10192	10184	9362	7170	7227	5356	3708	3948	3465	2291	2104	1642
841	10499	10338	9630	7276	7346	5455	3860	4065	3465	2357	2139	1652
842	10290	10000	9460	7072	7322	5381	3684	3938	3417	2306	2081	1593
843	10274	10115	9533	7119	7296	5349	3759	3889	3464	2304	2121	1659
844	10297	10177	9535	7094	7274	5415	3765	3913	3416	2285	2070	1628
845	10402	10191	9590	7052	7208	5383	3798	3998	3406	2321	2100	1600
846	10233	10281	9542	7179	7265	5533	3755	4085	3363	2342	2124	1647
847	10222	10126	9576	7019	7336	5348	3794	3891	3391	2324	2119	1647
848	10179	10104	9522	7086	7332	5418	3693	3937	3403	2274	2110	1616
849	10187	10279	9598	7086	7197	5424	3654	3934	3398	2315	2112	1619
850	10230	10159	9478	7025	7271	5330	3778	4021	3473	2320	2089	1643
851	10390	10077	9416	7130	7195	5325	3778	3982	3361	2298	2129	1662
852	10225	10040	9572	7047	7241	5318	3761	3971	3379	2327	2068	1600
853	10292	10152	9543	7180	7323	5449	3756	3952	3418	2324	2081	1639
854	10190	10203	9547	7185	7256	5341	3801	3864	3449	2357	2156	1571
855	10179	10069	9603	7153	7275	5296	3667	3889	3368	2294	2126	1565
856	10160	10242	9637	7153	7387	5320	3889	3830	3442	2297	2142	1657
857	10144	10359	9591	7266	7251	5346	3721	3969	3410	2301	2058	1573
858	10298	10231	9562	7146	7383	5362	3749	3896	3440	2301	2086	1636
859	10245	10303	9647	7191	7314	5326	3796	4055	3391	2317	2111	1648
860	10280	10317	9552	7169	7278	5360	3674	4062	3451	2325	2065	1590
861	10321	10239	9597	7213	7302	5302	3767	4023	3418	2257	2133	1609
862	10149	10321	9722	7236	7382	5340	3748	4092	3396	2305	2068	1599
863	10309	10318	9632	7260	7454	5352	3732	4109	3404	2343	2090	1596
864	10241	10443	9701	7239	7469	5414	3801	4104	3470	2307	2173	1608
865	10315	10323	9632	7090	7365	5362	3692	3916	3423	2260	2110	1605
866	10367	10251	9573	7187	7391	5342	3741	4118	3413	2332	2059	1652
867	10300	10253	9738	7128	7416	5355	3679	3899	3413	2256	2082	1591
868	10311	10325	9746	7289	7475	5497	3834	4099	3522	2357	2119	1650
869	10357	10294	9724	7200	7335	5436	3862	4057	3379	2335	2113	1606
870	10251	10359	9712	7113	7418	5294	3710	3978	3468	2313	2122	1627
871	10320	10280	9591	7163	7310	5388	3844	4058	3412	2312	2113	1605
872	10389	10262	9659	7135	7385	5391	3875	4071	3425	2307	2141	1614
873	10324	10206	9725	7206	7386	5364	3801	3980	3443	2331	2135	1590
874	10291	10306	9735	7172	7441	5438	3792	4154	3482	2327	2124	1627
875	10479	10446	9662	7180	7408	5540	3763	3963	3425	2307	2104	1612
876	10274	10314	9587	7202	7428	5513	3770	3976	3411	2354	2091	1613
877	10529	10550	9845	7309	7593	5627	3663	3951	3485	2359	2163	1662
878	10318	10376	9629	7242	7433	5465	3774	3787	3412	2298	2115	1597
879	10423	10354	9666	7261	7448	5408	3795	3932	3492	2311	2110	1618
880	10407	10305	9715	7296	7468	5344	3731	3992	3418	2327	2143	1656
881	10447	10231	9673	7154	7398	5336	3725	4015	3453	2337	2119	1607
882	10424	10330	9692	7219	7344	5493	3809	4009	3417	2324	2123	1597
883	10411	10266	9603	7245	7482	5370	3746	3925	3442	2342	2110	1620
884	10503	10361	9646	7245	7455	5450	3770	3984	3429	2335	2147	1648
885	10325	10252	9678	7188	7400	5360	3811	4003	3435	2307	2120	1619
886	10298	10402	9716	7243	7307	5399	3751	4019	3483	2326	2087	1604
887	10400	10394	9809	7224	7356	5471	3753	3905	3409	2313	2140	1598
888	10240	10383	9659	7193	7409	5501	3741	3915	3416	2309	2137	1570
889	10380	10419	9784	7161	7255	5451	3786	4091	3396	2308	2051	1606
890	10462	10276	9771	7167	7441	5498	3819	3963	3415	2344	2140	1671
891	10399	10419	9629	7357	7345	5448	3685	3993	3436	2306	2075	1633
892	10449	10453	9700	7306	7429	5461	3751	3819	3455	2336	2082	1635
893	10441	10269	9805	7290	7331	5397	3838	3863	3428	2311	2115	1622
894	10528	10459	9806	7360	7415	5463	3717	3942	3432	2368	2127	1618
895	10337	10288	9677	7317	7432	5447	3825	3916	3460	2316	2136	1672
896	10348	10416	9685	7200	7407	5330	3818	3928	3427	2284	2156	1627
897	10467	10426	9733	7241	7386	5430	3706	3863	3452	2327	2112	1593
898	10538	10665	9950	7356	7517	5485	3828	3940	3503	2308	2138	1663
899	10518	10492	9871	7274	7477	5306	3888	3952	3412	2333	2087	1596
900	10473	10428	9661	7206	7389	5434	3667	3924	3446	2307	2115	1615
901	10443	10341	9713	7284	7441	5436	3735	4082	3404	2302	2083	1637
902	10598	10684	10000	7334	7567	5426	3820	4058	3496	2378	2186	1675
903	10492	10561	9825	7148	7592	5382	3738	3958	3410	2315	2146	1569
904	10470	10428	9713	7201	7363	5405	3739	4035	3459	2282	2143	1644
905	10495	10461	9693	7234	7493	5362	3736	3980	3468	2334	2139	1588
906	10451	10397	9782	7232	7433	5442	3797	3914	3432	2278	2102	1584
907	10404	10367	9879	7209	7508	5472	3796	3935	3471	2372	2119	1586
908	10507	10433	9793	7280	7427	5380	3743	3941	3467	2326	2098	1617
909	10419	10474	9958	7280	7469	5416	3846	4002	3479	2368	2124	1616
910	10452	10506	9708	7282	7468	5422	3795	3949	3477	2352	2107	1628
911	10393	10581	9846	7282	7416	5453	3816	3847	3390	2398	2083	1621
912	10501	10545	9823	7279	7502	5491	3742	4090	3360	2323	2158	1601
913	10320	10602	9747	7255	7480	5507	3809	3930	3398	2345	2125	1618
914	10494	10583	9695	7258	7520	5537	3747	3960	3457	2325	2103	1590
915	10476	10514	9765	7216	7441	5415	3710	3966	3521	2295	2067	1639
916	10445	10356	9901	7243	7323	5471	3759	3951	3444	2341	2120	1578
917	10490	10493	9849	7175	7491	5504	3885	4016	3444	2308	2127	1668
918	10395	10558	9893	7148	7519	5481	3797	3990	3420	2307	2052	1633
919	10466	10647	9868	7188	7500	5305	3837	3994	3410	2355	2124	1631
920	10549	10376	9764	7240	7485	5423	3738	3853	3388	2335	2133	1599
921	10437	10564	9939	7360	7554	5419	3679	3864	3443	2327	2134	1632
922	10486	10422	9817	7188	7375	5360	3754	3898	3474	2354	2099	1638
923	10643	10496	9821	7183	7511	5436	3750	3972	3466	2308	2127	1606
924	10499	10468	9843	7204	7506	5519	3794	3923	3424	2330	2124	1629
925	10557	10533	9884	7168	7573	5504	3759	3930	3357	2283	2141	1674
926	10505	10660	9810	7146	7542	5513	3796	3896	3413	2333	2116	1600
927	10532	10574	9876	7259	7586	5454	3769	3979	3434	2320	2121	1616
928	10557	10561	9933	7159	7573	5388	3854	3958	3434	2325	2089	1629
929	10572	10616	9857	7307	7445	5356	3755	3903	3369	2307	2116	1657
930	10495	10600	9903	7291	7483	5425	3747	3907	3442	2355	2113	1622
931	10598	10634	9886	7287	7547	5475	3786	3988	3454	2305	2145	1637
932	10568	10436	9819	7252	7641	5431	3732	3878	3437	2327	2070	1625
933	10412	10664	10009	7264	7468	5416	3778	3982	3463	2341	2159	1655
934	10497	10641	9901	7233	7434	5372	3705	4071	3375	2286	2082	1606
935	10515	10579	9920	7234	7517	5401	3681	3977	3424	2338	2105	1623
936	10688	10760	10193	7392	7729	5583	3749	3942	3463	2363	2143	1606
937	10625	10732	10027	7368	7470	5333	3776	3861	3457	2366	2161	1581
938	10632	10773	9959	7386	7532	5416	3790	3899	3440	2296	2119	1651
939	10645	10621	10014	7275	7635	5466	3824	4019	3382	2348	2133	1599
940	10515	10583	10046	7293	7503	5443	3851	4013	3410	2329	2114	1620
941	10643	10609	10044	7362	7556	5321	3865	3973	3418	2340	2191	1643
942	10663	10686	10114	7309	7623	5420	3827	4088	3410	2318	2114	1630
943	10685	10670	10111	7374	7591	5453	3925	3933	3394	2342	2061	1629
944	10547	10516	10043	7297	7605	5489	3728	3839	3451	2297	2090	1629
945	10792	10763	10099	7437	7749	5570	3885	3965	3456	2334	2157	1658
946	10699	10877	10219	7405	7624	5583	3821	4010	3427	2356	2142	1658
947	10757	10761	10025	7336	7520	5386	3767	3974	3448	2316	2100	1678
948	10605	10719	10003	7329	7574	5466	3821	3949	3409	2346	2072	1623
949	10642	10817	10003	7297	7625	5395	3890	3906	3396	2364	2078	1610
950	10684	10599	10043	7297	7542	5380	3723	3908	3418	2335	2120	1601
951	10631	10826	10044	7373	7489	5426	3599	3918	3423	2263	2117	1643
952	10606	10678	9918	7385	7446	5383	3804	3958	3359	2339	2082	1629
953	10642	10749	10054	7268	7382	5458	3655	3988	3414	2355	2079	1636
954	10687	10818	9972	7419	7474	5491	3653	3990	3360	2322	2098	1608
955	10842	10854	10201	7429	7655	5570	3797	3902	3445	2355	2187	1675
956	10646	10768	10131	7281	7489	5404	3795	3926	3419	2300	2175	1624
957	10859	10943	10148	7469	7601	5497	3844	4023	3498	2339	2136	1614
958	10703	10703	10071	7284	7509	5333	3796	3952	3435	2298	2111	1644
959	10847	10733	10121	7477	7653	5518	3866	3981	3469	2344	2149	1687
960	10959	10886	10218	7491	7696	5442	3774	3893	3446	2378	2153	1671
961	10669	10756	10032	7312	7499	5379	3743	3957	3457	2297	2157	1607
962	10689	10624	10027	7212	7473	5402	3693	4038	3399	2346	2136	1613
963	10688	10784	9976	7422	7546	5269	3704	3976	3335	2259	2139	1629
964	10696	10733	10156	7328	7555	5454	3871	3939	3438	2307	2114	1628
965	10742	10740	10126	7480	7647	5534	3843	3938	3492	2327	2118	1619
966	10606	10624	10033	7326	7527	5422	3721	3885	3411	2373	2105	1663
967	10713	10651	10045	7232	7493	5444	3763	3841	3442	2355	2113	1623
968	10947	10914	10274	7486	7715	5628	4005	3909	3517	2399	2151	1672
969	11009	10802	10253	7428	7731	5576	3855	4087	3426	2368	2124	1635
970	10687	10770	10031	7315	7564	5534	3692	4002	3399	2356	2147	1641
971	10708	10855	10040	7360	7518	5414	3615	3951	3431	2351	2108	1652
972	10721	10770	10084	7333	7584	5482	3810	3948	3477	2301	2084	1622
973	10722	10771	10020	7288	7529	5395	3726	3879	3448	2358	2130	1624
974	10736	10846	10026	7386	7366	5445	3806	3996	3441	2368	2079	1616
975	10836	10790	10031	7393	7500	5553	3785	3880	3422	2355	2127	1591
976	10793	10812	10052	7301	7525	5554	3864	3906	3432	2311	2066	1593
977	10926	11150	10251	7425	7762	5547	3739	3953	3500	2357	2141	1657
978	10831	10877	10182	7339	7628	5430	3692	3887	3425	2279	2111	1626
979	10750	10878	10105	7413	7503	5517	3623	3817	3450	2315	2117	1655
980	10777	10794	10103	7327	7562	5554	3796	3909	3389	2370	2104	1639
981	10885	10756	10043	7311	7403	5509	3696	3930	3470	2347	2121	1628
982	10787	10807	10038	7348	7454	5427	3769	3925	3473	2381	2090	1604
983	10877	10825	10072	7366	7462	5512	3768	3875	3439	2317	2124	1596
984	10905	11031	10274	7529	7646	5603	3796	3971	3483	2336	2186	1653
985	10903	10847	10141	7339	7557	5607	3891	4012	3402	2326	2086	1615
986	11120	10979	10310	7417	7582	5692	3786	4019	3488	2337	2183	1630
987	11010	11042	10256	7469	7679	5714	3961	4160	3440	2412	2177	1633
988	10930	11068	10438	7442	7797	5680	3839	3954	3496	2447	2141	1648
989	10961	10693	10150	7465	7529	5461	3817	3911	3405	2276	2143	1666
990	10817	10803	10195	7338	7567	5397	3821	4019	3456	2345	2154	1639
991	10821	10780	10105	7403	7459	5442	3725	3899	3456	2301	2111	1651
992	10801	10886	10183	7380	7556	5405	3686	3876	3414	2314	2069	1627
993	10836	10871	10184	7335	7549	5482	3805	3918	3454	2353	2098	1664
994	10933	10835	10075	7306	7555	5498	3762	3947	3385	2339	2097	1662
995	10746	10767	10016	7311	7462	5474	3743	3955	3405	2346	2096	1631
996	10900	10816	10109	7337	7407	5332	3723	3839	3357	2369	2071	1631
997	10895	10939	10189	7295	7546	5475	3791	3930	3445	2297	2107	1605
998	11136	11180	10311	7423	7690	5648	3961	3979	3496	2376	2179	1645
999	10948	10959	10090	7260	7523	5547	3819	4098	3404	2379	2136	1597
